12,1,2,5,1,INSTRUCT,instruct1,47916
12,1,2,5,1,INSTRUCT,instructCatExample,1281
12,1,2,5,1,INSTRUCT,instructCatColor,753
12,1,2,5,1,INSTRUCT,instructCatStripe,1090
12,1,2,5,1,INSTRUCT,instructDemoIntro,1147
12,1,2,5,1,INSTRUCT,instructDemo,2765
12,1,2,5,1,INSTRUCT,instructTest,3588
12,1,2,5,1,INSTRUCT,instructTest2,1978
12,1,2,5,1,INSTRUCT,instructDimColor,1451
12,1,2,5,1,INSTRUCT,instructDimBorder,842
12,1,2,5,1,INSTRUCT,instructDimDots,401
12,1,2,5,1,INSTRUCT,instructDimStripe,948
12,1,2,5,1,INSTRUCT,instructDimAll,933
12,1,2,5,1,INSTRUCT,instructFinal,522666
12,1,2,5,1,0,0,TRAINING,4,3,0,3,51742603,1093ab28,16015
12,1,2,5,1,0,1,TRAINING,1,0,0,1,51746203,1093ba28,16644
12,1,2,5,1,0,2,TRAINING,3,8,1,5,51746302,1093b82a,6967
12,1,2,5,1,0,3,TRAINING,0,2,0,6,61745302,b093182a,3404
12,1,2,5,1,0,4,TRAINING,5,1,1,4,64715302,b390182a,1986
12,1,2,5,1,0,5,TRAINING,0,2,0,6,64315702,b380192a,2628
12,1,2,5,1,0,6,TRAINING,7,9,1,5,64135702,b308192a,1985
12,1,2,5,1,0,7,TRAINING,2,10,1,7,14635702,03b8192a,1863
12,1,2,5,1,0,8,TRAINING,7,9,1,5,14365702,038b192a,1738
12,1,2,5,1,0,9,TRAINING,3,8,1,2,14305762,038219ba,12774
12,1,2,5,1,0,10,TRAINING,4,3,0,1,14365702,038b192a,6025
12,1,2,5,1,0,11,TRAINING,5,1,1,4,14305762,038219ba,1883
12,1,2,5,1,0,12,TRAINING,1,0,0,0,14375062,038912ba,2302
12,1,2,5,1,0,13,TRAINING,6,11,0,1,16375042,0b89123a,1589
12,1,2,5,1,0,14,TRAINING,6,11,0,1,16275043,0ba91238,2830
12,1,2,5,1,0,15,TRAINING,2,10,1,2,06275143,2ba91038,16465
12,1,2,5,1,0,16,TEST,3,8,1,1,true,870
12,1,2,5,1,0,17,TEST,1,0,0,1,false,555
12,1,2,5,1,0,18,TEST,2,10,1,1,true,456
12,1,2,5,1,0,19,TEST,5,1,1,1,true,455
12,1,2,5,1,0,20,TEST,4,3,0,1,false,455
12,1,2,5,1,0,21,TEST,6,11,0,1,false,400
12,1,2,5,1,0,22,TEST,7,9,1,1,true,410
12,1,2,5,1,0,23,TEST,0,2,0,1,false,433
12,1,2,5,1,1,24,TRAINING,0,2,0,5,37245016,89a3120b,73148
12,1,2,5,1,1,25,TRAINING,6,11,0,7,37254016,89a1320b,6069
12,1,2,5,1,1,26,TRAINING,3,8,1,4,47253016,39a1820b,8105
12,1,2,5,1,1,27,TRAINING,5,1,1,3,42753016,3a91820b,11245
12,1,2,5,1,1,28,TRAINING,5,1,1,3,47253016,39a1820b,5194
12,1,2,5,1,1,29,TRAINING,4,3,0,0,47250316,39a1280b,7013
12,1,2,5,1,1,30,TRAINING,7,9,1,2,42750316,3a91280b,8094
12,1,2,5,1,1,31,TRAINING,3,8,1,4,42753016,3a91820b,8704
12,1,2,5,1,1,32,TRAINING,0,2,0,5,46753012,3b91820a,14122
12,1,2,5,1,1,33,TRAINING,6,11,0,1,56743012,1b93820a,13842
12,1,2,5,1,1,34,TRAINING,1,0,0,6,76543012,9b13820a,8636
12,1,2,5,1,1,35,TRAINING,2,10,1,7,06543712,2b13890a,8624
12,1,2,5,1,1,36,TRAINING,4,3,0,3,60543712,b213890a,10975
12,1,2,5,1,1,37,TRAINING,2,10,1,7,50643712,12b3890a,11829
12,1,2,5,1,1,38,TRAINING,1,0,0,6,56043712,1b23890a,10019
12,1,2,5,1,1,39,TRAINING,7,9,1,3,56073412,1b29830a,5630
12,1,2,5,1,1,40,TEST,7,9,1,1,true,7675
12,1,2,5,1,1,41,TEST,5,1,1,1,true,10750
12,1,2,5,1,1,42,TEST,1,0,0,0,true,6316
12,1,2,5,1,1,43,TEST,3,8,1,1,true,4381
12,1,2,5,1,1,44,TEST,2,10,1,1,true,6013
12,1,2,5,1,1,45,TEST,4,3,0,0,true,5450
12,1,2,5,1,1,46,TEST,6,11,0,0,true,6306
12,1,2,5,1,1,47,TEST,0,2,0,0,true,7565
12,1,2,5,1,2,48,TRAINING,6,11,0,2,07653421,29b183a0,1902
12,1,2,5,1,2,49,TRAINING,3,8,1,4,05673421,21b983a0,1678
12,1,2,5,1,2,50,TRAINING,6,11,0,2,05643721,21b389a0,1670
12,1,2,5,1,2,51,TRAINING,7,9,1,5,15643720,01b389a2,1569
12,1,2,5,1,2,52,TRAINING,3,8,1,4,51643720,10b389a2,7295
12,1,2,5,1,2,53,TRAINING,5,1,1,0,51243760,10a389b2,6699
12,1,2,5,1,2,54,TRAINING,4,3,0,3,51743260,10938ab2,4371
12,1,2,5,1,2,55,TRAINING,2,10,1,2,51243760,10a389b2,6576
12,1,2,5,1,2,56,TRAINING,0,2,0,7,51246730,10a3b982,1445
12,1,2,5,1,2,57,TRAINING,1,0,0,0,15246730,01a3b982,1805
12,1,2,5,1,2,58,TRAINING,5,1,1,3,14256730,03a1b982,1772
12,1,2,5,1,2,59,TRAINING,2,10,1,6,14356720,0381b9a2,1491
12,1,2,5,1,2,60,TRAINING,7,9,1,4,14357620,03819ba2,1649
12,1,2,5,1,2,61,TRAINING,1,0,0,7,04357621,23819ba0,1638
12,1,2,5,1,2,62,TRAINING,0,2,0,0,04657321,23b198a0,1635
12,1,2,5,1,2,63,TRAINING,4,3,0,1,04567321,231b98a0,1468
12,1,2,5,1,2,64,TEST,3,8,1,1,true,3570
12,1,2,5,1,2,65,TEST,4,3,0,0,true,3356
12,1,2,5,1,2,66,TEST,2,10,1,1,true,4179
12,1,2,5,1,2,67,TEST,7,9,1,1,true,3785
12,1,2,5,1,2,68,TEST,1,0,0,0,true,3864
12,1,2,5,1,2,69,TEST,5,1,1,1,true,3336
12,1,2,5,1,2,70,TEST,0,2,0,0,true,3178
12,1,2,5,1,2,71,TEST,6,11,0,0,true,3583
12,1,2,5,1,INSTRUCT,postquestionnaire,1

strategy:yes
physicalaids:yes