9,1,1,5,2,INSTRUCT,instruct1,54341
9,1,1,5,2,INSTRUCT,instructCatExample,1287
9,1,1,5,2,INSTRUCT,instructCatColor,786
9,1,1,5,2,INSTRUCT,instructCatStripe,1022
9,1,1,5,2,INSTRUCT,instructDemoIntro,956
9,1,1,5,2,INSTRUCT,instructDemo,2743
9,1,1,5,2,INSTRUCT,instructTest,988
9,1,1,5,2,INSTRUCT,instructTest2,978
9,1,1,5,2,INSTRUCT,instructDimColor,876
9,1,1,5,2,INSTRUCT,instructDimBorder,899
9,1,1,5,2,INSTRUCT,instructDimDots,516
9,1,1,5,2,INSTRUCT,instructDimStripe,472
9,1,1,5,2,INSTRUCT,instructDimAll,864
9,1,1,5,2,INSTRUCT,instructFinal,1146
9,1,1,5,2,0,0,TRAINING,5,11,1,0,57623041,b310289a,1791
9,1,1,5,2,0,1,TRAINING,6,1,1,4,57326041,b320189a,3370
9,1,1,5,2,0,2,TRAINING,0,8,0,5,51326047,ba201893,8207
9,1,1,5,2,0,3,TRAINING,1,10,1,1,51726043,ba301892,1457
9,1,1,5,2,0,4,TRAINING,7,3,0,4,51627043,ba103892,1244
9,1,1,5,2,0,5,TRAINING,2,0,1,6,51647023,ba193802,1288
9,1,1,5,2,0,6,TRAINING,5,11,1,0,51467023,ba913802,1424
9,1,1,5,2,0,7,TRAINING,1,10,1,1,51460723,ba918302,1357
9,1,1,5,2,0,8,TRAINING,7,3,0,5,51406723,ba981302,1434
9,1,1,5,2,0,9,TRAINING,6,1,1,4,51406732,ba981320,1423
9,1,1,5,2,0,10,TRAINING,3,2,0,6,51046732,ba891320,1424
9,1,1,5,2,0,11,TRAINING,0,8,0,2,57046132,b3891a20,1423
9,1,1,5,2,0,12,TRAINING,4,9,0,3,67045132,1389ba20,1839
9,1,1,5,2,0,13,TRAINING,4,9,0,3,67045123,1389ba02,1447
9,1,1,5,2,0,14,TRAINING,2,0,1,6,17045623,a389b102,1378
9,1,1,5,2,0,15,TRAINING,3,2,0,7,10745623,a839b102,1431
9,1,1,5,2,0,16,TEST,5,11,1,1,true,3599
9,1,1,5,2,0,17,TEST,2,0,1,1,true,2288
9,1,1,5,2,0,18,TEST,1,10,1,1,true,1445
9,1,1,5,2,0,19,TEST,4,9,0,0,true,1783
9,1,1,5,2,0,20,TEST,7,3,0,0,true,1142
9,1,1,5,2,0,21,TEST,3,2,0,0,true,1119
9,1,1,5,2,0,22,TEST,0,8,0,0,true,1084
9,1,1,5,2,0,23,TEST,6,1,1,1,true,1547
9,1,1,5,2,1,24,TRAINING,6,1,1,6,25370461,0b23891a,1017
9,1,1,5,2,1,25,TRAINING,3,2,0,2,25370164,0b238a19,1423
9,1,1,5,2,1,26,TRAINING,1,10,1,5,52370164,b0238a19,1479
9,1,1,5,2,1,27,TRAINING,4,9,0,7,57320164,b3208a19,1468
9,1,1,5,2,1,28,TRAINING,7,3,0,1,57360124,b3218a09,1423
9,1,1,5,2,1,29,TRAINING,1,10,1,5,57320164,b3208a19,1423
9,1,1,5,2,1,30,TRAINING,2,0,1,2,57230164,b3028a19,1355
9,1,1,5,2,1,31,TRAINING,2,0,1,2,50237164,b8023a19,1435
9,1,1,5,2,1,32,TRAINING,4,9,0,7,50273164,b8032a19,1458
9,1,1,5,2,1,33,TRAINING,3,2,0,3,50237164,b8023a19,1435
9,1,1,5,2,1,34,TRAINING,5,11,1,0,51237064,ba023819,1411
9,1,1,5,2,1,35,TRAINING,0,8,0,5,57231064,b302a819,1468
9,1,1,5,2,1,36,TRAINING,7,3,0,3,53271064,b203a819,1501
9,1,1,5,2,1,37,TRAINING,6,1,1,6,35271064,2b03a819,1772
9,1,1,5,2,1,38,TRAINING,5,11,1,1,35071264,2b83a019,1536
9,1,1,5,2,1,39,TRAINING,0,8,0,2,75031264,3b82a019,1342
9,1,1,5,2,1,40,TEST,1,10,1,1,true,3296
9,1,1,5,2,1,41,TEST,6,1,1,1,true,1681
9,1,1,5,2,1,42,TEST,4,9,0,0,true,1062
9,1,1,5,2,1,43,TEST,5,11,1,1,true,1862
9,1,1,5,2,1,44,TEST,7,3,0,0,true,2458
9,1,1,5,2,1,45,TEST,3,2,0,0,true,679
9,1,1,5,2,1,46,TEST,0,8,0,0,true,1412
9,1,1,5,2,1,47,TEST,2,0,1,1,true,1345
9,1,1,5,2,INSTRUCT,postquestionnaire,1

strategy:yes
physicalaids:yep!