4,0,3,10,12,INSTRUCT,instruct1,2580
4,0,3,10,12,INSTRUCT,instructCatExample,5225
4,0,3,10,12,INSTRUCT,instructCatColor,3253
4,0,3,10,12,INSTRUCT,instructCatStripe,9391
4,0,3,10,12,INSTRUCT,instructDemoIntro,21085
4,0,3,10,12,INSTRUCT,instructDemo,13343
4,0,3,10,12,INSTRUCT,instructTest,48003
4,0,3,10,12,INSTRUCT,instructTest2,25129
4,0,3,10,12,INSTRUCT,instructDimColor,6935
4,0,3,10,12,INSTRUCT,instructDimBorder,4417
4,0,3,10,12,INSTRUCT,instructDimDots,2797
4,0,3,10,12,INSTRUCT,instructDimStripe,1400
4,0,3,10,12,INSTRUCT,instructDimAll,1976
4,0,3,10,12,INSTRUCT,instructFinal,23301
4,0,3,10,12,1,1,TRAINING,1,14,1,0,15407263,e64c7d5f,2049
4,0,3,10,12,1,2,TRAINING,1,14,1,0,15467203,e6457dcf,155387
4,0,3,10,12,1,3,TRAINING,5,6,0,3,16457203,e5467dcf,19369
4,0,3,10,12,1,4,TRAINING,7,7,0,4,10457263,ec467d5f,12597
4,0,3,10,12,1,5,TRAINING,0,12,1,1,10257463,ecd6745f,14644
4,0,3,10,12,1,6,TRAINING,4,4,1,5,10257436,ecd674f5,15568
4,0,3,10,12,1,7,TRAINING,6,5,0,6,10257463,ecd6745f,15336
4,0,3,10,12,1,8,TRAINING,3,15,0,7,12057463,edc6745f,12049
4,0,3,10,12,1,9,TRAINING,2,13,1,1,52017463,6dce745f,9643
4,0,3,10,12,1,10,TRAINING,3,15,0,7,62017453,5dce746f,29378
4,0,3,10,12,1,11,TRAINING,1,14,1,2,62107453,5dec746f,1467
4,0,3,10,12,1,12,TRAINING,4,4,1,5,52107463,6dec745f,1426
4,0,3,10,12,1,13,TRAINING,1,14,1,2,52167403,6de574cf,1403
4,0,3,10,12,1,14,TRAINING,6,5,0,6,52107463,6dec745f,1121
4,0,3,10,12,1,15,TRAINING,2,13,1,1,52103467,6decf457,969
4,0,3,10,12,1,16,TRAINING,1,14,1,2,32105467,fdec6457,1257
4,0,3,10,12,1,17,TEST,1,14,1,1,true,2459
4,0,3,10,12,1,18,TEST,4,4,1,0,false,1530
4,0,3,10,12,1,19,TEST,0,12,1,1,true,916
4,0,3,10,12,1,20,TEST,7,7,0,0,true,1987
4,0,3,10,12,1,21,TEST,5,6,0,1,false,755
4,0,3,10,12,1,22,TEST,2,13,1,0,false,1091
4,0,3,10,12,1,23,TEST,3,15,0,1,false,514
4,0,3,10,12,1,24,TEST,6,5,0,0,true,489
4,0,3,10,12,2,25,TRAINING,4,4,1,4,75364120,76f54edc,102232
4,0,3,10,12,2,26,TRAINING,5,6,0,3,76354120,75f64edc,1216
4,0,3,10,12,2,27,TRAINING,6,5,0,1,76054123,75c64edf,922
4,0,3,10,12,2,28,TRAINING,7,7,0,0,76354120,75f64edc,930
4,0,3,10,12,2,29,TRAINING,0,12,1,7,76314520,75fe46dc,1995
4,0,3,10,12,2,30,TRAINING,3,15,0,2,76324510,75fd46ec,952
4,0,3,10,12,2,31,TRAINING,7,7,0,4,46327510,45fd76ec,2282
4,0,3,10,12,2,32,TRAINING,5,6,0,6,46327150,45fd7e6c,1346
4,0,3,10,12,2,33,TRAINING,6,5,0,1,16327450,e5fd746c,1085
4,0,3,10,12,2,34,TRAINING,4,4,1,5,16320457,e5fdc467,1002
4,0,3,10,12,2,35,TRAINING,3,15,0,0,36120457,f5edc467,993
4,0,3,10,12,2,36,TRAINING,0,12,1,4,31620457,fe5dc467,970
4,0,3,10,12,2,37,TRAINING,1,14,1,1,31670452,fe57c46d,1001
4,0,3,10,12,2,38,TRAINING,2,13,1,7,31650472,fe56c47d,1283
4,0,3,10,12,2,39,TRAINING,4,4,1,6,31650742,fe56c74d,970
4,0,3,10,12,2,40,TRAINING,6,5,0,2,30651742,fc56e74d,1122
4,0,3,10,12,2,41,TEST,1,14,1,1,true,3934
4,0,3,10,12,2,42,TEST,0,12,1,1,true,912
4,0,3,10,12,2,43,TEST,2,13,1,1,true,1466
4,0,3,10,12,2,44,TEST,7,7,0,0,true,2594
4,0,3,10,12,2,45,TEST,4,4,1,1,true,3561
4,0,3,10,12,2,46,TEST,3,15,0,0,true,372
4,0,3,10,12,2,47,TEST,6,5,0,0,true,258
4,0,3,10,12,2,48,TEST,5,6,0,0,true,379
4,0,3,10,12,3,49,TRAINING,2,13,1,0,24610735,d45ec7f6,63107
4,0,3,10,12,3,50,TRAINING,0,12,1,4,24630715,d45fc7e6,945
4,0,3,10,12,3,51,TRAINING,3,15,0,3,24130765,d4efc756,1004
4,0,3,10,12,3,52,TRAINING,3,15,0,3,42130765,4defc756,1572
4,0,3,10,12,3,53,TRAINING,4,4,1,0,42031765,4dcfe756,2194
4,0,3,10,12,3,54,TRAINING,7,7,0,5,42035761,4dcf675e,1026
4,0,3,10,12,3,55,TRAINING,6,5,0,6,41035762,4ecf675d,930
4,0,3,10,12,3,56,TRAINING,5,6,0,4,40135762,4cef675d,1089
4,0,3,10,12,3,57,TRAINING,4,4,1,5,70135462,7cef645d,1090
4,0,3,10,12,3,58,TRAINING,3,15,0,3,70635412,7c5f64ed,1369
4,0,3,10,12,3,59,TRAINING,4,4,1,5,60735412,5c7f64ed,1002
4,0,3,10,12,3,60,TRAINING,2,13,1,7,67035412,57cf64ed,1137
4,0,3,10,12,3,61,TRAINING,1,14,1,1,61035472,5ecf647d,1407
4,0,3,10,12,3,62,TRAINING,0,12,1,3,61305472,5efc647d,1073
4,0,3,10,12,3,63,TRAINING,3,15,0,2,61307452,5efc746d,1361
4,0,3,10,12,3,64,TRAINING,6,5,0,0,61305472,5efc647d,961
4,0,3,10,12,3,65,TEST,6,5,0,0,true,2485
4,0,3,10,12,3,66,TEST,4,4,1,1,true,594
4,0,3,10,12,3,67,TEST,7,7,0,0,true,617
4,0,3,10,12,3,68,TEST,5,6,0,0,true,2794
4,0,3,10,12,3,69,TEST,3,15,0,0,true,2746
4,0,3,10,12,3,70,TEST,0,12,1,1,true,1122
4,0,3,10,12,3,71,TEST,1,14,1,1,true,544
4,0,3,10,12,3,72,TEST,2,13,1,1,true,955
4,0,3,10,12,INSTRUCT,postquestionnaire,1

strategy:TRIAL 1
physicalaids:TRIAL 1