7,1,3,23,3,INSTRUCT,instruct1,1456
7,1,3,23,3,INSTRUCT,instructCatExample,1680
7,1,3,23,3,INSTRUCT,instructCatColor,1649
7,1,3,23,3,INSTRUCT,instructCatStripe,1157
7,1,3,23,3,INSTRUCT,instructDemoIntro,2447
7,1,3,23,3,INSTRUCT,instructDemo,27450
7,1,3,23,3,INSTRUCT,instructTest,1680
7,1,3,23,3,INSTRUCT,instructTest2,1335
7,1,3,23,3,INSTRUCT,instructDimColor,1134
7,1,3,23,3,INSTRUCT,instructDimBorder,1063
7,1,3,23,3,INSTRUCT,instructDimDots,623
7,1,3,23,3,INSTRUCT,instructDimStripe,1456
7,1,3,23,3,INSTRUCT,instructDimAll,758
7,1,3,23,3,INSTRUCT,instructFinal,6486
7,1,3,23,3,1,1,TRAINING,5,6,0,1,35172640,06241573,79276
7,1,3,23,3,1,2,TRAINING,2,1,1,4,35472610,06741523,15729
7,1,3,23,3,1,3,TRAINING,7,4,0,3,05472613,36741520,18876
7,1,3,23,3,1,4,TRAINING,4,7,1,2,06472513,35741620,6154
7,1,3,23,3,1,5,TRAINING,6,5,0,4,02476513,31745620,13187
7,1,3,23,3,1,6,TRAINING,1,2,1,6,72406513,41735620,11955
7,1,3,23,3,1,7,TRAINING,0,3,1,7,72436510,41705623,9787
7,1,3,23,3,1,8,TRAINING,5,6,0,4,72435610,41706523,13943
7,1,3,23,3,1,9,TRAINING,6,5,0,5,72345610,41076523,5419
7,1,3,23,3,1,10,TRAINING,3,0,0,2,70345612,43076521,70478
7,1,3,23,3,1,11,TRAINING,0,3,1,1,70341652,43072561,2041
7,1,3,23,3,1,12,TRAINING,1,2,1,4,70361452,43052761,1963
7,1,3,23,3,1,13,TRAINING,7,4,0,0,70321456,43012765,5663
7,1,3,23,3,1,14,TRAINING,4,7,1,5,70231456,43102765,5475
7,1,3,23,3,1,15,TRAINING,3,0,0,3,76231450,45102763,1585
7,1,3,23,3,1,16,TRAINING,2,1,1,0,26731450,15402763,1666
7,1,3,23,3,1,17,TEST,3,0,0,0,true,1165
7,1,3,23,3,1,18,TEST,0,3,1,0,false,1154
7,1,3,23,3,1,19,TEST,5,6,0,1,false,1042
7,1,3,23,3,1,20,TEST,1,2,1,1,true,1545
7,1,3,23,3,1,21,TEST,2,1,1,1,true,2449
7,1,3,23,3,1,22,TEST,7,4,0,0,true,2003
7,1,3,23,3,1,23,TEST,4,7,1,1,true,969
7,1,3,23,3,1,24,TEST,6,5,0,0,true,809
7,1,3,23,3,2,25,TRAINING,1,2,1,1,31764502,02457631,94342
7,1,3,23,3,2,26,TRAINING,3,0,0,0,31704562,02437651,1777
7,1,3,23,3,2,27,TRAINING,6,5,0,4,31706542,02435671,1745
7,1,3,23,3,2,28,TRAINING,0,3,1,3,31406572,02735641,5955
7,1,3,23,3,2,29,TRAINING,6,5,0,4,31406527,02735614,1929
7,1,3,23,3,2,30,TRAINING,5,6,0,5,31406572,02735641,1586
7,1,3,23,3,2,31,TRAINING,2,1,1,7,31046572,02375641,2216
7,1,3,23,3,2,32,TRAINING,0,3,1,2,41036572,72305641,2210
7,1,3,23,3,2,33,TRAINING,7,4,0,6,41035672,72306541,2002
7,1,3,23,3,2,34,TRAINING,1,2,1,1,41065372,72356041,3027
7,1,3,23,3,2,35,TRAINING,4,7,1,0,41035672,72306541,3301
7,1,3,23,3,2,36,TRAINING,5,6,0,6,41037652,72304561,6887
7,1,3,23,3,2,37,TRAINING,3,0,0,3,42037651,71304562,2242
7,1,3,23,3,2,38,TRAINING,7,4,0,4,12037654,21304567,2962
7,1,3,23,3,2,39,TRAINING,4,7,1,1,14037652,27304561,1674
7,1,3,23,3,2,40,TRAINING,2,1,1,2,14237650,27104563,3290
7,1,3,23,3,2,41,TEST,0,3,1,1,true,1309
7,1,3,23,3,2,42,TEST,7,4,0,0,true,5298
7,1,3,23,3,2,43,TEST,1,2,1,1,true,955
7,1,3,23,3,2,44,TEST,6,5,0,0,true,3226
7,1,3,23,3,2,45,TEST,2,1,1,1,true,3049
7,1,3,23,3,2,46,TEST,3,0,0,1,false,986
7,1,3,23,3,2,47,TEST,4,7,1,1,true,3657
7,1,3,23,3,2,48,TEST,5,6,0,0,true,1250
7,1,3,23,3,3,49,TRAINING,7,4,0,2,14756203,27465130,82219
7,1,3,23,3,3,50,TRAINING,6,5,0,3,14765203,27456130,2522
7,1,3,23,3,3,51,TRAINING,1,2,1,7,34765201,07456132,2419
7,1,3,23,3,3,52,TRAINING,7,4,0,2,35764201,06457132,1733
7,1,3,23,3,3,53,TRAINING,4,7,1,3,35746201,06475132,2177
7,1,3,23,3,3,54,TRAINING,5,6,0,1,35741206,06472135,2737
7,1,3,23,3,3,55,TRAINING,2,1,1,5,05741236,36472105,7231
7,1,3,23,3,3,56,TRAINING,0,3,1,0,05731246,36402175,3250
7,1,3,23,3,3,57,TRAINING,2,1,1,5,05736241,36405172,1849
7,1,3,23,3,3,58,TRAINING,3,0,0,3,01736245,32405176,5879
7,1,3,23,3,3,59,TRAINING,6,5,0,4,04736215,37405126,3729
7,1,3,23,3,3,60,TRAINING,4,7,1,5,02736415,31405726,2298
7,1,3,23,3,3,61,TRAINING,0,3,1,0,07236415,34105726,6492
7,1,3,23,3,3,62,TRAINING,1,2,1,6,05236417,36105724,2642
7,1,3,23,3,3,63,TRAINING,5,6,0,1,05236714,36105427,1674
7,1,3,23,3,3,64,TRAINING,3,0,0,3,05237614,36104527,2881
7,1,3,23,3,3,65,TEST,2,1,1,1,true,2028
7,1,3,23,3,3,66,TEST,0,3,1,1,true,522
7,1,3,23,3,3,67,TEST,7,4,0,0,true,2530
7,1,3,23,3,3,68,TEST,1,2,1,1,true,1043
7,1,3,23,3,3,69,TEST,4,7,1,1,true,664
7,1,3,23,3,3,70,TEST,6,5,0,0,true,572
7,1,3,23,3,3,71,TEST,3,0,0,0,true,417
7,1,3,23,3,3,72,TEST,5,6,0,0,true,300
7,1,3,23,3,4,73,TRAINING,4,7,1,4,35704216,06437125,67807
7,1,3,23,3,4,74,TRAINING,5,6,0,1,35714206,06427135,3247
7,1,3,23,3,4,75,TRAINING,3,0,0,0,35174206,06247135,2161
7,1,3,23,3,4,76,TRAINING,1,2,1,2,35124706,06217435,6594
7,1,3,23,3,4,77,TRAINING,5,6,0,6,30124756,03217465,2764
7,1,3,23,3,4,78,TRAINING,7,4,0,5,36124750,05217463,2365
7,1,3,23,3,4,79,TRAINING,3,0,0,0,32164750,01257463,1562
7,1,3,23,3,4,80,TRAINING,6,5,0,3,32064751,01357462,3026
7,1,3,23,3,4,81,TRAINING,2,1,1,1,32564701,01657432,1761
7,1,3,23,3,4,82,TRAINING,4,7,1,4,32564710,01657423,2330
7,1,3,23,3,4,83,TRAINING,1,2,1,2,32164750,01257463,2674
7,1,3,23,3,4,84,TRAINING,0,3,1,7,72164350,41257063,2154
7,1,3,23,3,4,85,TRAINING,2,1,1,1,72165340,41256073,3058
7,1,3,23,3,4,86,TRAINING,7,4,0,4,52167340,61254073,2714
7,1,3,23,3,4,87,TRAINING,6,5,0,3,52467310,61754023,2348
7,1,3,23,3,4,88,TRAINING,0,3,1,0,02467315,31754026,2908
7,1,3,23,3,4,89,TEST,2,1,1,1,true,1478
7,1,3,23,3,4,90,TEST,3,0,0,0,true,1560
7,1,3,23,3,4,91,TEST,6,5,0,0,true,4993
7,1,3,23,3,4,92,TEST,0,3,1,1,true,971
7,1,3,23,3,4,93,TEST,4,7,1,1,true,522
7,1,3,23,3,4,94,TEST,7,4,0,0,true,995
7,1,3,23,3,4,95,TEST,1,2,1,1,true,938
7,1,3,23,3,4,96,TEST,5,6,0,0,true,561
7,1,3,23,3,INSTRUCT,postquestionnaire,1

strategy:TEST4
physicalaids:TEST4