8,1,5,0,4,INSTRUCT,instruct1,1568
8,1,5,0,4,INSTRUCT,instructCatExample,1388
8,1,5,0,4,INSTRUCT,instructCatColor,1154
8,1,5,0,4,INSTRUCT,instructCatStripe,1125
8,1,5,0,4,INSTRUCT,instructDemoIntro,1327
8,1,5,0,4,INSTRUCT,instructDemo,67371
8,1,5,0,4,INSTRUCT,instructTest,1694
8,1,5,0,4,INSTRUCT,instructTest2,1486
8,1,5,0,4,INSTRUCT,instructDimColor,1176
8,1,5,0,4,INSTRUCT,instructDimBorder,800
8,1,5,0,4,INSTRUCT,instructDimDots,855
8,1,5,0,4,INSTRUCT,instructDimStripe,1070
8,1,5,0,4,INSTRUCT,instructDimAll,2391
8,1,5,0,4,INSTRUCT,instructFinal,1390
8,1,5,0,4,1,1,TRAINING,3,11,1,5,41260357,0a312b89,85351
8,1,5,0,4,1,2,TRAINING,7,9,0,3,41270356,0a392b81,14818
8,1,5,0,4,1,3,TRAINING,3,11,1,5,51270346,8a392b01,6228
8,1,5,0,4,1,4,TRAINING,1,10,0,7,56270341,81392b0a,2914
8,1,5,0,4,1,5,TRAINING,0,2,1,6,56274301,81390b2a,42942
8,1,5,0,4,1,6,TRAINING,5,8,1,0,52674301,83190b2a,8914
8,1,5,0,4,1,7,TRAINING,0,2,1,6,52174306,83a90b21,8979
8,1,5,0,4,1,8,TRAINING,2,3,0,1,52374106,83b90a21,3866
8,1,5,0,4,1,9,TRAINING,6,1,1,7,52174306,83a90b21,4287
8,1,5,0,4,1,10,TRAINING,2,3,0,1,02174356,23a90b81,13909
8,1,5,0,4,1,11,TRAINING,1,10,0,2,02147356,23a09b81,13523
8,1,5,0,4,1,12,TRAINING,6,1,1,7,42107356,03a29b81,5867
8,1,5,0,4,1,13,TRAINING,7,9,0,4,42107536,03a298b1,2411
8,1,5,0,4,1,14,TRAINING,4,0,0,2,12407536,a30298b1,25433
8,1,5,0,4,1,15,TRAINING,4,0,0,2,12437506,a30b9821,24193
8,1,5,0,4,1,16,TRAINING,5,8,1,5,12430576,a30b2891,1465
8,1,5,0,4,1,17,TEST,5,8,1,1,true,13620
8,1,5,0,4,1,18,TEST,2,3,0,0,true,6230
8,1,5,0,4,1,19,TEST,1,10,0,0,true,8058
8,1,5,0,4,1,20,TEST,6,1,1,1,true,5274
8,1,5,0,4,1,21,TEST,0,2,1,1,true,8399
8,1,5,0,4,1,22,TEST,7,9,0,0,true,11804
8,1,5,0,4,1,23,TEST,3,11,1,1,true,4851
8,1,5,0,4,1,24,TEST,4,0,0,0,true,2371
8,1,5,0,4,2,25,TRAINING,4,0,0,6,31765042,ba918203,86705
8,1,5,0,4,2,26,TRAINING,1,10,0,1,51763042,8a91b203,1417
8,1,5,0,4,2,27,TRAINING,3,11,1,2,51367042,8ab19203,1345
8,1,5,0,4,2,28,TRAINING,3,11,1,2,21367045,3ab19208,1409
8,1,5,0,4,2,29,TRAINING,0,2,1,5,71362045,9ab13208,1530
8,1,5,0,4,2,30,TRAINING,5,8,1,3,71352046,9ab83201,1355
8,1,5,0,4,2,31,TRAINING,6,1,1,6,71352064,9ab83210,1401
8,1,5,0,4,2,32,TRAINING,2,3,0,4,01352764,2ab83910,1481
8,1,5,0,4,2,33,TRAINING,0,2,1,0,03152764,2ba83910,1403
8,1,5,0,4,2,34,TRAINING,2,3,0,4,05132764,28ab3910,1554
8,1,5,0,4,2,35,TRAINING,7,9,0,5,06132754,21ab3980,1573
8,1,5,0,4,2,36,TRAINING,4,0,0,7,06312754,21ba3980,1443
8,1,5,0,4,2,37,TRAINING,5,8,1,6,03612754,2b1a3980,1498
8,1,5,0,4,2,38,TRAINING,1,10,0,3,23610754,3b1a2980,1592
8,1,5,0,4,2,39,TRAINING,6,1,1,7,23410756,3b0a2981,1971
8,1,5,0,4,2,40,TRAINING,7,9,0,6,23410576,3b0a2891,1257
8,1,5,0,4,2,41,TEST,4,0,0,0,true,4415
8,1,5,0,4,2,42,TEST,3,11,1,1,true,2122
8,1,5,0,4,2,43,TEST,2,3,0,0,true,6531
8,1,5,0,4,2,44,TEST,7,9,0,0,true,16979
8,1,5,0,4,2,45,TEST,6,1,1,1,true,4986
8,1,5,0,4,2,46,TEST,5,8,1,1,true,8143
8,1,5,0,4,2,47,TEST,1,10,0,0,true,18220
8,1,5,0,4,2,48,TEST,0,2,1,1,true,6458
8,1,5,0,4,INSTRUCT,postquestionnaire,1

strategy:TEST5
physicalaids:TEST5