6,0,4,7,4,INSTRUCT,instruct1,1503
6,0,4,7,4,INSTRUCT,instructCatExample,1468
6,0,4,7,4,INSTRUCT,instructCatColor,1497
6,0,4,7,4,INSTRUCT,instructCatStripe,1118
6,0,4,7,4,INSTRUCT,instructDemoIntro,991
6,0,4,7,4,INSTRUCT,instructDemo,5282
6,0,4,7,4,INSTRUCT,instructTest,2231
6,0,4,7,4,INSTRUCT,instructTest2,1126
6,0,4,7,4,INSTRUCT,instructDimColor,1049
6,0,4,7,4,INSTRUCT,instructDimBorder,886
6,0,4,7,4,INSTRUCT,instructDimDots,631
6,0,4,7,4,INSTRUCT,instructDimStripe,1143
6,0,4,7,4,INSTRUCT,instructDimAll,734
6,0,4,7,4,INSTRUCT,instructFinal,2190
6,0,4,7,4,1,1,TRAINING,4,0,1,7,01357264,13726540,122307
6,0,4,7,4,1,2,TRAINING,0,1,1,0,01257364,13526740,11569
6,0,4,7,4,1,3,TRAINING,2,5,1,5,01357264,13726540,10722
6,0,4,7,4,1,4,TRAINING,6,4,0,6,01354267,13720546,13163
6,0,4,7,4,1,5,TRAINING,5,2,0,3,31054267,73120546,23165
6,0,4,7,4,1,6,TRAINING,2,5,1,5,37054261,76120543,12659
6,0,4,7,4,1,7,TRAINING,3,7,0,0,31054267,73120546,5711
6,0,4,7,4,1,8,TRAINING,7,6,1,7,31450267,73021546,19413
6,0,4,7,4,1,9,TRAINING,1,3,0,1,31450627,73021456,16555
6,0,4,7,4,1,10,TRAINING,4,0,1,2,31405627,73012456,26634
6,0,4,7,4,1,11,TRAINING,0,1,1,3,31405267,73012546,8096
6,0,4,7,4,1,12,TRAINING,5,2,0,4,71405263,63012547,1475
6,0,4,7,4,1,13,TRAINING,6,4,0,6,21405763,53012647,2001
6,0,4,7,4,1,14,TRAINING,2,5,1,0,23405761,57012643,1594
6,0,4,7,4,1,15,TRAINING,3,7,0,4,25403761,52017643,2918
6,0,4,7,4,1,16,TRAINING,7,6,1,2,25703461,52617043,1100
6,0,4,7,4,1,17,TEST,5,2,0,0,true,12105
6,0,4,7,4,1,18,TEST,0,1,1,1,true,1808
6,0,4,7,4,1,19,TEST,7,6,1,1,true,7202
6,0,4,7,4,1,20,TEST,3,7,0,0,true,1361
6,0,4,7,4,1,21,TEST,2,5,1,1,true,2507
6,0,4,7,4,1,22,TEST,1,3,0,0,true,1665
6,0,4,7,4,1,23,TEST,6,4,0,0,true,4434
6,0,4,7,4,1,24,TEST,4,0,1,1,true,706
6,0,4,7,4,2,25,TRAINING,2,5,1,4,45712630,02635471,215313
6,0,4,7,4,2,26,TRAINING,6,4,0,5,45702631,02615473,977
6,0,4,7,4,2,27,TRAINING,7,6,1,2,54702631,20615473,961
6,0,4,7,4,2,28,TRAINING,4,0,1,3,50742631,21605473,1019
6,0,4,7,4,2,29,TRAINING,6,4,0,7,50742136,21605374,954
6,0,4,7,4,2,30,TRAINING,0,1,1,1,30742156,71605324,1250
6,0,4,7,4,2,31,TRAINING,1,3,0,5,70342156,61705324,914
6,0,4,7,4,2,32,TRAINING,4,0,1,6,70352146,61725304,1058
6,0,4,7,4,2,33,TRAINING,4,0,1,6,70253146,61527304,1033
6,0,4,7,4,2,34,TRAINING,0,1,1,1,70153246,61327504,1017
6,0,4,7,4,2,35,TRAINING,1,3,0,2,70153642,61327405,1339
6,0,4,7,4,2,36,TRAINING,5,2,0,5,70163542,61347205,1283
6,0,4,7,4,2,37,TRAINING,7,6,1,0,74163502,60347215,1681
6,0,4,7,4,2,38,TRAINING,6,4,0,3,72163504,65347210,1721
6,0,4,7,4,2,39,TRAINING,0,1,1,7,72163540,65347201,1323
6,0,4,7,4,2,40,TRAINING,1,3,0,1,71263540,63547201,1394
6,0,4,7,4,2,41,TEST,4,0,1,0,false,1021
6,0,4,7,4,2,42,TEST,6,4,0,1,false,753
6,0,4,7,4,2,43,TEST,0,1,1,1,true,505
6,0,4,7,4,2,44,TEST,3,7,0,0,true,618
6,0,4,7,4,2,45,TEST,7,6,1,1,true,938
6,0,4,7,4,2,46,TEST,2,5,1,0,false,1274
6,0,4,7,4,2,47,TEST,5,2,0,1,false,426
6,0,4,7,4,2,48,TEST,1,3,0,0,true,1216
6,0,4,7,4,3,49,TRAINING,1,3,0,6,34205716,70512634,100536
6,0,4,7,4,3,50,TRAINING,4,0,1,1,34207516,70516234,1320
6,0,4,7,4,3,51,TRAINING,0,1,1,3,34205716,70512634,1289
6,0,4,7,4,3,52,TRAINING,1,3,0,7,34205761,70512643,938
6,0,4,7,4,3,53,TRAINING,7,6,1,5,34206751,70514623,923
6,0,4,7,4,3,54,TRAINING,5,2,0,6,34602751,70415623,1170
6,0,4,7,4,3,55,TRAINING,4,0,1,2,36402751,74015623,1042
6,0,4,7,4,3,56,TRAINING,0,1,1,3,16402753,34015627,1098
6,0,4,7,4,3,57,TRAINING,5,2,0,6,16407253,34016527,1802
6,0,4,7,4,3,58,TRAINING,2,5,1,5,13407256,37016524,942
6,0,4,7,4,3,59,TRAINING,7,6,1,4,31407256,73016524,1034
6,0,4,7,4,3,60,TRAINING,4,0,1,0,41307256,03716524,1274
6,0,4,7,4,3,61,TRAINING,0,1,1,3,41207356,03516724,1353
6,0,4,7,4,3,62,TRAINING,6,4,0,7,41702356,03615724,995
6,0,4,7,4,3,63,TRAINING,5,2,0,6,41207356,03516724,922
6,0,4,7,4,3,64,TRAINING,7,6,1,5,41203756,03517624,1122
6,0,4,7,4,3,65,TEST,3,7,0,0,true,29336
6,0,4,7,4,3,66,TEST,0,1,1,1,true,714
6,0,4,7,4,3,67,TEST,2,5,1,0,false,569
6,0,4,7,4,3,68,TEST,1,3,0,1,false,475
6,0,4,7,4,3,69,TEST,4,0,1,0,false,921
6,0,4,7,4,3,70,TEST,7,6,1,1,true,481
6,0,4,7,4,3,71,TEST,5,2,0,0,true,563
6,0,4,7,4,3,72,TEST,6,4,0,1,false,522
6,0,4,7,4,4,73,TRAINING,0,1,1,7,45316720,02734651,109756
6,0,4,7,4,4,74,TRAINING,4,0,1,0,46315720,04732651,2329
6,0,4,7,4,4,75,TRAINING,2,5,1,3,46325710,04752631,1383
6,0,4,7,4,4,76,TRAINING,6,4,0,4,45326710,02754631,1042
6,0,4,7,4,4,77,TRAINING,7,6,1,1,47326510,06754231,1290
6,0,4,7,4,4,78,TRAINING,6,4,0,4,47326015,06754132,2122
6,0,4,7,4,4,79,TRAINING,0,1,1,5,47326051,06754123,1171
6,0,4,7,4,4,80,TRAINING,3,7,0,2,47316052,06734125,1074
6,0,4,7,4,4,81,TRAINING,1,3,0,3,57316042,26734105,1002
6,0,4,7,4,4,82,TRAINING,6,4,0,4,27316045,56734102,2625
6,0,4,7,4,4,83,TRAINING,5,2,0,7,27416035,56034172,1275
6,0,4,7,4,4,84,TRAINING,7,6,1,1,27146035,56304172,1103
6,0,4,7,4,4,85,TRAINING,0,1,1,5,27143065,56307142,951
6,0,4,7,4,4,86,TRAINING,4,0,1,3,57143062,26307145,1017
6,0,4,7,4,4,87,TRAINING,2,5,1,7,57643012,26407135,1009
6,0,4,7,4,4,88,TRAINING,7,6,1,1,37645012,76402135,1617
6,0,4,7,4,4,89,TEST,6,4,0,0,true,4381
6,0,4,7,4,4,90,TEST,3,7,0,0,true,504
6,0,4,7,4,4,91,TEST,2,5,1,1,true,1204
6,0,4,7,4,4,92,TEST,4,0,1,1,true,1106
6,0,4,7,4,4,93,TEST,0,1,1,1,true,905
6,0,4,7,4,4,94,TEST,7,6,1,1,true,434
6,0,4,7,4,4,95,TEST,5,2,0,0,true,698
6,0,4,7,4,4,96,TEST,1,3,0,0,true,370
6,0,4,7,4,5,97,TRAINING,7,6,1,0,73620514,67451230,71853
6,0,4,7,4,5,98,TRAINING,4,0,1,4,73624510,67450231,3769
6,0,4,7,4,5,99,TRAINING,2,5,1,3,73024516,67150234,930
6,0,4,7,4,5,100,TRAINING,0,1,1,2,63024517,47150236,994
6,0,4,7,4,5,101,TRAINING,6,4,0,6,13024567,37150246,6269
6,0,4,7,4,5,102,TRAINING,5,2,0,5,31024567,73150246,938
6,0,4,7,4,5,103,TRAINING,3,7,0,2,01324567,13750246,1186
6,0,4,7,4,5,104,TRAINING,6,4,0,6,71324560,63750241,3833
6,0,4,7,4,5,105,TRAINING,1,3,0,7,70324561,61750243,1114
6,0,4,7,4,5,106,TRAINING,7,6,1,3,20374561,51760243,1346
6,0,4,7,4,5,107,TRAINING,4,0,1,4,23074561,57160243,1538
6,0,4,7,4,5,108,TRAINING,0,1,1,1,20374561,51760243,1602
6,0,4,7,4,5,109,TRAINING,2,5,1,0,20374165,51760342,1009
6,0,4,7,4,5,110,TRAINING,7,6,1,3,20374156,51760324,2294
6,0,4,7,4,5,111,TRAINING,5,2,0,6,20374651,51760423,2345
6,0,4,7,4,5,112,TRAINING,6,4,0,5,02374651,15760423,977
6,0,4,7,4,5,113,TEST,5,2,0,0,true,9821
6,0,4,7,4,5,114,TEST,7,6,1,1,true,1160
6,0,4,7,4,5,115,TEST,0,1,1,1,true,812
6,0,4,7,4,5,116,TEST,4,0,1,1,true,425
6,0,4,7,4,5,117,TEST,1,3,0,0,true,898
6,0,4,7,4,5,118,TEST,2,5,1,1,true,1282
6,0,4,7,4,5,119,TEST,3,7,0,0,true,1537
6,0,4,7,4,5,120,TEST,6,4,0,0,true,1355
6,0,4,7,4,INSTRUCT,postquestionnaire,1

strategy:TEST3
physicalaids:TEST3