10,1,3,12,9,INSTRUCT,instruct1,14287
10,1,3,12,9,INSTRUCT,instructCatExample,13496
10,1,3,12,9,INSTRUCT,instructCatColor,7451
10,1,3,12,9,INSTRUCT,instructCatStripe,10342
10,1,3,12,9,INSTRUCT,instructDemoIntro,29866
10,1,3,12,9,INSTRUCT,instructDemo,73544
10,1,3,12,9,INSTRUCT,instructTest,25493
10,1,3,12,9,INSTRUCT,instructTest2,34969
10,1,3,12,9,INSTRUCT,instructDimColor,16042
10,1,3,12,9,INSTRUCT,instructDimBorder,3686
10,1,3,12,9,INSTRUCT,instructDimDots,5030
10,1,3,12,9,INSTRUCT,instructDimStripe,4007
10,1,3,12,9,INSTRUCT,instructDimAll,15600
10,1,3,12,9,INSTRUCT,instructFinal,12182
10,1,3,12,9,1,1,TRAINING,3,6,0,3,62735410,fe765d4c,9192
10,1,3,12,9,1,2,TRAINING,1,4,1,6,62035417,fec65d47,4769
10,1,3,12,9,1,3,TRAINING,6,15,0,0,60235417,fce65d47,3313
10,1,3,12,9,1,4,TRAINING,0,12,1,4,65230417,f5e6cd47,1634
10,1,3,12,9,1,5,TRAINING,5,5,0,1,65320417,f56ecd47,1945
10,1,3,12,9,1,6,TRAINING,4,13,1,5,65120437,f54ecd67,2642
10,1,3,12,9,1,7,TRAINING,5,5,0,1,65127430,f54e7d6c,2202
10,1,3,12,9,1,8,TRAINING,0,12,1,7,25167430,e54f7d6c,1863
10,1,3,12,9,1,9,TRAINING,2,14,1,5,45167230,d54f7e6c,2617
10,1,3,12,9,1,10,TRAINING,7,7,0,4,45137260,d5467efc,2434
10,1,3,12,9,1,11,TRAINING,6,15,0,6,45317260,d5647efc,1826
10,1,3,12,9,1,12,TRAINING,4,13,1,0,45327160,d56e74fc,3305
10,1,3,12,9,1,13,TRAINING,3,6,0,1,43527160,d65e74fc,2130
10,1,3,12,9,1,14,TRAINING,2,14,1,3,43027165,d6ce74f5,1825
10,1,3,12,9,1,15,TRAINING,1,4,1,5,43627105,d6fe74c5,1826
10,1,3,12,9,1,16,TRAINING,7,7,0,6,43620175,d6fec475,2281
10,1,3,12,9,1,17,TEST,3,6,0,0,true,4679
10,1,3,12,9,1,18,TEST,6,15,0,0,true,5577
10,1,3,12,9,1,19,TEST,5,5,0,0,true,4225
10,1,3,12,9,1,20,TEST,1,4,1,1,true,938
10,1,3,12,9,1,21,TEST,4,13,1,1,true,4802
10,1,3,12,9,1,22,TEST,7,7,0,0,true,1041
10,1,3,12,9,1,23,TEST,2,14,1,0,false,2353
10,1,3,12,9,1,24,TEST,0,12,1,1,true,1762
10,1,3,12,9,2,25,TRAINING,2,14,1,0,23705164,e67c54fd,5442
10,1,3,12,9,2,26,TRAINING,1,4,1,2,23105764,e64c57fd,3328
10,1,3,12,9,2,27,TRAINING,5,5,0,4,23145760,e64d57fc,2450
10,1,3,12,9,2,28,TRAINING,3,6,0,1,23165740,e64f57dc,2386
10,1,3,12,9,2,29,TRAINING,0,12,1,7,63125740,f64e57dc,4826
10,1,3,12,9,2,30,TRAINING,6,15,0,0,63521740,f65e47dc,3082
10,1,3,12,9,2,31,TRAINING,3,6,0,1,63512740,f654e7dc,2492
10,1,3,12,9,2,32,TRAINING,4,13,1,6,63502741,f65ce7d4,2632
10,1,3,12,9,2,33,TRAINING,1,4,1,7,63205741,f6ec57d4,3675
10,1,3,12,9,2,34,TRAINING,7,7,0,0,73205641,76ec5fd4,2161
10,1,3,12,9,2,35,TRAINING,5,5,0,4,76205341,7fec56d4,2729
10,1,3,12,9,2,36,TRAINING,7,7,0,0,76105342,7f4c56de,2706
10,1,3,12,9,2,37,TRAINING,2,14,1,7,76405312,7fdc564e,2584
10,1,3,12,9,2,38,TRAINING,6,15,0,1,76403512,7fdc654e,2763
10,1,3,12,9,2,39,TRAINING,0,12,1,3,76401532,7fdc456e,2920
10,1,3,12,9,2,40,TRAINING,4,13,1,2,76403512,7fdc654e,2696
10,1,3,12,9,2,41,TEST,3,6,0,0,true,2475
10,1,3,12,9,2,42,TEST,2,14,1,1,true,4129
10,1,3,12,9,2,43,TEST,7,7,0,0,true,1042
10,1,3,12,9,2,44,TEST,4,13,1,0,false,1186
10,1,3,12,9,2,45,TEST,1,4,1,0,false,5624
10,1,3,12,9,2,46,TEST,0,12,1,1,true,1058
10,1,3,12,9,2,47,TEST,6,15,0,0,true,1665
10,1,3,12,9,2,48,TEST,5,5,0,0,true,1363
10,1,3,12,9,3,49,TRAINING,7,7,0,1,17342506,476de5cf,6219
10,1,3,12,9,3,50,TRAINING,6,15,0,7,17345206,476d5ecf,5705
10,1,3,12,9,3,51,TRAINING,1,4,1,0,17245306,47ed56cf,5279
10,1,3,12,9,3,52,TRAINING,2,14,1,6,17045326,47cd56ef,4514
10,1,3,12,9,3,53,TRAINING,0,12,1,2,17035426,47c65def,5569
10,1,3,12,9,3,54,TRAINING,4,13,1,5,57031426,57c64def,4146
10,1,3,12,9,3,55,TRAINING,3,6,0,1,53071426,56c74def,4937
10,1,3,12,9,3,56,TRAINING,5,5,0,2,03571426,c6574def,1856
10,1,3,12,9,3,57,TRAINING,4,13,1,5,03576421,c657fde4,2553
10,1,3,12,9,3,58,TRAINING,5,5,0,2,30576421,6c57fde4,2010
10,1,3,12,9,3,59,TRAINING,7,7,0,3,36570421,6f57cde4,1802
10,1,3,12,9,3,60,TRAINING,1,4,1,5,36570124,6f57c4ed,3417
10,1,3,12,9,3,61,TRAINING,3,6,0,0,30576124,6c57f4ed,2609
10,1,3,12,9,3,62,TRAINING,2,14,1,2,30276154,6ce7f45d,3649
10,1,3,12,9,3,63,TRAINING,0,12,1,1,30276514,6ce7f54d,2651
10,1,3,12,9,3,64,TRAINING,6,15,0,0,60273514,fce7654d,2689
10,1,3,12,9,3,65,TEST,5,5,0,0,true,4186
10,1,3,12,9,3,66,TEST,4,13,1,0,false,7081
10,1,3,12,9,3,67,TEST,3,6,0,0,true,1713
10,1,3,12,9,3,68,TEST,0,12,1,1,true,762
10,1,3,12,9,3,69,TEST,7,7,0,0,true,922
10,1,3,12,9,3,70,TEST,2,14,1,0,false,1936
10,1,3,12,9,3,71,TEST,1,4,1,1,true,1155
10,1,3,12,9,3,72,TEST,6,15,0,0,true,1041
10,1,3,12,9,4,73,TRAINING,5,5,0,0,50471326,5cd746ef,4488
10,1,3,12,9,4,74,TRAINING,3,6,0,5,57401326,57dc46ef,2818
10,1,3,12,9,4,75,TRAINING,5,5,0,0,57406321,57dcf6e4,4107
10,1,3,12,9,4,76,TRAINING,1,4,1,7,50476321,5cd7f6e4,3807
10,1,3,12,9,4,77,TRAINING,1,4,1,7,50376421,5c67fde4,4539
10,1,3,12,9,4,78,TRAINING,6,15,0,4,57306421,576cfde4,3881
10,1,3,12,9,4,79,TRAINING,2,14,1,6,37506421,675cfde4,1865
10,1,3,12,9,4,80,TRAINING,0,12,1,7,37516420,6754fdec,3586
10,1,3,12,9,4,81,TRAINING,3,6,0,0,35716420,6574fdec,2001
10,1,3,12,9,4,82,TRAINING,7,7,0,2,36715420,6f745dec,1746
10,1,3,12,9,4,83,TRAINING,7,7,0,2,36714520,6f74d5ec,6826
10,1,3,12,9,4,84,TRAINING,6,15,0,3,31764520,647fd5ec,1986
10,1,3,12,9,4,85,TRAINING,4,13,1,6,31762540,647fe5dc,1801
10,1,3,12,9,4,86,TRAINING,0,12,1,5,31762045,647fecd5,2433
10,1,3,12,9,4,87,TRAINING,2,14,1,4,37162045,674fecd5,2509
10,1,3,12,9,4,88,TRAINING,4,13,1,6,31762045,647fecd5,2853
10,1,3,12,9,4,89,TEST,6,15,0,0,true,1218
10,1,3,12,9,4,90,TEST,2,14,1,1,true,969
10,1,3,12,9,4,91,TEST,5,5,0,0,true,2306
10,1,3,12,9,4,92,TEST,0,12,1,1,true,1081
10,1,3,12,9,4,93,TEST,4,13,1,1,true,3586
10,1,3,12,9,4,94,TEST,1,4,1,0,false,2706
10,1,3,12,9,4,95,TEST,7,7,0,0,true,874
10,1,3,12,9,4,96,TEST,3,6,0,0,true,1049
10,1,3,12,9,5,97,TRAINING,6,15,0,1,26734051,ef76dc54,3237
10,1,3,12,9,5,98,TRAINING,4,13,1,4,26714053,ef74dc56,2376
10,1,3,12,9,5,99,TRAINING,1,4,1,7,26734051,ef76dc54,2842
10,1,3,12,9,5,100,TRAINING,4,13,1,4,76234051,7fe6dc54,2049
10,1,3,12,9,5,101,TRAINING,5,5,0,6,06234751,cfe6d754,1880
10,1,3,12,9,5,102,TRAINING,5,5,0,6,01234756,c4e6d75f,1771
10,1,3,12,9,5,103,TRAINING,3,6,0,3,02134756,ce46d75f,1922
10,1,3,12,9,5,104,TRAINING,6,15,0,2,02634751,cef6d754,1546
10,1,3,12,9,5,105,TRAINING,2,14,1,1,02637451,cef67d54,1729
10,1,3,12,9,5,106,TRAINING,3,6,0,7,02617453,cef47d56,4153
10,1,3,12,9,5,107,TRAINING,0,12,1,0,02716453,ce74fd56,2048
10,1,3,12,9,5,108,TRAINING,0,12,1,0,01726453,c47efd56,10489
10,1,3,12,9,5,109,TRAINING,7,7,0,2,01725463,c47e5df6,2461
10,1,3,12,9,5,110,TRAINING,7,7,0,2,06725413,cf7e5d46,2241
10,1,3,12,9,5,111,TRAINING,2,14,1,3,60725413,fc7e5d46,2616
10,1,3,12,9,5,112,TRAINING,1,4,1,6,65720413,f57ecd46,1787
10,1,3,12,9,5,113,TEST,0,12,1,1,true,1994
10,1,3,12,9,5,114,TEST,4,13,1,0,false,4808
10,1,3,12,9,5,115,TEST,2,14,1,1,true,2706
10,1,3,12,9,5,116,TEST,7,7,0,0,true,841
10,1,3,12,9,5,117,TEST,5,5,0,0,true,2353
10,1,3,12,9,5,118,TEST,6,15,0,0,true,2211
10,1,3,12,9,5,119,TEST,1,4,1,1,true,3705
10,1,3,12,9,5,120,TEST,3,6,0,0,true,1681
10,1,3,12,9,6,121,TRAINING,5,5,0,5,70431526,7cd645ef,2251
10,1,3,12,9,6,122,TRAINING,3,6,0,3,70631524,7cf645ed,5881
10,1,3,12,9,6,123,TRAINING,6,15,0,2,74631520,7df645ec,1851
10,1,3,12,9,6,124,TRAINING,7,7,0,0,74630521,7df6c5e4,2297
10,1,3,12,9,6,125,TRAINING,1,4,1,5,74630125,7df6c4e5,1849
10,1,3,12,9,6,126,TRAINING,1,4,1,5,74632105,7df6e4c5,1770
10,1,3,12,9,6,127,TRAINING,4,13,1,1,24637105,edf674c5,1841
10,1,3,12,9,6,128,TRAINING,6,15,0,2,74632105,7df6e4c5,2242
10,1,3,12,9,6,129,TRAINING,4,13,1,1,74632150,7df6e45c,2008
10,1,3,12,9,6,130,TRAINING,5,5,0,7,74632105,7df6e4c5,2105
10,1,3,12,9,6,131,TRAINING,7,7,0,0,74623105,7dfe64c5,2370
10,1,3,12,9,6,132,TRAINING,3,6,0,4,74623015,7dfe6c45,1736
10,1,3,12,9,6,133,TRAINING,2,14,1,6,74613025,7df46ce5,2050
10,1,3,12,9,6,134,TRAINING,0,12,1,3,74603125,7dfc64e5,1777
10,1,3,12,9,6,135,TRAINING,2,14,1,6,75603124,75fc64ed,1714
10,1,3,12,9,6,136,TRAINING,0,12,1,3,75306124,756cf4ed,2282
10,1,3,12,9,6,137,TEST,0,12,1,1,true,2713
10,1,3,12,9,6,138,TEST,1,4,1,1,true,3737
10,1,3,12,9,6,139,TEST,4,13,1,0,false,2024
10,1,3,12,9,6,140,TEST,5,5,0,0,true,829
10,1,3,12,9,6,141,TEST,7,7,0,0,true,1362
10,1,3,12,9,6,142,TEST,6,15,0,0,true,730
10,1,3,12,9,6,143,TEST,2,14,1,1,true,1280
10,1,3,12,9,6,144,TEST,3,6,0,0,true,666
10,1,3,12,9,7,145,TRAINING,2,14,1,6,07465321,c7df56e4,5386
10,1,3,12,9,7,146,TRAINING,3,6,0,0,37465021,67df5ce4,2978
10,1,3,12,9,7,147,TRAINING,0,12,1,3,37405621,67dc5fe4,3002
10,1,3,12,9,7,148,TRAINING,4,13,1,2,37405261,67dc5ef4,2330
10,1,3,12,9,7,149,TRAINING,7,7,0,4,35407261,65dc7ef4,2921
10,1,3,12,9,7,150,TRAINING,6,15,0,6,31407265,64dc7ef5,1841
10,1,3,12,9,7,151,TRAINING,3,6,0,0,35407261,65dc7ef4,2290
10,1,3,12,9,7,152,TRAINING,1,4,1,7,30457261,6cd57ef4,2953
10,1,3,12,9,7,153,TRAINING,2,14,1,5,35407261,65dc7ef4,4394
10,1,3,12,9,7,154,TRAINING,6,15,0,3,35467201,65df7ec4,1753
10,1,3,12,9,7,155,TRAINING,5,5,0,1,35461207,65df4ec7,1793
10,1,3,12,9,7,156,TRAINING,1,4,1,4,35461027,65df4ce7,1874
10,1,3,12,9,7,157,TRAINING,0,12,1,5,35461072,65df4c7e,2633
10,1,3,12,9,7,158,TRAINING,4,13,1,2,25461073,e5df4c76,2769
10,1,3,12,9,7,159,TRAINING,7,7,0,1,27461053,e7df4c56,2137
10,1,3,12,9,7,160,TRAINING,5,5,0,6,27461350,e7df465c,2081
10,1,3,12,9,7,161,TEST,1,4,1,1,true,1810
10,1,3,12,9,7,162,TEST,0,12,1,1,true,5249
10,1,3,12,9,7,163,TEST,2,14,1,1,true,1354
10,1,3,12,9,7,164,TEST,4,13,1,1,true,1602
10,1,3,12,9,7,165,TEST,7,7,0,0,true,993
10,1,3,12,9,7,166,TEST,5,5,0,0,true,1619
10,1,3,12,9,7,167,TEST,3,6,0,0,true,1193
10,1,3,12,9,7,168,TEST,6,15,0,0,true,1275
10,1,3,12,9,8,169,TRAINING,4,13,1,7,16035274,4fc65e7d,6459
10,1,3,12,9,8,170,TRAINING,6,15,0,1,16530274,4f56ce7d,1850
10,1,3,12,9,8,171,TRAINING,3,6,0,2,16350274,4f65ce7d,1809
10,1,3,12,9,8,172,TRAINING,1,4,1,0,16320574,4f6ec57d,2106
10,1,3,12,9,8,173,TRAINING,2,14,1,3,10326574,4c6ef57d,1905
10,1,3,12,9,8,174,TRAINING,7,7,0,6,13026574,46cef57d,1714
10,1,3,12,9,8,175,TRAINING,5,5,0,5,10326574,4c6ef57d,1713
10,1,3,12,9,8,176,TRAINING,0,12,1,3,12306574,4e6cf57d,1801
10,1,3,12,9,8,177,TRAINING,2,14,1,1,32106574,6e4cf57d,1937
10,1,3,12,9,8,178,TRAINING,4,13,1,7,32706514,6e7cf54d,1851
10,1,3,12,9,8,179,TRAINING,3,6,0,0,32106574,6e4cf57d,1953
10,1,3,12,9,8,180,TRAINING,0,12,1,3,32105674,6e4c5f7d,1842
10,1,3,12,9,8,181,TRAINING,6,15,0,5,35102674,654cef7d,2057
10,1,3,12,9,8,182,TRAINING,7,7,0,6,25103674,e54c6f7d,1897
10,1,3,12,9,8,183,TRAINING,1,4,1,2,05123674,c54e6f7d,2154
10,1,3,12,9,8,184,TRAINING,5,5,0,7,04123675,cd4e6f75,1602
10,1,3,12,9,8,185,TEST,6,15,0,0,true,1881
10,1,3,12,9,8,186,TEST,1,4,1,1,true,1058
10,1,3,12,9,8,187,TEST,4,13,1,1,true,730
10,1,3,12,9,8,188,TEST,0,12,1,1,true,560
10,1,3,12,9,8,189,TEST,7,7,0,0,true,635
10,1,3,12,9,8,190,TEST,3,6,0,0,true,970
10,1,3,12,9,8,191,TEST,5,5,0,0,true,665
10,1,3,12,9,8,192,TEST,2,14,1,1,true,890
10,1,3,12,9,INSTRUCT,postquestionnaire,24

rulestrategy:Blue was group B unless it was fancy (had yellow border and dots), and purple was A unless it was plain (had white border and smooth background)
howtoimprove:
engagement:9
difficulty:7
:no