105,1,1,20,3,INSTRUCT,instruct1,56347
105,1,1,20,3,INSTRUCT,instructCatExample,47791
105,1,1,20,3,INSTRUCT,instructCatColor,7075
105,1,1,20,3,INSTRUCT,instructCatStripe,17554
105,1,1,20,3,INSTRUCT,instructDemoIntro,39312
105,1,1,20,3,INSTRUCT,instructDemo,29135
105,1,1,20,3,INSTRUCT,instructTest,40150
105,1,1,20,3,INSTRUCT,instructTest2,34752
105,1,1,20,3,INSTRUCT,instructDimColor,29301
105,1,1,20,3,INSTRUCT,instructDimBorder,6505
105,1,1,20,3,INSTRUCT,instructDimDots,4402
105,1,1,20,3,INSTRUCT,instructDimStripe,5189
105,1,1,20,3,INSTRUCT,instructDimAll,13661
105,1,1,20,3,INSTRUCT,instructFinal,27799
105,1,1,20,3,1,1,TRAINING,4,14,0,1,64203175,ce8a0246,15573
105,1,1,20,3,1,2,TRAINING,4,14,0,1,64213075,ce820a46,17658
105,1,1,20,3,1,3,TRAINING,1,2,1,3,64312075,ce028a46,13691
105,1,1,20,3,1,4,TRAINING,2,8,1,4,64012375,cea28046,7570
105,1,1,20,3,1,5,TRAINING,5,6,1,7,34012675,0ea28c46,7395
105,1,1,20,3,1,6,TRAINING,3,0,0,3,14032675,2ea08c46,8946
105,1,1,20,3,1,7,TRAINING,0,10,0,2,12034675,28a0ec46,7106
105,1,1,20,3,1,8,TRAINING,7,4,0,6,52034671,68a0ec42,4131
105,1,1,20,3,1,9,TRAINING,6,12,1,7,52034176,68a0e24c,6650
105,1,1,20,3,1,10,TRAINING,2,8,1,1,52031476,68a02e4c,4788
105,1,1,20,3,1,11,TRAINING,0,10,0,2,52013476,68a20e4c,3771
105,1,1,20,3,1,12,TRAINING,7,4,0,3,52073416,68a40e2c,3506
105,1,1,20,3,1,13,TRAINING,6,12,1,7,51073426,62a40e8c,12412
105,1,1,20,3,1,14,TRAINING,5,6,1,0,50173426,6a240e8c,5704
105,1,1,20,3,1,15,TRAINING,3,0,0,4,54173026,6e240a8c,3514
105,1,1,20,3,1,16,TRAINING,1,2,1,2,57143026,642e0a8c,3771
105,1,1,20,3,1,17,TEST,5,6,1,1,true,10137
105,1,1,20,3,1,18,TEST,3,0,0,0,true,8404
105,1,1,20,3,1,19,TEST,6,12,1,0,false,4640
105,1,1,20,3,1,20,TEST,2,8,1,1,true,3921
105,1,1,20,3,1,21,TEST,4,14,0,1,false,7885
105,1,1,20,3,1,22,TEST,7,4,0,0,true,2224
105,1,1,20,3,1,23,TEST,1,2,1,1,true,1545
105,1,1,20,3,1,24,TEST,0,10,0,0,true,1291
105,1,1,20,3,2,25,TRAINING,6,12,1,1,46107253,ec2a4860,20089
105,1,1,20,3,2,26,TRAINING,2,8,1,5,46107235,ec2a4806,5496
105,1,1,20,3,2,27,TRAINING,2,8,1,5,46701235,ec4a2806,7825
105,1,1,20,3,2,28,TRAINING,1,2,1,1,41706235,e24ac806,3682
105,1,1,20,3,2,29,TRAINING,1,2,1,1,71406235,42eac806,8459
105,1,1,20,3,2,30,TRAINING,0,10,0,7,71456230,42e6c80a,6323
105,1,1,20,3,2,31,TRAINING,4,14,0,6,71356240,4206c8ea,7171
105,1,1,20,3,2,32,TRAINING,5,6,1,3,73156240,4026c8ea,8315
105,1,1,20,3,2,33,TRAINING,3,0,0,4,76153240,4c2608ea,5706
105,1,1,20,3,2,34,TRAINING,5,6,1,3,74153260,4e2608ca,9707
105,1,1,20,3,2,35,TRAINING,7,4,0,0,74253160,4e8602ca,3082
105,1,1,20,3,2,36,TRAINING,7,4,0,0,74153260,4e2608ca,10476
105,1,1,20,3,2,37,TRAINING,6,12,1,6,74103265,4e2a08c6,2835
105,1,1,20,3,2,38,TRAINING,0,10,0,3,74105263,4e2a68c0,8339
105,1,1,20,3,2,39,TRAINING,3,0,0,7,71405263,42ea68c0,7019
105,1,1,20,3,2,40,TRAINING,4,14,0,2,17405263,24ea68c0,2275
105,1,1,20,3,2,41,TEST,0,10,0,0,true,3649
105,1,1,20,3,2,42,TEST,6,12,1,1,true,5331
105,1,1,20,3,2,43,TEST,1,2,1,0,false,5786
105,1,1,20,3,2,44,TEST,4,14,0,1,false,4860
105,1,1,20,3,2,45,TEST,7,4,0,0,true,2363
105,1,1,20,3,2,46,TEST,2,8,1,1,true,2418
105,1,1,20,3,2,47,TEST,3,0,0,0,true,1037
105,1,1,20,3,2,48,TEST,5,6,1,1,true,3003
105,1,1,20,3,3,49,TRAINING,4,14,0,2,52403176,68ea024c,14929
105,1,1,20,3,3,50,TRAINING,7,4,0,3,52473106,68e402ac,3455
105,1,1,20,3,3,51,TRAINING,5,6,1,0,52473160,68e402ca,5002
105,1,1,20,3,3,52,TRAINING,6,12,1,6,53472160,60e482ca,15171
105,1,1,20,3,3,53,TRAINING,1,2,1,7,53472061,60e48ac2,4257
105,1,1,20,3,3,54,TRAINING,6,12,1,6,03472561,a0e486c2,7403
105,1,1,20,3,3,55,TRAINING,5,6,1,3,03452761,a0e684c2,5099
105,1,1,20,3,3,56,TRAINING,0,10,0,0,03452167,a0e682c4,1914
105,1,1,20,3,3,57,TRAINING,0,10,0,0,06452137,ace68204,7108
105,1,1,20,3,3,58,TRAINING,2,8,1,1,02456137,a8e6c204,2708
105,1,1,20,3,3,59,TRAINING,2,8,1,1,02756134,a846c20e,6931
105,1,1,20,3,3,60,TRAINING,1,2,1,5,32756104,0846c2ae,4572
105,1,1,20,3,3,61,TRAINING,3,0,0,0,32750164,0846a2ce,6651
105,1,1,20,3,3,62,TRAINING,4,14,0,7,32705164,084a62ce,6138
105,1,1,20,3,3,63,TRAINING,3,0,0,0,37205164,048a62ce,3443
105,1,1,20,3,3,64,TRAINING,7,4,0,1,37205614,048a6c2e,6851
105,1,1,20,3,3,65,TEST,5,6,1,1,true,3370
105,1,1,20,3,3,66,TEST,0,10,0,1,false,12883
105,1,1,20,3,3,67,TEST,1,2,1,1,true,3122
105,1,1,20,3,3,68,TEST,2,8,1,0,false,2715
105,1,1,20,3,3,69,TEST,4,14,0,0,true,1147
105,1,1,20,3,3,70,TEST,7,4,0,0,true,915
105,1,1,20,3,3,71,TEST,3,0,0,0,true,1419
105,1,1,20,3,3,72,TEST,6,12,1,1,true,1627
105,1,1,20,3,4,73,TRAINING,6,12,1,7,10247536,2a8e460c,10425
105,1,1,20,3,4,74,TRAINING,3,0,0,6,01247536,a28e460c,1640
105,1,1,20,3,4,75,TRAINING,0,10,0,0,02147536,a82e460c,6617
105,1,1,20,3,4,76,TRAINING,4,14,0,3,07142536,a42e860c,5849
105,1,1,20,3,4,77,TRAINING,5,6,1,5,07342516,a40e862c,5938
105,1,1,20,3,4,78,TRAINING,1,2,1,7,07342561,a40e86c2,6857
105,1,1,20,3,4,79,TRAINING,0,10,0,4,27340561,840ea6c2,2814
105,1,1,20,3,4,80,TRAINING,7,4,0,1,27430561,84e0a6c2,2477
105,1,1,20,3,4,81,TRAINING,3,0,0,3,57430261,64e0a8c2,4723
105,1,1,20,3,4,82,TRAINING,4,14,0,6,57630241,64c0a8e2,13291
105,1,1,20,3,4,83,TRAINING,1,2,1,7,50637241,6ac048e2,2570
105,1,1,20,3,4,84,TRAINING,2,8,1,5,05637241,a6c048e2,5356
105,1,1,20,3,4,85,TRAINING,2,8,1,5,05673241,a6c408e2,1906
105,1,1,20,3,4,86,TRAINING,5,6,1,1,05173246,a62408ec,2930
105,1,1,20,3,4,87,TRAINING,7,4,0,7,05163247,a62c08e4,5247
105,1,1,20,3,4,88,TRAINING,6,12,1,0,65103247,c62a08e4,3425
105,1,1,20,3,4,89,TEST,6,12,1,1,true,5185
105,1,1,20,3,4,90,TEST,0,10,0,0,true,1225
105,1,1,20,3,4,91,TEST,3,0,0,0,true,860
105,1,1,20,3,4,92,TEST,7,4,0,0,true,1348
105,1,1,20,3,4,93,TEST,4,14,0,0,true,2001
105,1,1,20,3,4,94,TEST,5,6,1,1,true,787
105,1,1,20,3,4,95,TEST,1,2,1,1,true,1267
105,1,1,20,3,4,96,TEST,2,8,1,1,true,2141
105,1,1,20,3,5,97,TRAINING,6,12,1,7,51432706,62e084ac,3112
105,1,1,20,3,5,98,TRAINING,4,14,0,4,51234706,6280e4ac,5803
105,1,1,20,3,5,99,TRAINING,3,0,0,3,51234076,6280ea4c,4450
105,1,1,20,3,5,100,TRAINING,6,12,1,5,51234670,6280ec4a,2373
105,1,1,20,3,5,101,TRAINING,2,8,1,6,51734620,6240ec8a,2163
105,1,1,20,3,5,102,TRAINING,2,8,1,6,51034627,62a0ec84,1911
105,1,1,20,3,5,103,TRAINING,1,2,1,0,15034627,26a0ec84,2972
105,1,1,20,3,5,104,TRAINING,7,4,0,7,10534627,2a60ec84,2551
105,1,1,20,3,5,105,TRAINING,5,6,1,2,10543627,2a6e0c84,3730
105,1,1,20,3,5,106,TRAINING,5,6,1,2,16543027,2c6e0a84,1468
105,1,1,20,3,5,107,TRAINING,0,10,0,0,06543127,ac6e0284,1929
105,1,1,20,3,5,108,TRAINING,4,14,0,3,06543172,ac6e0248,3759
105,1,1,20,3,5,109,TRAINING,7,4,0,6,02543176,a86e024c,8105
105,1,1,20,3,5,110,TRAINING,3,0,0,4,05243176,a68e024c,2250
105,1,1,20,3,5,111,TRAINING,0,10,0,0,02543176,a86e024c,1531
105,1,1,20,3,5,112,TRAINING,1,2,1,1,01543276,a26e084c,2241
105,1,1,20,3,5,113,TEST,3,0,0,0,true,1721
105,1,1,20,3,5,114,TEST,5,6,1,1,true,1082
105,1,1,20,3,5,115,TEST,1,2,1,1,true,851
105,1,1,20,3,5,116,TEST,7,4,0,0,true,795
105,1,1,20,3,5,117,TEST,6,12,1,1,true,949
105,1,1,20,3,5,118,TEST,4,14,0,0,true,712
105,1,1,20,3,5,119,TEST,0,10,0,0,true,710
105,1,1,20,3,5,120,TEST,2,8,1,1,true,899
105,1,1,20,3,INSTRUCT,postquestionnaire,1

rulestrategy:First I tried to remember them all individually but it did not help me pick up on the pattern. Then I simply tried to remember one group, I chose group 'A' assuming the remaining cards would all be group 'B'. Following this I was able to determine "smooth purple or rough blue" as the definition for group A.
howtoimprove:Not really, I had fun challenging myself. You could perhaps provide a little more description/instructions on amazons website about the actual survey/HIT and the nature, that way a worker knows more about what he/she is getting into by participating before having to accept the HIT and start the survey. Thats just a suggestion though, not necessarily needed.

Thank You Very Much.
engagement:10
difficulty:6
physicalaids:no