109,0,5,18,10,INSTRUCT,instruct1,31062
109,0,5,18,10,INSTRUCT,instructCatExample,10954
109,0,5,18,10,INSTRUCT,instructCatColor,2402
109,0,5,18,10,INSTRUCT,instructCatStripe,10152
109,0,5,18,10,INSTRUCT,instructDemoIntro,25043
109,0,5,18,10,INSTRUCT,instructDemo,117780
109,0,5,18,10,INSTRUCT,instructTest,25195
109,0,5,18,10,INSTRUCT,instructTest2,35586
109,0,5,18,10,INSTRUCT,instructDimColor,11733
109,0,5,18,10,INSTRUCT,instructDimBorder,3701
109,0,5,18,10,INSTRUCT,instructDimDots,2102
109,0,5,18,10,INSTRUCT,instructDimStripe,2642
109,0,5,18,10,INSTRUCT,instructDimAll,6829
109,0,5,18,10,INSTRUCT,instructFinal,16667
109,0,5,18,10,1,1,TRAINING,0,6,1,0,03241567,632e7fab,6218
109,0,5,18,10,1,2,TRAINING,4,14,0,3,03241765,632e7baf,1399
109,0,5,18,10,1,3,TRAINING,2,2,0,2,03246715,632eab7f,8269
109,0,5,18,10,1,4,TRAINING,4,14,0,3,03246751,632eabf7,3343
109,0,5,18,10,1,5,TRAINING,1,7,0,7,30246751,362eabf7,9064
109,0,5,18,10,1,6,TRAINING,0,6,1,2,32046751,326eabf7,4654
109,0,5,18,10,1,7,TRAINING,4,14,0,3,23046751,236eabf7,5551
109,0,5,18,10,1,8,TRAINING,4,14,0,3,23045761,236efba7,4401
109,0,5,18,10,1,9,TRAINING,6,10,1,6,73045261,b36ef2a7,1762
109,0,5,18,10,1,10,TRAINING,6,10,1,6,53047261,f36eb2a7,30630
109,0,5,18,10,1,11,TRAINING,4,14,0,4,53074261,f36be2a7,3248
109,0,5,18,10,1,12,TRAINING,3,3,1,1,13074265,736be2af,21197
109,0,5,18,10,1,13,TRAINING,1,7,0,0,13054267,736fe2ab,18261
109,0,5,18,10,1,14,TRAINING,0,6,1,2,13074265,736be2af,1759
109,0,5,18,10,1,15,TRAINING,7,11,0,3,15074263,7f6be2a3,87962
109,0,5,18,10,1,16,TRAINING,5,15,1,1,15072463,7f6b2ea3,35507
109,0,5,18,10,1,17,TEST,5,15,1,1,true,12738
109,0,5,18,10,1,18,TEST,6,10,1,1,true,3239
109,0,5,18,10,1,19,TEST,2,2,0,1,false,1562
109,0,5,18,10,1,20,TEST,0,6,1,0,false,1352
109,0,5,18,10,1,21,TEST,1,7,0,1,false,1600
109,0,5,18,10,1,22,TEST,4,14,0,0,true,2401
109,0,5,18,10,1,23,TEST,3,3,1,1,true,1400
109,0,5,18,10,1,24,TEST,7,11,0,1,false,1643
109,0,5,18,10,2,25,TRAINING,0,6,1,0,04751362,6ebf73a2,26838
109,0,5,18,10,2,26,TRAINING,2,2,0,7,04756312,6ebfa372,5690
109,0,5,18,10,2,27,TRAINING,1,7,0,2,04156372,6e7fa3b2,13287
109,0,5,18,10,2,28,TRAINING,3,3,1,0,34156072,3e7fa6b2,19196
109,0,5,18,10,2,29,TRAINING,4,14,0,6,37156042,3b7fa6e2,18310
109,0,5,18,10,2,30,TRAINING,5,15,1,3,37256041,3b2fa6e7,5084
109,0,5,18,10,2,31,TRAINING,7,11,0,1,37250641,3b2f6ae7,44979
109,0,5,18,10,2,32,TRAINING,4,14,0,6,67250341,ab2f63e7,8638
109,0,5,18,10,2,33,TRAINING,0,6,1,4,37250641,3b2f6ae7,25819
109,0,5,18,10,2,34,TRAINING,5,15,1,3,36250741,3a2f6be7,60513
109,0,5,18,10,2,35,TRAINING,4,14,0,5,36250471,3a2f6eb7,20196
109,0,5,18,10,2,36,TRAINING,6,10,1,1,36750421,3abf6e27,11362
109,0,5,18,10,2,37,TRAINING,0,6,1,4,76350421,ba3f6e27,5314
109,0,5,18,10,2,38,TRAINING,4,14,0,2,76450321,baef6327,4970
109,0,5,18,10,2,39,TRAINING,1,7,0,7,36450721,3aef6b27,6600
109,0,5,18,10,2,40,TRAINING,3,3,1,4,06453721,6aef3b27,30588
109,0,5,18,10,2,41,TEST,3,3,1,1,true,4591
109,0,5,18,10,2,42,TEST,0,6,1,1,true,8586
109,0,5,18,10,2,43,TEST,7,11,0,0,true,9798
109,0,5,18,10,2,44,TEST,5,15,1,1,true,3289
109,0,5,18,10,2,45,TEST,4,14,0,0,true,4416
109,0,5,18,10,2,46,TEST,6,10,1,1,true,1487
109,0,5,18,10,2,47,TEST,1,7,0,0,true,6073
109,0,5,18,10,2,48,TEST,2,2,0,0,true,11567
109,0,5,18,10,3,49,TRAINING,4,14,0,4,60534271,a6f3e2b7,23493
109,0,5,18,10,3,50,TRAINING,6,10,1,0,60534721,a6f3eb27,5423
109,0,5,18,10,3,51,TRAINING,5,15,1,2,60534271,a6f3e2b7,3975
109,0,5,18,10,3,52,TRAINING,7,11,0,4,60537241,a6f3b2e7,11428
109,0,5,18,10,3,53,TRAINING,0,6,1,6,64537201,aef3b267,9041
109,0,5,18,10,3,54,TRAINING,2,2,0,5,14537206,7ef3b26a,2840
109,0,5,18,10,3,55,TRAINING,1,7,0,1,41537206,e7f3b26a,2600
109,0,5,18,10,3,56,TRAINING,6,10,1,7,41037256,e763b2fa,8771
109,0,5,18,10,3,57,TRAINING,5,15,1,6,41073256,e76b32fa,11422
109,0,5,18,10,3,58,TRAINING,4,14,0,0,41072356,e76b23fa,1192
109,0,5,18,10,3,59,TRAINING,7,11,0,7,41062357,e76a23fb,1385
109,0,5,18,10,3,60,TRAINING,0,6,1,2,41062537,e76a2f3b,2343
109,0,5,18,10,3,61,TRAINING,2,2,0,4,14062537,7e6a2f3b,1505
109,0,5,18,10,3,62,TRAINING,1,7,0,0,15062437,7f6a2e3b,1160
109,0,5,18,10,3,63,TRAINING,3,3,1,6,15062734,7f6a2b3e,995
109,0,5,18,10,3,64,TRAINING,0,6,1,7,15462730,7fea2b36,3958
109,0,5,18,10,3,65,TEST,4,14,0,0,true,6678
109,0,5,18,10,3,66,TEST,5,15,1,1,true,2709
109,0,5,18,10,3,67,TEST,3,3,1,1,true,5607
109,0,5,18,10,3,68,TEST,2,2,0,0,true,7866
109,0,5,18,10,3,69,TEST,6,10,1,1,true,6984
109,0,5,18,10,3,70,TEST,0,6,1,1,true,8159
109,0,5,18,10,3,71,TEST,7,11,0,0,true,9767
109,0,5,18,10,3,72,TEST,1,7,0,1,false,3800
109,0,5,18,10,4,73,TRAINING,6,10,1,0,62043751,a26e3bf7,40406
109,0,5,18,10,4,74,TRAINING,7,11,0,3,62073451,a26b3ef7,4153
109,0,5,18,10,4,75,TRAINING,4,14,0,5,62075431,a26bfe37,2456
109,0,5,18,10,4,76,TRAINING,5,15,1,1,65072431,af6b2e37,3489
109,0,5,18,10,4,77,TRAINING,2,2,0,4,15072436,7f6b2e3a,11575
109,0,5,18,10,4,78,TRAINING,0,6,1,2,45072136,ef6b273a,1759
109,0,5,18,10,4,79,TRAINING,3,3,1,6,45012736,ef672b3a,5592
109,0,5,18,10,4,80,TRAINING,1,7,0,1,41052736,e76f2b3a,2529
109,0,5,18,10,4,81,TRAINING,6,10,1,7,01452736,67ef2b3a,6679
109,0,5,18,10,4,82,TRAINING,4,14,0,2,01472536,67eb2f3a,4911
109,0,5,18,10,4,83,TRAINING,5,15,1,5,31472506,37eb2f6a,6457
109,0,5,18,10,4,84,TRAINING,7,11,0,3,31470526,37eb6f2a,1712
109,0,5,18,10,4,85,TRAINING,4,14,0,2,30471526,36eb7f2a,20806
109,0,5,18,10,4,86,TRAINING,0,6,1,1,30476521,36ebaf27,961
109,0,5,18,10,4,87,TRAINING,2,2,0,6,30456721,36efab27,4159
109,0,5,18,10,4,88,TRAINING,3,3,1,4,60453721,a6ef3b27,4646
109,0,5,18,10,4,89,TEST,5,15,1,1,true,8538
109,0,5,18,10,4,90,TEST,1,7,0,0,true,3568
109,0,5,18,10,4,91,TEST,2,2,0,0,true,3815
109,0,5,18,10,4,92,TEST,3,3,1,1,true,3672
109,0,5,18,10,4,93,TEST,6,10,1,1,true,6478
109,0,5,18,10,4,94,TEST,7,11,0,0,true,3099
109,0,5,18,10,4,95,TEST,4,14,0,0,true,6122
109,0,5,18,10,4,96,TEST,0,6,1,1,true,3022
109,0,5,18,10,5,97,TRAINING,6,10,1,0,63520147,a3f267eb,16625
109,0,5,18,10,5,98,TRAINING,4,14,0,4,63524107,a3f2e76b,4894
109,0,5,18,10,5,99,TRAINING,7,11,0,3,63574102,a3fbe762,3512
109,0,5,18,10,5,100,TRAINING,5,15,1,2,60574132,a6fbe732,2936
109,0,5,18,10,5,101,TRAINING,2,2,0,7,64570132,aefb6732,6261
109,0,5,18,10,5,102,TRAINING,0,6,1,4,61570432,a7fb6e32,2370
109,0,5,18,10,5,103,TRAINING,1,7,0,1,61750432,a7bf6e32,6125
109,0,5,18,10,5,104,TRAINING,3,3,1,6,61750234,a7bf623e,3450
109,0,5,18,10,5,105,TRAINING,4,14,0,7,61720534,a7b26f3e,3544
109,0,5,18,10,5,106,TRAINING,5,15,1,1,65720134,afb2673e,1167
109,0,5,18,10,5,107,TRAINING,0,6,1,4,65710234,afb7623e,2224
109,0,5,18,10,5,108,TRAINING,1,7,0,3,65310274,af3762be,1177
109,0,5,18,10,5,109,TRAINING,6,10,1,2,35610274,3fa762be,3095
109,0,5,18,10,5,110,TRAINING,7,11,0,1,37610254,3ba762fe,1800
109,0,5,18,10,5,111,TRAINING,3,3,1,0,37610524,3ba76f2e,3614
109,0,5,18,10,5,112,TRAINING,2,2,0,6,37614520,3ba7ef26,1351
109,0,5,18,10,5,113,TEST,0,6,1,1,true,8926
109,0,5,18,10,5,114,TEST,1,7,0,0,true,3576
109,0,5,18,10,5,115,TEST,2,2,0,0,true,4577
109,0,5,18,10,5,116,TEST,5,15,1,1,true,3441
109,0,5,18,10,5,117,TEST,6,10,1,1,true,2809
109,0,5,18,10,5,118,TEST,4,14,0,0,true,1065
109,0,5,18,10,5,119,TEST,3,3,1,1,true,2799
109,0,5,18,10,5,120,TEST,7,11,0,0,true,6897
109,0,5,18,10,INSTRUCT,postquestionnaire,23

rulestrategy:Using purple with a white border and no stripe as a base A, the key was the number of alterations, or differences, from that base. An odd number of alterations indicated a B, whereas an even number of alterations indicated an A. For example purple with a yellow border and no stripe is one alteration(B). Blue with a white border and a stripe is two alterations (A). 
howtoimprove:
engagement:9
difficulty:6
physicalaids:no