114,1,5,0,10,INSTRUCT,instruct1,20375
114,1,5,0,10,INSTRUCT,instructCatExample,17315
114,1,5,0,10,INSTRUCT,instructCatColor,10828
114,1,5,0,10,INSTRUCT,instructCatStripe,12387
114,1,5,0,10,INSTRUCT,instructDemoIntro,33989
114,1,5,0,10,INSTRUCT,instructDemo,78372
114,1,5,0,10,INSTRUCT,instructTest,37555
114,1,5,0,10,INSTRUCT,instructTest2,26525
114,1,5,0,10,INSTRUCT,instructDimColor,20092
114,1,5,0,10,INSTRUCT,instructDimBorder,9389
114,1,5,0,10,INSTRUCT,instructDimDots,3461
114,1,5,0,10,INSTRUCT,instructDimStripe,5125
114,1,5,0,10,INSTRUCT,instructDimAll,6769
114,1,5,0,10,INSTRUCT,instructFinal,27061
114,1,5,0,10,1,1,TRAINING,7,14,0,6,65304172,6fc57de4,2699
114,1,5,0,10,1,2,TRAINING,4,7,0,4,25304176,4fc57de6,2426
114,1,5,0,10,1,3,TRAINING,2,4,0,0,25304671,4fc576ed,1849
114,1,5,0,10,1,4,TRAINING,2,4,0,0,25304761,4fc57e6d,3058
114,1,5,0,10,1,5,TRAINING,0,5,1,3,25306741,4fc56e7d,2306
114,1,5,0,10,1,6,TRAINING,0,5,1,3,25603741,4f65ce7d,1963
114,1,5,0,10,1,7,TRAINING,6,6,1,2,24603751,4765cefd,1624
114,1,5,0,10,1,8,TRAINING,1,13,0,7,34602751,c7654efd,4242
114,1,5,0,10,1,9,TRAINING,3,12,1,1,43602751,7c654efd,2138
114,1,5,0,10,1,10,TRAINING,3,12,1,1,43620751,7c645efd,4505
114,1,5,0,10,1,11,TRAINING,1,13,0,7,73620451,ec6457fd,2466
114,1,5,0,10,1,12,TRAINING,5,15,1,6,73026451,ec5467fd,1729
114,1,5,0,10,1,13,TRAINING,7,14,0,0,73206451,ec4567fd,2090
114,1,5,0,10,1,14,TRAINING,6,6,1,5,73204651,ec4576fd,1706
114,1,5,0,10,1,15,TRAINING,4,7,0,4,73024651,ec5476fd,3498
114,1,5,0,10,1,16,TRAINING,5,15,1,6,73014652,ec5d76f4,1800
114,1,5,0,10,1,17,TEST,1,13,0,1,false,3304
114,1,5,0,10,1,18,TEST,7,14,0,0,true,4707
114,1,5,0,10,1,19,TEST,4,7,0,0,true,3801
114,1,5,0,10,1,20,TEST,2,4,0,1,false,1392
114,1,5,0,10,1,21,TEST,5,15,1,1,true,994
114,1,5,0,10,1,22,TEST,3,12,1,0,false,1960
114,1,5,0,10,1,23,TEST,0,5,1,0,false,840
114,1,5,0,10,1,24,TEST,6,6,1,1,true,1640
114,1,5,0,10,2,25,TRAINING,2,4,0,7,13407562,dc75ef64,5710
114,1,5,0,10,2,26,TRAINING,7,14,0,3,13470562,dc7e5f64,5352
114,1,5,0,10,2,27,TRAINING,0,5,1,1,10473562,d57ecf64,3769
114,1,5,0,10,2,28,TRAINING,6,6,1,2,10673542,d56ecf74,2873
114,1,5,0,10,2,29,TRAINING,3,12,1,3,10637542,d56cef74,26112
114,1,5,0,10,2,30,TRAINING,1,13,0,5,50637142,f56ced74,5547
114,1,5,0,10,2,31,TRAINING,4,7,0,6,56037142,f65ced74,2298
114,1,5,0,10,2,32,TRAINING,6,6,1,1,26037145,465ced7f,1617
114,1,5,0,10,2,33,TRAINING,4,7,0,6,26057143,465fed7c,1761
114,1,5,0,10,2,34,TRAINING,5,15,1,3,76052143,e65f4d7c,1658
114,1,5,0,10,2,35,TRAINING,3,12,1,7,67052143,6e5f4d7c,12721
114,1,5,0,10,2,36,TRAINING,1,13,0,1,61052743,6d5f4e7c,2842
114,1,5,0,10,2,37,TRAINING,0,5,1,0,01652743,5d6f4e7c,2929
114,1,5,0,10,2,38,TRAINING,2,4,0,4,01652734,5d6f4ec7,5689
114,1,5,0,10,2,39,TRAINING,5,15,1,3,01652743,5d6f4e7c,5682
114,1,5,0,10,2,40,TRAINING,7,14,0,5,31652740,cd6f4e75,1862
114,1,5,0,10,2,41,TEST,5,15,1,1,true,3967
114,1,5,0,10,2,42,TEST,0,5,1,1,true,3378
114,1,5,0,10,2,43,TEST,7,14,0,0,true,1306
114,1,5,0,10,2,44,TEST,1,13,0,1,false,3002
114,1,5,0,10,2,45,TEST,3,12,1,0,false,1073
114,1,5,0,10,2,46,TEST,6,6,1,0,false,513
114,1,5,0,10,2,47,TEST,4,7,0,1,false,658
114,1,5,0,10,2,48,TEST,2,4,0,1,false,439
114,1,5,0,10,3,49,TRAINING,7,14,0,4,43527061,7cf4e56d,27280
114,1,5,0,10,3,50,TRAINING,6,6,1,6,43507261,7cf5e46d,4401
114,1,5,0,10,3,51,TRAINING,0,5,1,3,45307261,7fc5e46d,5000
114,1,5,0,10,3,52,TRAINING,5,15,1,1,45307162,7fc5ed64,4801
114,1,5,0,10,3,53,TRAINING,3,12,1,2,25307164,4fc5ed67,1954
114,1,5,0,10,3,54,TRAINING,4,7,0,4,25304167,4fc57d6e,2001
114,1,5,0,10,3,55,TRAINING,2,4,0,7,75304162,efc57d64,4129
114,1,5,0,10,3,56,TRAINING,4,7,0,4,35704162,cfe57d64,11521
114,1,5,0,10,3,57,TRAINING,2,4,0,7,35764102,cfe67d54,4050
114,1,5,0,10,3,58,TRAINING,1,13,0,2,35164702,cfd67e54,10657
114,1,5,0,10,3,59,TRAINING,7,14,0,5,35146702,cfd76e54,4089
114,1,5,0,10,3,60,TRAINING,3,12,1,7,25146703,4fd76e5c,2402
114,1,5,0,10,3,61,TRAINING,0,5,1,6,52146703,f4d76e5c,7321
114,1,5,0,10,3,62,TRAINING,1,13,0,2,57146203,fed7645c,3801
114,1,5,0,10,3,63,TRAINING,5,15,1,0,56147203,f6d7e45c,12931
114,1,5,0,10,3,64,TRAINING,6,6,1,6,50147263,f5d7e46c,3113
114,1,5,0,10,3,65,TEST,3,12,1,1,true,2167
114,1,5,0,10,3,66,TEST,1,13,0,0,true,1334
114,1,5,0,10,3,67,TEST,5,15,1,0,false,1074
114,1,5,0,10,3,68,TEST,6,6,1,1,true,1231
114,1,5,0,10,3,69,TEST,0,5,1,0,false,2738
114,1,5,0,10,3,70,TEST,4,7,0,1,false,1016
114,1,5,0,10,3,71,TEST,2,4,0,1,false,920
114,1,5,0,10,3,72,TEST,7,14,0,0,true,809
114,1,5,0,10,4,73,TRAINING,6,6,1,5,04327651,57c4e6fd,30533
114,1,5,0,10,4,74,TRAINING,2,4,0,0,24307651,47c5e6fd,3681
114,1,5,0,10,4,75,TRAINING,7,14,0,3,24370651,47ce56fd,2441
114,1,5,0,10,4,76,TRAINING,4,7,0,1,24370561,47ce5f6d,1962
114,1,5,0,10,4,77,TRAINING,0,5,1,4,24370165,47ce5d6f,1995
114,1,5,0,10,4,78,TRAINING,6,6,1,6,24570163,47fe5d6c,2017
114,1,5,0,10,4,79,TRAINING,1,13,0,5,54270163,f74e5d6c,1880
114,1,5,0,10,4,80,TRAINING,3,12,1,7,52470163,f47e5d6c,1713
114,1,5,0,10,4,81,TRAINING,4,7,0,0,42570163,74fe5d6c,1642
114,1,5,0,10,4,82,TRAINING,7,14,0,6,42560173,74f65dec,1521
114,1,5,0,10,4,83,TRAINING,5,15,1,2,43560172,7cf65de4,1514
114,1,5,0,10,4,84,TRAINING,0,5,1,4,63540172,6cf75de4,1729
114,1,5,0,10,4,85,TRAINING,5,15,1,2,23540176,4cf75de6,1986
114,1,5,0,10,4,86,TRAINING,3,12,1,3,24530176,47fc5de6,2498
114,1,5,0,10,4,87,TRAINING,2,4,0,0,24530716,47fc5ed6,1865
114,1,5,0,10,4,88,TRAINING,1,13,0,6,24035716,475cfed6,3009
114,1,5,0,10,4,89,TEST,0,5,1,0,false,2209
114,1,5,0,10,4,90,TEST,5,15,1,1,true,641
114,1,5,0,10,4,91,TEST,3,12,1,1,true,393
114,1,5,0,10,4,92,TEST,6,6,1,0,false,657
114,1,5,0,10,4,93,TEST,2,4,0,1,false,410
114,1,5,0,10,4,94,TEST,4,7,0,0,true,848
114,1,5,0,10,4,95,TEST,1,13,0,0,true,368
114,1,5,0,10,4,96,TEST,7,14,0,0,true,340
114,1,5,0,10,5,97,TRAINING,1,13,0,1,71345062,edc7f564,3353
114,1,5,0,10,5,98,TRAINING,2,4,0,7,71543062,edf7c564,1929
114,1,5,0,10,5,99,TRAINING,1,13,0,1,71453062,ed7fc564,1602
114,1,5,0,10,5,100,TRAINING,0,5,1,5,31457062,cd7fe564,1682
114,1,5,0,10,5,101,TRAINING,2,4,0,7,31475062,cd7ef564,1850
114,1,5,0,10,5,102,TRAINING,6,6,1,3,31465072,cd76f5e4,2169
114,1,5,0,10,5,103,TRAINING,0,5,1,2,31065472,cd56f7e4,1393
114,1,5,0,10,5,104,TRAINING,7,14,0,6,51063472,fd56c7e4,1658
114,1,5,0,10,5,105,TRAINING,3,12,1,0,31065472,cd56f7e4,1450
114,1,5,0,10,5,106,TRAINING,3,12,1,0,31064572,cd567fe4,1402
114,1,5,0,10,5,107,TRAINING,4,7,0,4,31074562,cd5e7f64,1562
114,1,5,0,10,5,108,TRAINING,4,7,0,4,36074512,c65e7fd4,2690
114,1,5,0,10,5,109,TRAINING,6,6,1,1,36174502,c6de7f54,1473
114,1,5,0,10,5,110,TRAINING,7,14,0,3,36174205,c6de745f,1882
114,1,5,0,10,5,111,TRAINING,5,15,1,7,36274105,c64e7d5f,1601
114,1,5,0,10,5,112,TRAINING,5,15,1,7,06274135,564e7dcf,1803
114,1,5,0,10,5,113,TEST,5,15,1,0,false,1193
114,1,5,0,10,5,114,TEST,4,7,0,0,true,416
114,1,5,0,10,5,115,TEST,6,6,1,0,false,825
114,1,5,0,10,5,116,TEST,7,14,0,1,false,497
114,1,5,0,10,5,117,TEST,0,5,1,0,false,657
114,1,5,0,10,5,118,TEST,1,13,0,1,false,1336
114,1,5,0,10,5,119,TEST,3,12,1,1,true,2737
114,1,5,0,10,5,120,TEST,2,4,0,1,false,921
114,1,5,0,10,6,121,TRAINING,0,5,1,1,70321654,e5c4d6f7,1179
114,1,5,0,10,6,122,TRAINING,3,12,1,2,70321645,e5c4d67f,10521
114,1,5,0,10,6,123,TRAINING,6,6,1,5,50321647,f5c4d67e,1354
114,1,5,0,10,6,124,TRAINING,3,12,1,2,52301647,f4c5d67e,1595
114,1,5,0,10,6,125,TRAINING,0,5,1,4,52310647,f4cd567e,1505
114,1,5,0,10,6,126,TRAINING,7,14,0,7,54310627,f7cd564e,1870
114,1,5,0,10,6,127,TRAINING,1,13,0,3,45310627,7fcd564e,1617
114,1,5,0,10,6,128,TRAINING,7,14,0,7,45210637,7f4d56ce,1733
114,1,5,0,10,6,129,TRAINING,5,15,1,1,25410637,4f7d56ce,1991
114,1,5,0,10,6,130,TRAINING,5,15,1,1,25410367,4f7d5c6e,9176
114,1,5,0,10,6,131,TRAINING,2,4,0,4,05412367,5f7d4c6e,2906
114,1,5,0,10,6,132,TRAINING,4,7,0,2,05472361,5f7e4c6d,1714
114,1,5,0,10,6,133,TRAINING,4,7,0,2,05412367,5f7d4c6e,1874
114,1,5,0,10,6,134,TRAINING,1,13,0,3,05413267,5f7dc46e,1786
114,1,5,0,10,6,135,TRAINING,6,6,1,7,05413276,5f7dc4e6,1577
114,1,5,0,10,6,136,TRAINING,2,4,0,5,03415276,5c7df4e6,1801
114,1,5,0,10,6,137,TEST,3,12,1,1,true,2688
114,1,5,0,10,6,138,TEST,0,5,1,0,false,1601
114,1,5,0,10,6,139,TEST,1,13,0,0,true,768
114,1,5,0,10,6,140,TEST,6,6,1,1,true,1064
114,1,5,0,10,6,141,TEST,4,7,0,1,false,3552
114,1,5,0,10,6,142,TEST,2,4,0,0,true,794
114,1,5,0,10,6,143,TEST,7,14,0,0,true,408
114,1,5,0,10,6,144,TEST,5,15,1,1,true,440
114,1,5,0,10,7,145,TRAINING,3,12,1,6,15704632,dfe576c4,10513
114,1,5,0,10,7,146,TRAINING,6,6,1,2,15604732,df657ec4,13273
114,1,5,0,10,7,147,TRAINING,0,5,1,3,15604237,df6574ce,1993
114,1,5,0,10,7,148,TRAINING,3,12,1,6,25604137,4f657dce,5858
114,1,5,0,10,7,149,TRAINING,6,6,1,0,65204137,6f457dce,10066
114,1,5,0,10,7,150,TRAINING,5,15,1,2,62504137,64f57dce,1913
114,1,5,0,10,7,151,TRAINING,2,4,0,1,62574130,64fe7dc5,2617
114,1,5,0,10,7,152,TRAINING,7,14,0,3,62574031,64fe75cd,9457
114,1,5,0,10,7,153,TRAINING,4,7,0,2,62475031,647ef5cd,2921
114,1,5,0,10,7,154,TRAINING,1,13,0,7,62475301,647efc5d,10697
114,1,5,0,10,7,155,TRAINING,2,4,0,1,62475031,647ef5cd,44807
114,1,5,0,10,7,156,TRAINING,7,14,0,3,62473051,647ec5fd,18001
114,1,5,0,10,7,157,TRAINING,0,5,1,5,52473061,f47ec56d,50689
114,1,5,0,10,7,158,TRAINING,1,13,0,7,52673041,f46ec57d,10401
114,1,5,0,10,7,159,TRAINING,5,15,1,2,62573041,64fec57d,1914
114,1,5,0,10,7,160,TRAINING,4,7,0,6,67523041,6ef4c57d,1402
114,1,5,0,10,7,161,TEST,6,6,1,1,true,22326
114,1,5,0,10,7,162,TEST,2,4,0,0,true,2577
114,1,5,0,10,7,163,TEST,0,5,1,1,true,3072
114,1,5,0,10,7,164,TEST,4,7,0,0,true,1138
114,1,5,0,10,7,165,TEST,5,15,1,1,true,2265
114,1,5,0,10,7,166,TEST,1,13,0,0,true,2714
114,1,5,0,10,7,167,TEST,7,14,0,1,false,2297
114,1,5,0,10,7,168,TEST,3,12,1,0,false,1096
114,1,5,0,10,8,169,TRAINING,1,13,0,4,46201735,7645decf,2280
114,1,5,0,10,8,170,TRAINING,1,13,0,4,46201375,7645dcef,5192
114,1,5,0,10,8,171,TRAINING,3,12,1,3,46231075,764cd5ef,3514
114,1,5,0,10,8,172,TRAINING,6,6,1,6,47231065,7e4cd56f,20832
114,1,5,0,10,8,173,TRAINING,5,15,1,0,57231064,fe4cd567,2078
114,1,5,0,10,8,174,TRAINING,0,5,1,7,57231460,fe4cd765,1523
114,1,5,0,10,8,175,TRAINING,4,7,0,5,57631420,fe6cd745,4074
114,1,5,0,10,8,176,TRAINING,6,6,1,2,57613420,fe6dc745,2592
114,1,5,0,10,8,177,TRAINING,2,4,0,6,57610423,fe6d574c,3817
114,1,5,0,10,8,178,TRAINING,7,14,0,7,53610427,fc6d574e,6633
114,1,5,0,10,8,179,TRAINING,4,7,0,5,53160427,fcd6574e,2378
114,1,5,0,10,8,180,TRAINING,0,5,1,4,52160437,f4d657ce,2066
114,1,5,0,10,8,181,TRAINING,7,14,0,7,52130467,f4dc576e,4538
114,1,5,0,10,8,182,TRAINING,2,4,0,1,52430167,f47c5d6e,6338
114,1,5,0,10,8,183,TRAINING,5,15,1,0,52460137,f4765dce,2636
114,1,5,0,10,8,184,TRAINING,3,12,1,5,52460317,f4765cde,6177
114,1,5,0,10,8,185,TEST,4,7,0,0,true,1766
114,1,5,0,10,8,186,TEST,6,6,1,1,true,2192
114,1,5,0,10,8,187,TEST,0,5,1,1,true,2641
114,1,5,0,10,8,188,TEST,2,4,0,0,true,2161
114,1,5,0,10,8,189,TEST,7,14,0,0,true,8123
114,1,5,0,10,8,190,TEST,3,12,1,1,true,1481
114,1,5,0,10,8,191,TEST,5,15,1,1,true,3064
114,1,5,0,10,8,192,TEST,1,13,0,0,true,777
114,1,5,0,10,9,193,TRAINING,7,14,0,0,76035142,e65cfd74,17031
114,1,5,0,10,9,194,TRAINING,7,14,0,0,73065142,ec56fd74,1785
114,1,5,0,10,9,195,TRAINING,6,6,1,3,72065143,e456fd7c,1681
114,1,5,0,10,9,196,TRAINING,2,4,0,6,74065123,e756fd4c,1946
114,1,5,0,10,9,197,TRAINING,6,6,1,3,73065124,ec56fd47,1545
114,1,5,0,10,9,198,TRAINING,4,7,0,7,37065124,ce56fd47,1641
114,1,5,0,10,9,199,TRAINING,5,15,1,4,31065724,cd56fe47,1569
114,1,5,0,10,9,200,TRAINING,1,13,0,1,71065324,ed56fc47,1619
114,1,5,0,10,9,201,TRAINING,5,15,1,4,71365024,edc6f547,2274
114,1,5,0,10,9,202,TRAINING,4,7,0,5,71365420,edc6f745,1386
114,1,5,0,10,9,203,TRAINING,3,12,1,6,71265430,ed46f7c5,1697
114,1,5,0,10,9,204,TRAINING,2,4,0,3,71625430,ed64f7c5,2498
114,1,5,0,10,9,205,TRAINING,3,12,1,6,70625431,e564f7cd,1929
114,1,5,0,10,9,206,TRAINING,0,5,1,7,71625430,ed64f7c5,4866
114,1,5,0,10,9,207,TRAINING,0,5,1,7,75621430,ef64d7c5,1634
114,1,5,0,10,9,208,TRAINING,1,13,0,4,45621730,7f64dec5,4042
114,1,5,0,10,9,209,TEST,5,15,1,1,true,2969
114,1,5,0,10,9,210,TEST,1,13,0,0,true,1329
114,1,5,0,10,9,211,TEST,6,6,1,1,true,10753
114,1,5,0,10,9,212,TEST,7,14,0,0,true,3066
114,1,5,0,10,9,213,TEST,2,4,0,0,true,2329
114,1,5,0,10,9,214,TEST,0,5,1,1,true,1361
114,1,5,0,10,9,215,TEST,3,12,1,1,true,2938
114,1,5,0,10,9,216,TEST,4,7,0,0,true,1193
114,1,5,0,10,INSTRUCT,postquestionnaire,1

rulestrategy:just memorized what each one was. noticed it was all based on opposites. 
howtoimprove:
engagement:6
difficulty:10
physicalaids:no