116,0,1,15,2,INSTRUCT,instruct1,14364
116,0,1,15,2,INSTRUCT,instructCatExample,27610
116,0,1,15,2,INSTRUCT,instructCatColor,9727
116,0,1,15,2,INSTRUCT,instructCatStripe,16049
116,0,1,15,2,INSTRUCT,instructDemoIntro,27854
116,0,1,15,2,INSTRUCT,instructDemo,84848
116,0,1,15,2,INSTRUCT,instructTest,37076
116,0,1,15,2,INSTRUCT,instructTest2,37686
116,0,1,15,2,INSTRUCT,instructDimColor,24068
116,0,1,15,2,INSTRUCT,instructDimBorder,4835
116,0,1,15,2,INSTRUCT,instructDimDots,5648
116,0,1,15,2,INSTRUCT,instructDimStripe,8176
116,0,1,15,2,INSTRUCT,instructDimAll,11674
116,0,1,15,2,INSTRUCT,instructFinal,27606
116,0,1,15,2,1,1,TRAINING,1,6,1,0,15246037,67031245,10219
116,0,1,15,2,1,2,TRAINING,2,0,1,2,15206437,67021345,2271
116,0,1,15,2,1,3,TRAINING,0,2,0,5,15246037,67031245,1579
116,0,1,15,2,1,4,TRAINING,4,3,0,3,15247036,67035241,2079
116,0,1,15,2,1,5,TRAINING,6,1,1,7,13247056,64035271,1650
116,0,1,15,2,1,6,TRAINING,5,7,1,6,31247056,46035271,5184
116,0,1,15,2,1,7,TRAINING,7,5,0,4,01247356,26035471,1175
116,0,1,15,2,1,8,TRAINING,3,4,0,5,10247356,62035471,2688
116,0,1,15,2,1,9,TRAINING,0,2,0,1,10257346,62075431,2340
116,0,1,15,2,1,10,TRAINING,4,3,0,6,10752346,62570431,1145
116,0,1,15,2,1,11,TRAINING,1,6,1,0,10352746,62470531,2722
116,0,1,15,2,1,12,TRAINING,5,7,1,3,10356742,62471530,1222
116,0,1,15,2,1,13,TRAINING,3,4,0,2,14356702,63471520,2005
116,0,1,15,2,1,14,TRAINING,7,5,0,4,14357602,63475120,1389
116,0,1,15,2,1,15,TRAINING,0,2,0,6,16357402,61475320,2168
116,0,1,15,2,1,16,TRAINING,4,3,0,5,16537402,61745320,1094
116,0,1,15,2,1,17,TEST,1,6,1,1,true,4976
116,0,1,15,2,1,18,TEST,6,1,1,0,false,2170
116,0,1,15,2,1,19,TEST,7,5,0,1,false,5202
116,0,1,15,2,1,20,TEST,5,7,1,0,false,2568
116,0,1,15,2,1,21,TEST,4,3,0,1,false,2136
116,0,1,15,2,1,22,TEST,0,2,0,1,false,1426
116,0,1,15,2,1,23,TEST,2,0,1,0,false,2037
116,0,1,15,2,1,24,TEST,3,4,0,1,false,1579
116,0,1,15,2,2,25,TRAINING,7,5,0,7,24136507,03641725,5962
116,0,1,15,2,2,26,TRAINING,3,4,0,3,24631507,03146725,1141
116,0,1,15,2,2,27,TRAINING,4,3,0,0,42631507,30146725,2389
116,0,1,15,2,2,28,TRAINING,0,2,0,6,42637501,30145726,1162
116,0,1,15,2,2,29,TRAINING,5,7,1,5,42673501,30154726,1361
116,0,1,15,2,2,30,TRAINING,1,6,1,1,41673502,36154720,1736
116,0,1,15,2,2,31,TRAINING,2,0,1,7,41763502,36514720,2660
116,0,1,15,2,2,32,TRAINING,6,1,1,3,41763052,36514270,1022
116,0,1,15,2,2,33,TRAINING,5,7,1,1,45763012,37514260,2353
116,0,1,15,2,2,34,TRAINING,1,6,1,6,75463012,57314260,2314
116,0,1,15,2,2,35,TRAINING,3,4,0,4,45763012,37514260,1639
116,0,1,15,2,2,36,TRAINING,7,5,0,2,45723016,37504261,1676
116,0,1,15,2,2,37,TRAINING,4,3,0,0,42753016,30574261,1870
116,0,1,15,2,2,38,TRAINING,0,2,0,5,42753061,30574216,1585
116,0,1,15,2,2,39,TRAINING,7,5,0,2,42763051,30514276,1801
116,0,1,15,2,2,40,TRAINING,3,4,0,4,41763052,36514270,1109
116,0,1,15,2,2,41,TEST,6,1,1,0,false,9156
116,0,1,15,2,2,42,TEST,7,5,0,1,false,1490
116,0,1,15,2,2,43,TEST,3,4,0,1,false,862
116,0,1,15,2,2,44,TEST,0,2,0,0,true,1070
116,0,1,15,2,2,45,TEST,4,3,0,0,true,1547
116,0,1,15,2,2,46,TEST,1,6,1,1,true,2504
116,0,1,15,2,2,47,TEST,5,7,1,1,true,737
116,0,1,15,2,2,48,TEST,2,0,1,1,true,2129
116,0,1,15,2,3,49,TRAINING,1,6,1,0,17056432,65271340,4206
116,0,1,15,2,3,50,TRAINING,5,7,1,3,17053462,65274310,2660
116,0,1,15,2,3,51,TRAINING,6,1,1,6,17350462,65472310,1492
116,0,1,15,2,3,52,TRAINING,2,0,1,7,71350462,56472310,1169
116,0,1,15,2,3,53,TRAINING,1,6,1,1,71340562,56432710,1791
116,0,1,15,2,3,54,TRAINING,5,7,1,6,71340652,56432170,2167
116,0,1,15,2,3,55,TRAINING,6,1,1,5,71320654,56402173,1767
116,0,1,15,2,3,56,TRAINING,2,0,1,3,71023654,56204173,1000
116,0,1,15,2,3,57,TRAINING,5,7,1,4,71025634,56207143,1503
116,0,1,15,2,3,58,TRAINING,1,6,1,1,71025643,56207134,1005
116,0,1,15,2,3,59,TRAINING,2,0,1,3,71325640,56407132,1756
116,0,1,15,2,3,60,TRAINING,6,1,1,5,71320645,56402137,1108
116,0,1,15,2,3,61,TRAINING,1,6,1,2,73120645,54602137,1404
116,0,1,15,2,3,62,TRAINING,5,7,1,6,73120654,54602173,1334
116,0,1,15,2,3,63,TRAINING,6,1,1,5,72130654,50642173,1330
116,0,1,15,2,3,64,TRAINING,2,0,1,7,74130652,53642170,1661
116,0,1,15,2,3,65,TEST,3,4,0,0,true,1510
116,0,1,15,2,3,66,TEST,4,3,0,0,true,2495
116,0,1,15,2,3,67,TEST,7,5,0,0,true,2251
116,0,1,15,2,3,68,TEST,2,0,1,1,true,924
116,0,1,15,2,3,69,TEST,6,1,1,1,true,778
116,0,1,15,2,3,70,TEST,1,6,1,1,true,1972
116,0,1,15,2,3,71,TEST,5,7,1,1,true,690
116,0,1,15,2,3,72,TEST,0,2,0,0,true,1333
116,0,1,15,2,4,73,TRAINING,2,0,1,2,17230456,65042371,1930
116,0,1,15,2,4,74,TRAINING,6,1,1,7,17203456,65024371,1084
116,0,1,15,2,4,75,TRAINING,5,7,1,6,17230456,65042371,1300
116,0,1,15,2,4,76,TRAINING,1,6,1,0,17240356,65032471,2456
116,0,1,15,2,4,77,TRAINING,6,1,1,1,16240357,61032475,1975
116,0,1,15,2,4,78,TRAINING,2,0,1,2,16204357,61023475,1109
116,0,1,15,2,4,79,TRAINING,5,7,1,6,16204753,61023574,1198
116,0,1,15,2,4,80,TRAINING,1,6,1,0,13204756,64023571,1065
116,0,1,15,2,4,81,TRAINING,7,5,0,5,13024756,64203571,924
116,0,1,15,2,4,82,TRAINING,2,0,1,3,13025746,64207531,1392
116,0,1,15,2,4,83,TRAINING,6,1,1,2,13625740,64107532,1492
116,0,1,15,2,4,84,TRAINING,1,6,1,0,13625704,64107523,1243
116,0,1,15,2,4,85,TRAINING,5,7,1,4,17625304,65107423,1113
116,0,1,15,2,4,86,TRAINING,6,1,1,2,17625340,65107432,1106
116,0,1,15,2,4,87,TRAINING,2,0,1,3,13625740,64107532,2647
116,0,1,15,2,4,88,TRAINING,1,6,1,0,10625743,62107534,1285
116,0,1,15,2,4,89,TEST,4,3,0,0,true,2773
116,0,1,15,2,4,90,TEST,6,1,1,1,true,911
116,0,1,15,2,4,91,TEST,1,6,1,1,true,771
116,0,1,15,2,4,92,TEST,7,5,0,0,true,1284
116,0,1,15,2,4,93,TEST,2,0,1,1,true,1006
116,0,1,15,2,4,94,TEST,3,4,0,0,true,2249
116,0,1,15,2,4,95,TEST,0,2,0,0,true,1095
116,0,1,15,2,4,96,TEST,5,7,1,1,true,1802
116,0,1,15,2,INSTRUCT,postquestionnaire,11

rulestrategy:I tried to find the A and B rule in the test. Once I discovered what they were,I only clicked on B during the practice rounds. (I hit A once one the third practice round) That way it was easier for me to quickly remember both A and B.   
howtoimprove:No,I did not use anything other than my memory. Honestly I enjoyed the experiment! I would like more HITS like this one.
engagement:5
difficulty:4
physicalaids:no