119,1,3,1,0,INSTRUCT,instruct1,15995
119,1,3,1,0,INSTRUCT,instructCatExample,11949
119,1,3,1,0,INSTRUCT,instructCatColor,5115
119,1,3,1,0,INSTRUCT,instructCatStripe,12523
119,1,3,1,0,INSTRUCT,instructDemoIntro,35286
119,1,3,1,0,INSTRUCT,instructDemo,63055
119,1,3,1,0,INSTRUCT,instructTest,14953
119,1,3,1,0,INSTRUCT,instructTest2,33125
119,1,3,1,0,INSTRUCT,instructDimColor,10150
119,1,3,1,0,INSTRUCT,instructDimBorder,5118
119,1,3,1,0,INSTRUCT,instructDimDots,2739
119,1,3,1,0,INSTRUCT,instructDimStripe,2593
119,1,3,1,0,INSTRUCT,instructDimAll,11774
119,1,3,1,0,INSTRUCT,instructFinal,11113
119,1,3,1,0,1,1,TRAINING,4,2,1,0,40135267,204c68ae,6327
119,1,3,1,0,1,2,TRAINING,5,6,0,4,40235167,208c64ae,2884
119,1,3,1,0,1,3,TRAINING,7,14,0,7,40135267,204c68ae,3106
119,1,3,1,0,1,4,TRAINING,2,8,1,1,42135067,284c60ae,2584
119,1,3,1,0,1,5,TRAINING,0,0,1,0,02135467,084c62ae,1878
119,1,3,1,0,1,6,TRAINING,6,10,0,3,02165437,084a62ce,2348
119,1,3,1,0,1,7,TRAINING,1,4,1,2,04165237,024a68ce,4236
119,1,3,1,0,1,8,TRAINING,0,0,1,0,04163257,024ac86e,2048
119,1,3,1,0,1,9,TRAINING,1,4,1,2,04163275,024ac8e6,4618
119,1,3,1,0,1,10,TRAINING,6,10,0,3,04163257,024ac86e,4917
119,1,3,1,0,1,11,TRAINING,2,8,1,5,05163247,064ac82e,2928
119,1,3,1,0,1,12,TRAINING,3,12,0,4,05763241,06eac824,2779
119,1,3,1,0,1,13,TRAINING,4,2,1,6,15763240,46eac820,2289
119,1,3,1,0,1,14,TRAINING,7,14,0,2,12763540,48eac620,4270
119,1,3,1,0,1,15,TRAINING,5,6,0,5,12760543,48ea062c,2830
119,1,3,1,0,1,16,TRAINING,3,12,0,7,16720543,4ae8062c,2457
119,1,3,1,0,1,17,TEST,3,12,0,0,true,3895
119,1,3,1,0,1,18,TEST,5,6,0,1,false,3166
119,1,3,1,0,1,19,TEST,4,2,1,1,true,2013
119,1,3,1,0,1,20,TEST,6,10,0,0,true,2249
119,1,3,1,0,1,21,TEST,0,0,1,1,true,1914
119,1,3,1,0,1,22,TEST,7,14,0,1,false,1483
119,1,3,1,0,1,23,TEST,2,8,1,0,false,1128
119,1,3,1,0,1,24,TEST,1,4,1,1,true,1160
119,1,3,1,0,2,25,TRAINING,5,6,0,5,07361542,0eca4628,2057
119,1,3,1,0,2,26,TRAINING,7,14,0,1,37061542,ce0a4628,6572
119,1,3,1,0,2,27,TRAINING,4,2,1,6,07361542,0eca4628,2630
119,1,3,1,0,2,28,TRAINING,5,6,0,5,07261543,0e8a462c,2315
119,1,3,1,0,2,29,TRAINING,7,14,0,1,07216543,0e84a62c,2656
119,1,3,1,0,2,30,TRAINING,2,8,1,2,17206543,4e80a62c,3738
119,1,3,1,0,2,31,TRAINING,1,4,1,5,57206143,6e80a42c,2957
119,1,3,1,0,2,32,TRAINING,0,0,1,3,53206147,6c80a42e,2097
119,1,3,1,0,2,33,TRAINING,6,10,0,2,53602147,6ca0842e,1778
119,1,3,1,0,2,34,TRAINING,6,10,0,2,57602143,6ea0842c,1625
119,1,3,1,0,2,35,TRAINING,0,0,1,7,57632140,6eac8420,1805
119,1,3,1,0,2,36,TRAINING,3,12,0,3,52637140,68ace420,1991
119,1,3,1,0,2,37,TRAINING,3,12,0,3,52631740,68ac4e20,1874
119,1,3,1,0,2,38,TRAINING,2,8,1,7,50631742,60ac4e28,1624
119,1,3,1,0,2,39,TRAINING,4,2,1,0,40631752,20ac4e68,2001
119,1,3,1,0,2,40,TRAINING,1,4,1,1,41630752,24ac0e68,1412
119,1,3,1,0,2,41,TEST,4,2,1,0,false,3550
119,1,3,1,0,2,42,TEST,5,6,0,0,true,1269
119,1,3,1,0,2,43,TEST,6,10,0,1,false,1450
119,1,3,1,0,2,44,TEST,3,12,0,0,true,2099
119,1,3,1,0,2,45,TEST,2,8,1,0,false,899
119,1,3,1,0,2,46,TEST,0,0,1,0,false,1590
119,1,3,1,0,2,47,TEST,7,14,0,1,false,1568
119,1,3,1,0,2,48,TEST,1,4,1,1,true,2035
119,1,3,1,0,3,49,TRAINING,0,0,1,5,54762031,62ea80c4,4896
119,1,3,1,0,3,50,TRAINING,1,4,1,7,52764031,68ea20c4,3266
119,1,3,1,0,3,51,TRAINING,6,10,0,3,52763041,68eac024,3398
119,1,3,1,0,3,52,TRAINING,0,0,1,5,72563041,e86ac024,2723
119,1,3,1,0,3,53,TRAINING,2,8,1,1,72163045,e84ac026,2705
119,1,3,1,0,3,54,TRAINING,7,14,0,0,72165043,e84a602c,2119
119,1,3,1,0,3,55,TRAINING,1,4,1,2,72135046,e84c602a,1788
119,1,3,1,0,3,56,TRAINING,4,2,1,6,75132046,e64c802a,1873
119,1,3,1,0,3,57,TRAINING,2,8,1,4,57132046,6e4c802a,1980
119,1,3,1,0,3,58,TRAINING,4,2,1,6,67132045,ae4c8026,1560
119,1,3,1,0,3,59,TRAINING,5,6,0,7,07132645,0e4c8a26,1570
119,1,3,1,0,3,60,TRAINING,6,10,0,5,37102645,ce408a26,1810
119,1,3,1,0,3,61,TRAINING,3,12,0,2,17302645,4ec08a26,1976
119,1,3,1,0,3,62,TRAINING,3,12,0,2,27301645,8ec04a26,1749
119,1,3,1,0,3,63,TRAINING,7,14,0,7,25301647,86c04a2e,2097
119,1,3,1,0,3,64,TRAINING,5,6,0,1,25310647,86c40a2e,1824
119,1,3,1,0,3,65,TEST,0,0,1,1,true,2613
119,1,3,1,0,3,66,TEST,6,10,0,1,false,956
119,1,3,1,0,3,67,TEST,7,14,0,0,true,694
119,1,3,1,0,3,68,TEST,4,2,1,1,true,1190
119,1,3,1,0,3,69,TEST,2,8,1,0,false,898
119,1,3,1,0,3,70,TEST,3,12,0,0,true,514
119,1,3,1,0,3,71,TEST,1,4,1,0,false,495
119,1,3,1,0,3,72,TEST,5,6,0,0,true,1010
119,1,3,1,0,4,73,TRAINING,7,14,0,4,50247163,6082e4ac,2396
119,1,3,1,0,4,74,TRAINING,0,0,1,1,50147263,6042e8ac,6822
119,1,3,1,0,4,75,TRAINING,3,12,0,7,50247163,6082e4ac,2975
119,1,3,1,0,4,76,TRAINING,2,8,1,2,50247613,6082ea4c,6284
119,1,3,1,0,4,77,TRAINING,1,4,1,1,51247603,6482ea0c,3011
119,1,3,1,0,4,78,TRAINING,6,10,0,5,41257603,2486ea0c,4131
119,1,3,1,0,4,79,TRAINING,5,6,0,0,51247603,6482ea0c,1690
119,1,3,1,0,4,80,TRAINING,5,6,0,0,51240673,64820aec,2294
119,1,3,1,0,4,81,TRAINING,2,8,1,2,51240763,64820eac,1668
119,1,3,1,0,4,82,TRAINING,3,12,0,6,51240736,64820eca,1507
119,1,3,1,0,4,83,TRAINING,7,14,0,5,51204736,64802eca,1687
119,1,3,1,0,4,84,TRAINING,4,2,1,2,51402736,64208eca,1623
119,1,3,1,0,4,85,TRAINING,4,2,1,2,50412736,60248eca,1563
119,1,3,1,0,4,86,TRAINING,0,0,1,1,10452736,40268eca,1954
119,1,3,1,0,4,87,TRAINING,1,4,1,0,10472536,402e86ca,1915
119,1,3,1,0,4,88,TRAINING,6,10,0,7,10475236,402e68ca,2382
119,1,3,1,0,4,89,TEST,5,6,0,1,false,2447
119,1,3,1,0,4,90,TEST,1,4,1,0,false,1143
119,1,3,1,0,4,91,TEST,2,8,1,0,false,1045
119,1,3,1,0,4,92,TEST,0,0,1,0,false,495
119,1,3,1,0,4,93,TEST,7,14,0,1,false,890
119,1,3,1,0,4,94,TEST,4,2,1,0,false,711
119,1,3,1,0,4,95,TEST,6,10,0,1,false,575
119,1,3,1,0,4,96,TEST,3,12,0,0,true,748
119,1,3,1,0,5,97,TRAINING,4,2,1,2,35427016,c628e04a,2604
119,1,3,1,0,5,98,TRAINING,2,8,1,3,05427316,0628ec4a,3813
119,1,3,1,0,5,99,TRAINING,7,14,0,4,03427516,0c28e64a,2274
119,1,3,1,0,5,100,TRAINING,2,8,1,3,01427536,0428e6ca,1946
119,1,3,1,0,5,101,TRAINING,6,10,0,7,05427136,0628e4ca,1977
119,1,3,1,0,5,102,TRAINING,3,12,0,6,05421736,06284eca,1895
119,1,3,1,0,5,103,TRAINING,7,14,0,4,05427136,0628e4ca,1810
119,1,3,1,0,5,104,TRAINING,1,4,1,5,05467132,062ae4c8,1818
119,1,3,1,0,5,105,TRAINING,0,0,1,7,25467130,862ae4c0,1676
119,1,3,1,0,5,106,TRAINING,3,12,0,3,25437160,862ce4a0,1654
119,1,3,1,0,5,107,TRAINING,5,6,0,1,25637140,86ace420,1594
119,1,3,1,0,5,108,TRAINING,4,2,1,6,25630147,86ac042e,1842
119,1,3,1,0,5,109,TRAINING,6,10,0,2,25603147,86a0c42e,1782
119,1,3,1,0,5,110,TRAINING,5,6,0,1,15603247,46a0c82e,1943
119,1,3,1,0,5,111,TRAINING,1,4,1,0,15604237,46a028ce,1819
119,1,3,1,0,5,112,TRAINING,0,0,1,2,15064237,460a28ce,1847
119,1,3,1,0,5,113,TEST,4,2,1,1,true,2467
119,1,3,1,0,5,114,TEST,0,0,1,0,false,1083
119,1,3,1,0,5,115,TEST,1,4,1,0,false,913
119,1,3,1,0,5,116,TEST,3,12,0,0,true,707
119,1,3,1,0,5,117,TEST,6,10,0,1,false,584
119,1,3,1,0,5,118,TEST,7,14,0,0,true,746
119,1,3,1,0,5,119,TEST,5,6,0,1,false,642
119,1,3,1,0,5,120,TEST,2,8,1,0,false,1055
119,1,3,1,0,6,121,TRAINING,0,0,1,6,56437102,6a2ce408,1940
119,1,3,1,0,6,122,TRAINING,5,6,0,0,56137402,6a4ce208,1782
119,1,3,1,0,6,123,TRAINING,4,2,1,7,56137204,6a4ce802,2549
119,1,3,1,0,6,124,TRAINING,1,4,1,2,56137024,6a4ce082,1744
119,1,3,1,0,6,125,TRAINING,2,8,1,6,53167024,6c4ae082,2354
119,1,3,1,0,6,126,TRAINING,0,0,1,5,53147026,6c42e08a,1568
119,1,3,1,0,6,127,TRAINING,6,10,0,7,13547026,4c62e08a,1577
119,1,3,1,0,6,128,TRAINING,1,4,1,0,13247056,4c82e06a,2542
119,1,3,1,0,6,129,TRAINING,5,6,0,5,13247506,4c82e60a,1611
119,1,3,1,0,6,130,TRAINING,2,8,1,1,12347506,48c2e60a,1609
119,1,3,1,0,6,131,TRAINING,7,14,0,4,12437506,482ce60a,1620
119,1,3,1,0,6,132,TRAINING,4,2,1,5,12537406,486ce20a,1482
119,1,3,1,0,6,133,TRAINING,7,14,0,4,21537406,846ce20a,1529
119,1,3,1,0,6,134,TRAINING,3,12,0,3,26537401,8a6ce204,2067
119,1,3,1,0,6,135,TRAINING,3,12,0,3,26137405,8a4ce206,1517
119,1,3,1,0,6,136,TRAINING,6,10,0,1,26134705,8a4c2e06,2398
119,1,3,1,0,6,137,TEST,1,4,1,0,false,1637
119,1,3,1,0,6,138,TEST,5,6,0,0,true,1426
119,1,3,1,0,6,139,TEST,3,12,0,0,true,1020
119,1,3,1,0,6,140,TEST,2,8,1,1,true,631
119,1,3,1,0,6,141,TEST,0,0,1,1,true,593
119,1,3,1,0,6,142,TEST,6,10,0,0,true,718
119,1,3,1,0,6,143,TEST,4,2,1,1,true,469
119,1,3,1,0,6,144,TEST,7,14,0,0,true,492
119,1,3,1,0,7,145,TRAINING,5,6,0,7,46073125,2a0ec486,1415
119,1,3,1,0,7,146,TRAINING,3,12,0,4,42073165,280ec4a6,3093
119,1,3,1,0,7,147,TRAINING,2,8,1,1,42013765,2804cea6,2010
119,1,3,1,0,7,148,TRAINING,5,6,0,5,42013567,2804c6ae,1481
119,1,3,1,0,7,149,TRAINING,6,10,0,7,42013576,2804c6ea,1676
119,1,3,1,0,7,150,TRAINING,7,14,0,3,42073516,280ec64a,1972
119,1,3,1,0,7,151,TRAINING,7,14,0,3,52073416,680ec24a,5415
119,1,3,1,0,7,152,TRAINING,4,2,1,5,52073461,680ec2a4,2350
119,1,3,1,0,7,153,TRAINING,2,8,1,2,50273461,608ec2a4,1640
119,1,3,1,0,7,154,TRAINING,4,2,1,5,50263471,608ac2e4,1586
119,1,3,1,0,7,155,TRAINING,1,4,1,3,50213476,6084c2ea,1735
119,1,3,1,0,7,156,TRAINING,1,4,1,3,20513476,8064c2ea,1576
119,1,3,1,0,7,157,TRAINING,3,12,0,4,25013476,8604c2ea,1700
119,1,3,1,0,7,158,TRAINING,6,10,0,7,20513476,8064c2ea,1819
119,1,3,1,0,7,159,TRAINING,0,0,1,1,20573416,806ec24a,1787
119,1,3,1,0,7,160,TRAINING,0,0,1,1,20513476,8064c2ea,1531
119,1,3,1,0,7,161,TEST,4,2,1,0,false,2064
119,1,3,1,0,7,162,TEST,6,10,0,1,false,1032
119,1,3,1,0,7,163,TEST,1,4,1,0,false,548
119,1,3,1,0,7,164,TEST,0,0,1,1,true,709
119,1,3,1,0,7,165,TEST,2,8,1,1,true,449
119,1,3,1,0,7,166,TEST,3,12,0,0,true,721
119,1,3,1,0,7,167,TEST,5,6,0,0,true,714
119,1,3,1,0,7,168,TEST,7,14,0,1,false,717
119,1,3,1,0,8,169,TRAINING,7,14,0,5,60315724,a0c46e82,1621
119,1,3,1,0,8,170,TRAINING,7,14,0,5,62315704,a8c46e02,1456
119,1,3,1,0,8,171,TRAINING,4,2,1,7,62351704,a8c64e02,1775
119,1,3,1,0,8,172,TRAINING,6,10,0,4,12356704,48c6ae02,1820
119,1,3,1,0,8,173,TRAINING,1,4,1,1,21356704,84c6ae02,1959
119,1,3,1,0,8,174,TRAINING,4,2,1,7,31256704,c486ae02,1695
119,1,3,1,0,8,175,TRAINING,2,8,1,2,31257604,c486ea02,1720
119,1,3,1,0,8,176,TRAINING,1,4,1,1,31275604,c48e6a02,1805
119,1,3,1,0,8,177,TRAINING,5,6,0,4,31275640,c48e6a20,1638
119,1,3,1,0,8,178,TRAINING,3,12,0,0,31475620,c42e6a80,1642
119,1,3,1,0,8,179,TRAINING,0,0,1,5,31475026,c42e608a,1672
119,1,3,1,0,8,180,TRAINING,3,12,0,0,31425076,c42860ea,1775
119,1,3,1,0,8,181,TRAINING,2,8,1,3,31524076,c46820ea,1818
119,1,3,1,0,8,182,TRAINING,0,0,1,5,36524071,ca6820e4,1708
119,1,3,1,0,8,183,TRAINING,6,10,0,7,31524076,c46820ea,2921
119,1,3,1,0,8,184,TRAINING,5,6,0,2,31542076,c46280ea,1953
119,1,3,1,0,8,185,TEST,0,0,1,1,true,1820
119,1,3,1,0,8,186,TEST,3,12,0,0,true,1673
119,1,3,1,0,8,187,TEST,7,14,0,0,true,1052
119,1,3,1,0,8,188,TEST,1,4,1,1,true,1051
119,1,3,1,0,8,189,TEST,2,8,1,1,true,1470
119,1,3,1,0,8,190,TEST,4,2,1,0,false,1328
119,1,3,1,0,8,191,TEST,6,10,0,0,true,679
119,1,3,1,0,8,192,TEST,5,6,0,1,false,986
119,1,3,1,0,9,193,TRAINING,0,0,1,5,56721043,6ae8402c,2559
119,1,3,1,0,9,194,TRAINING,7,14,0,2,56723041,6ae8c024,2891
119,1,3,1,0,9,195,TRAINING,5,6,0,0,56713042,6ae4c028,2154
119,1,3,1,0,9,196,TRAINING,5,6,0,0,50713642,60e4ca28,1666
119,1,3,1,0,9,197,TRAINING,1,4,1,3,50712643,60e48a2c,2073
119,1,3,1,0,9,198,TRAINING,3,12,0,6,50712634,60e48ac2,1814
119,1,3,1,0,9,199,TRAINING,7,14,0,5,50612734,60a48ec2,1795
119,1,3,1,0,9,200,TRAINING,6,10,0,7,50412736,60248eca,1721
119,1,3,1,0,9,201,TRAINING,6,10,0,7,50432716,602c8e4a,1582
119,1,3,1,0,9,202,TRAINING,0,0,1,1,50342716,60c28e4a,1781
119,1,3,1,0,9,203,TRAINING,2,8,1,4,10342756,40c28e6a,1755
119,1,3,1,0,9,204,TRAINING,2,8,1,4,10742356,40e28c6a,1654
119,1,3,1,0,9,205,TRAINING,3,12,0,6,10742536,40e286ca,1664
119,1,3,1,0,9,206,TRAINING,1,4,1,2,70142536,e04286ca,1696
119,1,3,1,0,9,207,TRAINING,4,2,1,3,70145236,e04268ca,1823
119,1,3,1,0,9,208,TRAINING,4,2,1,3,70146235,e042a8c6,1584
119,1,3,1,0,9,209,TEST,5,6,0,1,false,1895
119,1,3,1,0,9,210,TEST,7,14,0,0,true,755
119,1,3,1,0,9,211,TEST,1,4,1,1,true,1800
119,1,3,1,0,9,212,TEST,2,8,1,0,false,1728
119,1,3,1,0,9,213,TEST,0,0,1,1,true,1935
119,1,3,1,0,9,214,TEST,6,10,0,1,false,1619
119,1,3,1,0,9,215,TEST,3,12,0,0,true,525
119,1,3,1,0,9,216,TEST,4,2,1,1,true,968
119,1,3,1,0,10,217,TRAINING,6,10,0,1,46107352,2a40ec68,1954
119,1,3,1,0,10,218,TRAINING,2,8,1,6,46107325,2a40ec86,1897
119,1,3,1,0,10,219,TRAINING,5,6,0,2,46507321,2a60ec84,2478
119,1,3,1,0,10,220,TRAINING,7,14,0,4,36507421,ca60e284,1804
119,1,3,1,0,10,221,TRAINING,3,12,0,3,06537421,0a6ce284,1661
119,1,3,1,0,10,222,TRAINING,0,0,1,0,06537124,0a6ce482,1638
119,1,3,1,0,10,223,TRAINING,2,8,1,4,06532174,0a6c84e2,1930
119,1,3,1,0,10,224,TRAINING,3,12,0,3,06132574,0a4c86e2,2980
119,1,3,1,0,10,225,TRAINING,7,14,0,6,06132475,0a4c82e6,2241
119,1,3,1,0,10,226,TRAINING,4,2,1,5,60132475,a04c82e6,1982
119,1,3,1,0,10,227,TRAINING,1,4,1,2,06132475,0a4c82e6,2125
119,1,3,1,0,10,228,TRAINING,4,2,1,5,07132465,0e4c82a6,1709
119,1,3,1,0,10,229,TRAINING,0,0,1,0,06132475,0a4c82e6,1799
119,1,3,1,0,10,230,TRAINING,5,6,0,7,03162475,0c4a82e6,1690
119,1,3,1,0,10,231,TRAINING,1,4,1,2,03142675,0c428ae6,1632
119,1,3,1,0,10,232,TRAINING,6,10,0,0,63142075,ac4280e6,1632
119,1,3,1,0,10,233,TEST,2,8,1,0,false,1238
119,1,3,1,0,10,234,TEST,0,0,1,1,true,726
119,1,3,1,0,10,235,TEST,4,2,1,1,true,1214
119,1,3,1,0,10,236,TEST,7,14,0,0,true,657
119,1,3,1,0,10,237,TEST,3,12,0,0,true,1179
119,1,3,1,0,10,238,TEST,1,4,1,1,true,603
119,1,3,1,0,10,239,TEST,6,10,0,0,true,604
119,1,3,1,0,10,240,TEST,5,6,0,1,false,447
119,1,3,1,0,11,241,TRAINING,3,12,0,0,35614207,c6a4280e,1970
119,1,3,1,0,11,242,TRAINING,3,12,0,0,36514207,ca64280e,1438
119,1,3,1,0,11,243,TRAINING,0,0,1,3,36504217,ca60284e,1787
119,1,3,1,0,11,244,TRAINING,7,14,0,7,36104257,ca40286e,2425
119,1,3,1,0,11,245,TRAINING,4,2,1,5,36102457,ca40826e,2206
119,1,3,1,0,11,246,TRAINING,1,4,1,2,36152407,ca46820e,1844
119,1,3,1,0,11,247,TRAINING,7,14,0,3,36172405,ca4e8206,1645
119,1,3,1,0,11,248,TRAINING,1,4,1,2,36174205,ca4e2806,1560
119,1,3,1,0,11,249,TRAINING,6,10,0,1,36174502,ca4e2608,1538
119,1,3,1,0,11,250,TRAINING,5,6,0,5,26174503,8a4e260c,1778
119,1,3,1,0,11,251,TRAINING,5,6,0,5,16274503,4a8e260c,1578
119,1,3,1,0,11,252,TRAINING,4,2,1,4,16274530,4a8e26c0,1521
119,1,3,1,0,11,253,TRAINING,2,8,1,7,16074532,4a0e26c8,1571
119,1,3,1,0,11,254,TRAINING,2,8,1,7,06174532,0a4e26c8,1442
119,1,3,1,0,11,255,TRAINING,6,10,0,1,06147532,0a42e6c8,1754
119,1,3,1,0,11,256,TRAINING,0,0,1,0,06147352,0a42ec68,1616
119,1,3,1,0,11,257,TEST,2,8,1,0,false,981
119,1,3,1,0,11,258,TEST,7,14,0,1,false,1461
119,1,3,1,0,11,259,TEST,0,0,1,1,true,876
119,1,3,1,0,11,260,TEST,3,12,0,0,true,799
119,1,3,1,0,11,261,TEST,1,4,1,1,true,735
119,1,3,1,0,11,262,TEST,6,10,0,0,true,696
119,1,3,1,0,11,263,TEST,4,2,1,1,true,1569
119,1,3,1,0,11,264,TEST,5,6,0,1,false,803
119,1,3,1,0,12,265,TRAINING,7,14,0,0,76032514,ea0c8642,2112
119,1,3,1,0,12,266,TRAINING,5,6,0,5,76023514,ea08c642,1775
119,1,3,1,0,12,267,TRAINING,4,2,1,7,71023564,e408c6a2,1921
119,1,3,1,0,12,268,TRAINING,1,4,1,1,71063524,e40ac682,1827
119,1,3,1,0,12,269,TRAINING,7,14,0,0,71062534,e40a86c2,1557
119,1,3,1,0,12,270,TRAINING,2,8,1,5,71065234,e40a68c2,1762
119,1,3,1,0,12,271,TRAINING,3,12,0,1,73065214,ec0a6842,2133
119,1,3,1,0,12,272,TRAINING,0,0,1,6,73165204,ec4a6802,1659
119,1,3,1,0,12,273,TRAINING,0,0,1,6,73156204,ec46a802,2520
119,1,3,1,0,12,274,TRAINING,2,8,1,5,63157204,ac46e802,2183
119,1,3,1,0,12,275,TRAINING,5,6,0,7,63147205,ac42e806,1439
119,1,3,1,0,12,276,TRAINING,6,10,0,0,63174205,ac4e2806,2259
119,1,3,1,0,12,277,TRAINING,1,4,1,2,63172405,ac4e8206,1898
119,1,3,1,0,12,278,TRAINING,4,2,1,4,63174205,ac4e2806,2525
119,1,3,1,0,12,279,TRAINING,3,12,0,1,73164205,ec4a2806,1463
119,1,3,1,0,12,280,TRAINING,6,10,0,6,73104265,ec4028a6,1356
119,1,3,1,0,12,281,TEST,1,4,1,0,false,2776
119,1,3,1,0,12,282,TEST,7,14,0,1,false,685
119,1,3,1,0,12,283,TEST,3,12,0,0,true,504
119,1,3,1,0,12,284,TEST,5,6,0,0,true,596
119,1,3,1,0,12,285,TEST,2,8,1,1,true,429
119,1,3,1,0,12,286,TEST,6,10,0,1,false,385
119,1,3,1,0,12,287,TEST,4,2,1,0,false,502
119,1,3,1,0,12,288,TEST,0,0,1,0,false,584
119,1,3,1,0,13,289,TRAINING,0,0,1,4,21730654,84ec0a62,2543
119,1,3,1,0,13,290,TRAINING,5,6,0,6,27130654,8e4c0a62,3262
119,1,3,1,0,13,291,TRAINING,2,8,1,0,27430651,8e2c0a64,2132
119,1,3,1,0,13,292,TRAINING,3,12,0,3,27436051,8e2ca064,1790
119,1,3,1,0,13,293,TRAINING,3,12,0,3,27136054,8e4ca062,1579
119,1,3,1,0,13,294,TRAINING,4,2,1,5,27136450,8e4ca260,1596
119,1,3,1,0,13,295,TRAINING,7,14,0,1,17236450,4e8ca260,1495
119,1,3,1,0,13,296,TRAINING,6,10,0,4,17236405,4e8ca206,1567
119,1,3,1,0,13,297,TRAINING,0,0,1,6,37216405,ce84a206,1489
119,1,3,1,0,13,298,TRAINING,5,6,0,7,47216305,2e84ac06,1867
119,1,3,1,0,13,299,TRAINING,1,4,1,1,41276305,248eac06,1342
119,1,3,1,0,13,300,TRAINING,4,2,1,5,31276405,c48ea206,1861
119,1,3,1,0,13,301,TRAINING,6,10,0,4,01276435,048ea2c6,1398
119,1,3,1,0,13,302,TRAINING,1,4,1,6,03276415,0c8ea246,1333
119,1,3,1,0,13,303,TRAINING,7,14,0,7,03256417,0c86a24e,1619
119,1,3,1,0,13,304,TRAINING,2,8,1,2,03246517,0c82a64e,1614
119,1,3,1,0,13,305,TEST,3,12,0,0,true,863
119,1,3,1,0,13,306,TEST,4,2,1,1,true,598
119,1,3,1,0,13,307,TEST,7,14,0,0,true,561
119,1,3,1,0,13,308,TEST,6,10,0,0,true,624
119,1,3,1,0,13,309,TEST,1,4,1,1,true,475
119,1,3,1,0,13,310,TEST,5,6,0,1,false,434
119,1,3,1,0,13,311,TEST,0,0,1,1,true,545
119,1,3,1,0,13,312,TEST,2,8,1,0,false,380
119,1,3,1,0,14,313,TRAINING,5,6,0,2,71503624,e460ca82,1297
119,1,3,1,0,14,314,TRAINING,7,14,0,0,73501624,ec604a82,1563
119,1,3,1,0,14,315,TRAINING,0,0,1,3,73506124,ec60a482,1611
119,1,3,1,0,14,316,TRAINING,2,8,1,5,73506214,ec60a842,1575
119,1,3,1,0,14,317,TRAINING,1,4,1,4,73501264,ec6048a2,1593
119,1,3,1,0,14,318,TRAINING,7,14,0,1,37501264,ce6048a2,1782
119,1,3,1,0,14,319,TRAINING,3,12,0,0,37501462,ce6042a8,1641
119,1,3,1,0,14,320,TRAINING,3,12,0,0,37521460,ce6842a0,6689
119,1,3,1,0,14,321,TRAINING,4,2,1,4,37524160,ce6824a0,1674
119,1,3,1,0,14,322,TRAINING,4,2,1,4,35724160,c6e824a0,1744
119,1,3,1,0,14,323,TRAINING,5,6,0,1,35704162,c6e024a8,1841
119,1,3,1,0,14,324,TRAINING,0,0,1,3,35604172,c6a024e8,2115
119,1,3,1,0,14,325,TRAINING,6,10,0,2,75604132,e6a024c8,1707
119,1,3,1,0,14,326,TRAINING,6,10,0,2,75604123,e6a0248c,2603
119,1,3,1,0,14,327,TRAINING,2,8,1,7,75604132,e6a024c8,2392
119,1,3,1,0,14,328,TRAINING,1,4,1,5,75634102,e6ac2408,3635
119,1,3,1,0,14,329,TEST,6,10,0,0,true,980
119,1,3,1,0,14,330,TEST,3,12,0,1,false,683
119,1,3,1,0,14,331,TEST,5,6,0,0,true,600
119,1,3,1,0,14,332,TEST,4,2,1,1,true,928
119,1,3,1,0,14,333,TEST,7,14,0,0,true,456
119,1,3,1,0,14,334,TEST,1,4,1,1,true,399
119,1,3,1,0,14,335,TEST,0,0,1,1,true,842
119,1,3,1,0,14,336,TEST,2,8,1,0,false,379
119,1,3,1,0,15,337,TRAINING,0,0,1,3,72403165,e820c4a6,1962
119,1,3,1,0,15,338,TRAINING,7,14,0,0,72401365,e8204ca6,1688
119,1,3,1,0,15,339,TRAINING,6,10,0,5,72401635,e8204ac6,1573
119,1,3,1,0,15,340,TRAINING,3,12,0,1,73401625,ec204a86,1603
119,1,3,1,0,15,341,TRAINING,2,8,1,6,73501624,ec604a82,9873
119,1,3,1,0,15,342,TRAINING,4,2,1,3,73541620,ec624a80,1711
119,1,3,1,0,15,343,TRAINING,7,14,0,7,03541627,0c624a8e,1484
119,1,3,1,0,15,344,TRAINING,1,4,1,4,05341627,06c24a8e,1795
119,1,3,1,0,15,345,TRAINING,4,2,1,3,35041627,c6024a8e,1837
119,1,3,1,0,15,346,TRAINING,1,4,1,4,35641027,c6a2408e,1546
119,1,3,1,0,15,347,TRAINING,5,6,0,1,35641720,c6a24e80,1583
119,1,3,1,0,15,348,TRAINING,2,8,1,7,35641702,c6a24e08,6798
119,1,3,1,0,15,349,TRAINING,3,12,0,0,35640712,c6a20e48,1937
119,1,3,1,0,15,350,TRAINING,6,10,0,2,35640172,c6a204e8,5405
119,1,3,1,0,15,351,TRAINING,0,0,1,6,35647102,c6a2e408,1945
119,1,3,1,0,15,352,TRAINING,5,6,0,1,15647302,46a2ec08,2355
119,1,3,1,0,15,353,TEST,5,6,0,0,true,839
119,1,3,1,0,15,354,TEST,2,8,1,1,true,782
119,1,3,1,0,15,355,TEST,1,4,1,1,true,2506
119,1,3,1,0,15,356,TEST,0,0,1,1,true,1093
119,1,3,1,0,15,357,TEST,4,2,1,1,true,860
119,1,3,1,0,15,358,TEST,7,14,0,0,true,683
119,1,3,1,0,15,359,TEST,3,12,0,0,true,728
119,1,3,1,0,15,360,TEST,6,10,0,0,true,650
119,1,3,1,0,16,361,TRAINING,0,0,1,5,71526043,e468a02c,2614
119,1,3,1,0,16,362,TRAINING,5,6,0,2,71526034,e468a0c2,1777
119,1,3,1,0,16,363,TRAINING,5,6,0,2,71562034,e46a80c2,1416
119,1,3,1,0,16,364,TRAINING,6,10,0,6,71532064,e46c80a2,1674
119,1,3,1,0,16,365,TRAINING,2,8,1,4,73512064,ec6480a2,1903
119,1,3,1,0,16,366,TRAINING,7,14,0,0,73412065,ec2480a6,1563
119,1,3,1,0,16,367,TRAINING,4,2,1,2,73412560,ec2486a0,1530
119,1,3,1,0,16,368,TRAINING,4,2,1,2,71432560,e42c86a0,1396
119,1,3,1,0,16,369,TRAINING,7,14,0,5,51432760,642c8ea0,1416
119,1,3,1,0,16,370,TRAINING,6,10,0,6,52431760,682c4ea0,1837
119,1,3,1,0,16,371,TRAINING,0,0,1,7,25431760,862c4ea0,1702
119,1,3,1,0,16,372,TRAINING,3,12,0,3,21435760,842c6ea0,2704
119,1,3,1,0,16,373,TRAINING,1,4,1,2,24135760,824c6ea0,2289
119,1,3,1,0,16,374,TRAINING,3,12,0,3,24137560,824ce6a0,1716
119,1,3,1,0,16,375,TRAINING,2,8,1,0,24137065,824ce0a6,1923
119,1,3,1,0,16,376,TRAINING,1,4,1,2,24137560,824ce6a0,1556
119,1,3,1,0,16,377,TEST,1,4,1,1,true,1594
119,1,3,1,0,16,378,TEST,3,12,0,0,true,591
119,1,3,1,0,16,379,TEST,2,8,1,1,true,2792
119,1,3,1,0,16,380,TEST,4,2,1,1,true,759
119,1,3,1,0,16,381,TEST,6,10,0,0,true,480
119,1,3,1,0,16,382,TEST,5,6,0,0,true,604
119,1,3,1,0,16,383,TEST,0,0,1,1,true,601
119,1,3,1,0,16,384,TEST,7,14,0,0,true,423
119,1,3,1,0,INSTRUCT,postquestionnaire,2

rulestrategy:At first I tried to remember where everything belonged, and that didn't work very well.  I then decided to focus on one group, those that belonged in A.  So when a shape was shown to me, I decided whether it was one of the shapes  in A, if it was not, it was in B.
howtoimprove:
engagement:8
difficulty:5
physicalaids:no