123,1,3,21,14,INSTRUCT,instruct1,7568
123,1,3,21,14,INSTRUCT,instructCatExample,8178
123,1,3,21,14,INSTRUCT,instructCatColor,5492
123,1,3,21,14,INSTRUCT,instructCatStripe,1390
123,1,3,21,14,INSTRUCT,instructDemoIntro,9956
123,1,3,21,14,INSTRUCT,instructDemo,15595
123,1,3,21,14,INSTRUCT,instructTest,15870
123,1,3,21,14,INSTRUCT,instructTest2,11359
123,1,3,21,14,INSTRUCT,instructDimColor,7597
123,1,3,21,14,INSTRUCT,instructDimBorder,3581
123,1,3,21,14,INSTRUCT,instructDimDots,2437
123,1,3,21,14,INSTRUCT,instructDimStripe,1645
123,1,3,21,14,INSTRUCT,instructDimAll,5384
123,1,3,21,14,INSTRUCT,instructFinal,2966
123,1,3,21,14,1,1,TRAINING,1,15,1,5,26475130,62a3bf7e,5405
123,1,3,21,14,1,2,TRAINING,6,2,0,3,27465130,63a2bf7e,2418
123,1,3,21,14,1,3,TRAINING,4,10,1,2,27465103,63a2bfe7,3107
123,1,3,21,14,1,4,TRAINING,0,14,1,6,37465102,73a2bfe6,2547
123,1,3,21,14,1,5,TRAINING,7,3,0,1,37415602,73afb2e6,2010
123,1,3,21,14,1,6,TRAINING,4,10,1,5,37615402,732fbae6,1395
123,1,3,21,14,1,7,TRAINING,0,14,1,6,37165402,73f2bae6,1707
123,1,3,21,14,1,8,TRAINING,6,2,0,0,67135402,23f7bae6,1330
123,1,3,21,14,1,9,TRAINING,7,3,0,1,67315402,237fbae6,1417
123,1,3,21,14,1,10,TRAINING,2,6,1,7,67513402,23bf7ae6,1554
123,1,3,21,14,1,11,TRAINING,3,7,0,4,67543102,23ba7fe6,2291
123,1,3,21,14,1,12,TRAINING,3,7,0,4,61543702,2fba73e6,1580
123,1,3,21,14,1,13,TRAINING,5,11,0,2,61543720,2fba736e,2132
123,1,3,21,14,1,14,TRAINING,1,15,1,1,61503724,2fbe736a,2834
123,1,3,21,14,1,15,TRAINING,5,11,0,2,61543720,2fba736e,1475
123,1,3,21,14,1,16,TRAINING,2,6,1,7,61543702,2fba73e6,1331
123,1,3,21,14,1,17,TEST,7,3,0,0,true,1619
123,1,3,21,14,1,18,TEST,1,15,1,1,true,610
123,1,3,21,14,1,19,TEST,0,14,1,1,true,779
123,1,3,21,14,1,20,TEST,2,6,1,0,false,427
123,1,3,21,14,1,21,TEST,6,2,0,0,true,8003
123,1,3,21,14,1,22,TEST,4,10,1,0,false,508
123,1,3,21,14,1,23,TEST,5,11,0,1,false,354
123,1,3,21,14,1,24,TEST,3,7,0,1,false,309
123,1,3,21,14,2,25,TRAINING,5,11,0,4,72315046,367fbea2,19767
123,1,3,21,14,2,26,TRAINING,1,15,1,3,72015346,36efb7a2,2779
123,1,3,21,14,2,27,TRAINING,1,15,1,3,32015746,76efb3a2,2756
123,1,3,21,14,2,28,TRAINING,3,7,0,1,23015746,67efb3a2,5762
123,1,3,21,14,2,29,TRAINING,6,2,0,0,63015742,27efb3a6,5947
123,1,3,21,14,2,30,TRAINING,4,10,1,6,63015247,27efb6a3,2475
123,1,3,21,14,2,31,TRAINING,5,11,0,1,65013247,2bef76a3,3035
123,1,3,21,14,2,32,TRAINING,7,3,0,7,65103247,2bfe76a3,1961
123,1,3,21,14,2,33,TRAINING,4,10,1,6,65301247,2b7ef6a3,2650
123,1,3,21,14,2,34,TRAINING,3,7,0,2,25301647,6b7ef2a3,2370
123,1,3,21,14,2,35,TRAINING,2,6,1,4,15302647,fb7e62a3,3013
123,1,3,21,14,2,36,TRAINING,0,14,1,3,15302467,fb7e6a23,2931
123,1,3,21,14,2,37,TRAINING,2,6,1,4,15702463,fb3e6a27,2842
123,1,3,21,14,2,38,TRAINING,6,2,0,6,15702364,fb3e672a,3050
123,1,3,21,14,2,39,TRAINING,0,14,1,3,15402367,fbae6723,1658
123,1,3,21,14,2,40,TRAINING,7,3,0,5,15402763,fbae6327,2702
123,1,3,21,14,2,41,TEST,0,14,1,1,true,3782
123,1,3,21,14,2,42,TEST,1,15,1,1,true,1403
123,1,3,21,14,2,43,TEST,6,2,0,0,true,1211
123,1,3,21,14,2,44,TEST,3,7,0,0,true,1739
123,1,3,21,14,2,45,TEST,4,10,1,1,true,1532
123,1,3,21,14,2,46,TEST,7,3,0,0,true,1580
123,1,3,21,14,2,47,TEST,2,6,1,1,true,1404
123,1,3,21,14,2,48,TEST,5,11,0,0,true,507
123,1,3,21,14,3,49,TRAINING,6,2,0,0,64217350,2a6f37be,16501
123,1,3,21,14,3,50,TRAINING,3,7,0,5,64517320,2abf376e,6027
123,1,3,21,14,3,51,TRAINING,3,7,0,5,64517302,2abf37e6,3277
123,1,3,21,14,3,52,TRAINING,5,11,0,2,64527301,2ab637ef,4649
123,1,3,21,14,3,53,TRAINING,5,11,0,2,60527341,2eb637af,3196
123,1,3,21,14,3,54,TRAINING,1,15,1,5,60527143,2eb63fa7,3562
123,1,3,21,14,3,55,TRAINING,2,6,1,4,60572143,2eb36fa7,2754
123,1,3,21,14,3,56,TRAINING,4,10,1,6,60752143,2e3b6fa7,2792
123,1,3,21,14,3,57,TRAINING,0,14,1,1,60752341,2e3b67af,2353
123,1,3,21,14,3,58,TRAINING,4,10,1,6,30752641,7e3b62af,3090
123,1,3,21,14,3,59,TRAINING,6,2,0,5,30725641,7e36b2af,3177
123,1,3,21,14,3,60,TRAINING,1,15,1,7,35720641,7b36e2af,3027
123,1,3,21,14,3,61,TRAINING,0,14,1,3,35702641,7b3e62af,2299
123,1,3,21,14,3,62,TRAINING,2,6,1,4,34702651,7a3e62bf,4162
123,1,3,21,14,3,63,TRAINING,7,3,0,2,34702561,7a3e6b2f,2532
123,1,3,21,14,3,64,TRAINING,7,3,0,2,64702531,2a3e6b7f,1490
123,1,3,21,14,3,65,TEST,0,14,1,1,true,2160
123,1,3,21,14,3,66,TEST,7,3,0,0,true,1795
123,1,3,21,14,3,67,TEST,4,10,1,1,true,2044
123,1,3,21,14,3,68,TEST,3,7,0,0,true,1692
123,1,3,21,14,3,69,TEST,5,11,0,0,true,3754
123,1,3,21,14,3,70,TEST,1,15,1,1,true,1227
123,1,3,21,14,3,71,TEST,2,6,1,1,true,1796
123,1,3,21,14,3,72,TEST,6,2,0,0,true,3266
123,1,3,21,14,INSTRUCT,postquestionnaire,1

rulestrategy:I didn't use any particular rules, I started out simply memorizing if the shape belonged in group A or B. After the first attempt I was only able to recall 5-6 of the first series. Then next time I started jotting down the texture, line, color, and border on paper to help me remember.
howtoimprove:
engagement:9
difficulty:4
physicalaids:yes