126,0,3,19,0,INSTRUCT,instruct1,15136
126,0,3,19,0,INSTRUCT,instructCatExample,10981
126,0,3,19,0,INSTRUCT,instructCatColor,4612
126,0,3,19,0,INSTRUCT,instructCatStripe,6797
126,0,3,19,0,INSTRUCT,instructDemoIntro,32218
126,0,3,19,0,INSTRUCT,instructDemo,97888
126,0,3,19,0,INSTRUCT,instructTest,12117
126,0,3,19,0,INSTRUCT,instructTest2,25507
126,0,3,19,0,INSTRUCT,instructDimColor,15221
126,0,3,19,0,INSTRUCT,instructDimBorder,2965
126,0,3,19,0,INSTRUCT,instructDimDots,3419
126,0,3,19,0,INSTRUCT,instructDimStripe,2848
126,0,3,19,0,INSTRUCT,instructDimAll,13582
126,0,3,19,0,INSTRUCT,instructFinal,9053
126,0,3,19,0,1,1,TRAINING,5,3,0,3,64351207,62531407,4995
126,0,3,19,0,1,2,TRAINING,1,1,1,1,61354207,61532407,2372
126,0,3,19,0,1,3,TRAINING,3,5,0,6,61054237,61032457,1349
126,0,3,19,0,1,4,TRAINING,0,0,1,2,61024537,61042357,9826
126,0,3,19,0,1,5,TRAINING,5,3,0,5,64021537,62041357,995
126,0,3,19,0,1,6,TRAINING,4,2,1,0,46021537,26041357,1245
126,0,3,19,0,1,7,TRAINING,2,4,1,1,42061537,24061357,1122
126,0,3,19,0,1,8,TRAINING,0,0,1,2,42061735,24061753,1677
126,0,3,19,0,1,9,TRAINING,6,6,0,3,52061734,34061752,1294
126,0,3,19,0,1,10,TRAINING,5,3,0,0,52063714,34065712,6075
126,0,3,19,0,1,11,TRAINING,7,7,0,1,57063214,37065412,1271
126,0,3,19,0,1,12,TRAINING,3,5,0,4,57013264,37015462,12426
126,0,3,19,0,1,13,TRAINING,2,4,1,5,47013265,27015463,7893
126,0,3,19,0,1,14,TRAINING,4,2,1,2,07413265,07215463,1192
126,0,3,19,0,1,15,TRAINING,6,6,0,6,03417265,05217463,1222
126,0,3,19,0,1,16,TRAINING,6,6,0,6,05417263,03217465,23380
126,0,3,19,0,1,17,TEST,2,4,1,1,true,3887
126,0,3,19,0,1,18,TEST,0,0,1,1,true,1806
126,0,3,19,0,1,19,TEST,5,3,0,0,true,2311
126,0,3,19,0,1,20,TEST,1,1,1,1,true,3233
126,0,3,19,0,1,21,TEST,3,5,0,0,true,1723
126,0,3,19,0,1,22,TEST,6,6,0,0,true,1716
126,0,3,19,0,1,23,TEST,4,2,1,1,true,5785
126,0,3,19,0,1,24,TEST,7,7,0,0,true,888
126,0,3,19,0,2,25,TRAINING,1,1,1,0,15247063,13427065,14768
126,0,3,19,0,2,26,TRAINING,5,3,0,1,15240763,13420765,2294
126,0,3,19,0,2,27,TRAINING,7,7,0,5,15260743,13460725,2361
126,0,3,19,0,2,28,TRAINING,3,5,0,7,15620743,13640725,1001
126,0,3,19,0,2,29,TRAINING,6,6,0,2,12650743,14630725,8869
126,0,3,19,0,2,30,TRAINING,5,3,0,4,12605743,14603725,1638
126,0,3,19,0,2,31,TRAINING,7,7,0,0,72605143,74603125,1094
126,0,3,19,0,2,32,TRAINING,3,5,0,7,71605243,71603425,2258
126,0,3,19,0,2,33,TRAINING,6,6,0,5,71205643,71403625,1054
126,0,3,19,0,2,34,TRAINING,3,5,0,7,71204653,71402635,1412
126,0,3,19,0,2,35,TRAINING,5,3,0,6,70214653,70412635,1616
126,0,3,19,0,2,36,TRAINING,7,7,0,0,70614253,70612435,2138
126,0,3,19,0,2,37,TRAINING,6,6,0,2,72614053,74612035,1408
126,0,3,19,0,2,38,TRAINING,5,3,0,6,71624053,71642035,2670
126,0,3,19,0,2,39,TRAINING,3,5,0,7,17624053,17642035,3354
126,0,3,19,0,2,40,TRAINING,6,6,0,2,17604253,17602435,3440
126,0,3,19,0,2,41,TEST,4,2,1,1,true,3582
126,0,3,19,0,2,42,TEST,7,7,0,0,true,881
126,0,3,19,0,2,43,TEST,0,0,1,1,true,1096
126,0,3,19,0,2,44,TEST,3,5,0,0,true,969
126,0,3,19,0,2,45,TEST,6,6,0,0,true,553
126,0,3,19,0,2,46,TEST,1,1,1,1,true,1224
126,0,3,19,0,2,47,TEST,5,3,0,0,true,885
126,0,3,19,0,2,48,TEST,2,4,1,1,true,791
126,0,3,19,0,INSTRUCT,postquestionnaire,1

rulestrategy:If the square has a yellow border and has either texture and/or a stripe, it belongs to category A.  If the border is white, it must have texture and a stripe to be in category A.  All others are category B.
howtoimprove:No, thanks.  I had fun!
engagement:7
difficulty:2
physicalaids:no