128,1,3,16,1,INSTRUCT,instruct1,18907
128,1,3,16,1,INSTRUCT,instructCatExample,17940
128,1,3,16,1,INSTRUCT,instructCatColor,7207
128,1,3,16,1,INSTRUCT,instructCatStripe,16678
128,1,3,16,1,INSTRUCT,instructDemoIntro,36837
128,1,3,16,1,INSTRUCT,instructDemo,74483
128,1,3,16,1,INSTRUCT,instructTest,44751
128,1,3,16,1,INSTRUCT,instructTest2,25971
128,1,3,16,1,INSTRUCT,instructDimColor,13447
128,1,3,16,1,INSTRUCT,instructDimBorder,4702
128,1,3,16,1,INSTRUCT,instructDimDots,2774
128,1,3,16,1,INSTRUCT,instructDimStripe,3558
128,1,3,16,1,INSTRUCT,instructDimAll,87
128,1,3,16,1,INSTRUCT,instructFinal,84055
128,1,3,16,1,1,1,TRAINING,1,0,1,4,27431605,c6a40e82,3342
128,1,3,16,1,1,2,TRAINING,3,4,0,2,27341605,c64a0e82,1747
128,1,3,16,1,1,3,TRAINING,2,12,1,0,27301645,c6480ea2,4091
128,1,3,16,1,1,4,TRAINING,1,0,1,4,27301546,c64802ae,7030
128,1,3,16,1,1,5,TRAINING,3,4,0,2,27301456,c6480a2e,2323
128,1,3,16,1,1,6,TRAINING,4,10,1,5,27361450,c64e0a28,2940
128,1,3,16,1,1,7,TRAINING,0,8,1,1,20361457,c84e0a26,3738
128,1,3,16,1,1,8,TRAINING,5,2,0,6,30261457,48ce0a26,3690
128,1,3,16,1,1,9,TRAINING,4,10,1,5,30216457,48c0ea26,2272
128,1,3,16,1,1,10,TRAINING,2,12,1,1,32016457,4c80ea26,5212
128,1,3,16,1,1,11,TRAINING,7,6,0,2,32716450,4c60ea28,2549
128,1,3,16,1,1,12,TRAINING,6,14,0,3,32761450,4c6e0a28,3154
128,1,3,16,1,1,13,TRAINING,6,14,0,3,02761453,8c6e0a24,3818
128,1,3,16,1,1,14,TRAINING,7,6,0,2,02761435,8c6e0a42,2361
128,1,3,16,1,1,15,TRAINING,0,8,1,6,32761405,4c6e0a82,2284
128,1,3,16,1,1,16,TRAINING,5,2,0,7,32764105,4c6ea082,2549
128,1,3,16,1,1,17,TEST,6,14,0,1,false,3351
128,1,3,16,1,1,18,TEST,4,10,1,1,true,1786
128,1,3,16,1,1,19,TEST,0,8,1,0,false,824
128,1,3,16,1,1,20,TEST,3,4,0,0,true,654
128,1,3,16,1,1,21,TEST,2,12,1,0,false,649
128,1,3,16,1,1,22,TEST,5,2,0,1,false,764
128,1,3,16,1,1,23,TEST,1,0,1,0,false,652
128,1,3,16,1,1,24,TEST,7,6,0,1,false,745
128,1,3,16,1,2,25,TRAINING,2,12,1,6,61574023,e026a8c4,3642
128,1,3,16,1,2,26,TRAINING,0,8,1,2,61074523,e086a2c4,3027
128,1,3,16,1,2,27,TRAINING,6,14,0,5,51074623,2086aec4,2313
128,1,3,16,1,2,28,TRAINING,2,12,1,6,51034627,2084aec6,2659
128,1,3,16,1,2,29,TRAINING,1,0,1,2,50134627,2804aec6,2006
128,1,3,16,1,2,30,TRAINING,4,10,1,4,05134627,8204aec6,1987
128,1,3,16,1,2,31,TRAINING,3,4,0,3,65134027,e204a8c6,2072
128,1,3,16,1,2,32,TRAINING,7,6,0,7,65134207,e204ac86,1866
128,1,3,16,1,2,33,TRAINING,7,6,0,7,60134257,e804ac26,2066
128,1,3,16,1,2,34,TRAINING,5,2,0,3,60154237,e802ac46,1769
128,1,3,16,1,2,35,TRAINING,4,10,1,4,60254137,e8c2a046,2595
128,1,3,16,1,2,36,TRAINING,1,0,1,5,30254167,48c2a0e6,3051
128,1,3,16,1,2,37,TRAINING,5,2,0,2,30524167,482ca0e6,2337
128,1,3,16,1,2,38,TRAINING,0,8,1,4,34520167,4a2c80e6,1975
128,1,3,16,1,2,39,TRAINING,6,14,0,6,31520467,402c8ae6,2520
128,1,3,16,1,2,40,TRAINING,3,4,0,5,41520367,a02c84e6,1313
128,1,3,16,1,2,41,TEST,4,10,1,1,true,1429
128,1,3,16,1,2,42,TEST,0,8,1,1,true,1636
128,1,3,16,1,2,43,TEST,6,14,0,0,true,594
128,1,3,16,1,2,44,TEST,5,2,0,1,false,1029
128,1,3,16,1,2,45,TEST,3,4,0,0,true,860
128,1,3,16,1,2,46,TEST,2,12,1,0,false,551
128,1,3,16,1,2,47,TEST,7,6,0,0,true,1271
128,1,3,16,1,2,48,TEST,1,0,1,1,true,892
128,1,3,16,1,3,49,TRAINING,3,4,0,5,70154362,6802a4ec,4156
128,1,3,16,1,3,50,TRAINING,2,12,1,7,71054362,6082a4ec,2511
128,1,3,16,1,3,51,TRAINING,7,6,0,1,17054362,0682a4ec,3035
128,1,3,16,1,3,52,TRAINING,2,12,1,7,17064352,068ea42c,2413
128,1,3,16,1,3,53,TRAINING,5,2,0,6,17034652,0684ae2c,2432
128,1,3,16,1,3,54,TRAINING,3,4,0,5,17064352,068ea42c,1964
128,1,3,16,1,3,55,TRAINING,4,10,1,4,67014352,e680a42c,1845
128,1,3,16,1,3,56,TRAINING,0,8,1,7,67214350,e6c0a428,1897
128,1,3,16,1,3,57,TRAINING,1,0,1,0,17264350,06cea428,1865
128,1,3,16,1,3,58,TRAINING,0,8,1,7,16274350,0ec6a428,2299
128,1,3,16,1,3,59,TRAINING,1,0,1,0,16374250,0e46ac28,2188
128,1,3,16,1,3,60,TRAINING,5,2,0,6,14376250,0a46ec28,1976
128,1,3,16,1,3,61,TRAINING,7,6,0,3,16374250,0e46ac28,2589
128,1,3,16,1,3,62,TRAINING,6,14,0,1,16274350,0ec6a428,1825
128,1,3,16,1,3,63,TRAINING,6,14,0,1,46271350,aec60428,1574
128,1,3,16,1,3,64,TRAINING,4,10,1,0,46071352,ae86042c,1641
128,1,3,16,1,3,65,TEST,7,6,0,0,true,831
128,1,3,16,1,3,66,TEST,3,4,0,0,true,2288
128,1,3,16,1,3,67,TEST,1,0,1,1,true,598
128,1,3,16,1,3,68,TEST,0,8,1,1,true,576
128,1,3,16,1,3,69,TEST,5,2,0,1,false,534
128,1,3,16,1,3,70,TEST,4,10,1,0,false,612
128,1,3,16,1,3,71,TEST,2,12,1,0,false,654
128,1,3,16,1,3,72,TEST,6,14,0,0,true,512
128,1,3,16,1,4,73,TRAINING,4,10,1,0,40725136,a86c204e,1504
128,1,3,16,1,4,74,TRAINING,6,14,0,7,40527136,a82c604e,19062
128,1,3,16,1,4,75,TRAINING,6,14,0,7,40327156,a84c602e,3548
128,1,3,16,1,4,76,TRAINING,3,4,0,2,47320156,a64c802e,2002
128,1,3,16,1,4,77,TRAINING,0,8,1,4,42370156,ac46802e,3042
128,1,3,16,1,4,78,TRAINING,7,6,0,6,42350176,ac42806e,2039
128,1,3,16,1,4,79,TRAINING,1,0,1,5,42530176,ac24806e,1782
128,1,3,16,1,4,80,TRAINING,2,12,1,1,02534176,8c24a06e,3400
128,1,3,16,1,4,81,TRAINING,2,12,1,1,02354176,8c42a06e,1994
128,1,3,16,1,4,82,TRAINING,1,0,1,5,02654173,8ce2a064,2002
128,1,3,16,1,4,83,TRAINING,7,6,0,6,02564173,8c2ea064,2718
128,1,3,16,1,4,84,TRAINING,4,10,1,4,05264173,82cea064,2035
128,1,3,16,1,4,85,TRAINING,3,4,0,5,05264371,82cea460,2434
128,1,3,16,1,4,86,TRAINING,5,2,0,3,06254371,8ec2a460,1817
128,1,3,16,1,4,87,TRAINING,5,2,0,3,07254361,86c2a4e0,2019
128,1,3,16,1,4,88,TRAINING,0,8,1,0,03254761,84c2a6e0,2030
128,1,3,16,1,4,89,TEST,3,4,0,0,true,2603
128,1,3,16,1,4,90,TEST,1,0,1,0,false,3140
128,1,3,16,1,4,91,TEST,0,8,1,0,false,570
128,1,3,16,1,4,92,TEST,2,12,1,0,false,635
128,1,3,16,1,4,93,TEST,5,2,0,1,false,578
128,1,3,16,1,4,94,TEST,6,14,0,0,true,581
128,1,3,16,1,4,95,TEST,7,6,0,0,true,540
128,1,3,16,1,4,96,TEST,4,10,1,1,true,971
128,1,3,16,1,5,97,TRAINING,6,14,0,1,76245130,6eca2048,9129
128,1,3,16,1,5,98,TRAINING,7,6,0,0,76205134,6ec8204a,1981
128,1,3,16,1,5,99,TRAINING,6,14,0,1,76204135,6ec8a042,1819
128,1,3,16,1,5,100,TRAINING,0,8,1,3,76504132,6e28a04c,1970
128,1,3,16,1,5,101,TRAINING,0,8,1,3,76504123,6e28a0c4,1602
128,1,3,16,1,5,102,TRAINING,2,12,1,1,72504163,6c28a0e4,1881
128,1,3,16,1,5,103,TRAINING,3,4,0,7,72501463,6c280ae4,2075
128,1,3,16,1,5,104,TRAINING,1,0,1,3,72510463,6c208ae4,1995
128,1,3,16,1,5,105,TRAINING,7,6,0,0,72510643,6c208ea4,1739
128,1,3,16,1,5,106,TRAINING,3,4,0,7,72516043,6c20e8a4,1717
128,1,3,16,1,5,107,TRAINING,5,2,0,2,72561043,6c2e08a4,2048
128,1,3,16,1,5,108,TRAINING,2,12,1,1,72516043,6c20e8a4,1651
128,1,3,16,1,5,109,TRAINING,5,2,0,2,72513046,6c2048ae,1699
128,1,3,16,1,5,110,TRAINING,4,10,1,6,12573046,0c2648ae,2033
128,1,3,16,1,5,111,TRAINING,4,10,1,6,12573640,0c264ea8,1533
128,1,3,16,1,5,112,TRAINING,1,0,1,0,12576340,0c26e4a8,3304
128,1,3,16,1,5,113,TEST,4,10,1,0,false,2667
128,1,3,16,1,5,114,TEST,1,0,1,1,true,898
128,1,3,16,1,5,115,TEST,2,12,1,0,false,538
128,1,3,16,1,5,116,TEST,7,6,0,0,true,499
128,1,3,16,1,5,117,TEST,6,14,0,0,true,507
128,1,3,16,1,5,118,TEST,3,4,0,0,true,1315
128,1,3,16,1,5,119,TEST,5,2,0,0,true,1045
128,1,3,16,1,5,120,TEST,0,8,1,1,true,794
128,1,3,16,1,6,121,TRAINING,3,4,0,3,01735642,80642eac,1818
128,1,3,16,1,6,122,TRAINING,7,6,0,2,10735642,08642eac,2069
128,1,3,16,1,6,123,TRAINING,7,6,0,2,01735642,80642eac,7986
128,1,3,16,1,6,124,TRAINING,4,10,1,6,01735246,80642cae,1920
128,1,3,16,1,6,125,TRAINING,0,8,1,0,01753246,80624cae,2263
128,1,3,16,1,6,126,TRAINING,1,0,1,1,01653247,80e24ca6,1651
128,1,3,16,1,6,127,TRAINING,5,2,0,6,01643257,80ea4c26,1699
128,1,3,16,1,6,128,TRAINING,3,4,0,3,01634257,80e4ac26,2006
128,1,3,16,1,6,129,TRAINING,6,14,0,2,21634057,c0e4a826,1904
128,1,3,16,1,6,130,TRAINING,2,12,1,0,27634051,c6e4a820,1733
128,1,3,16,1,6,131,TRAINING,5,2,0,6,23674051,c4e6a820,1801
128,1,3,16,1,6,132,TRAINING,4,10,1,3,23647051,c4ea6820,2017
128,1,3,16,1,6,133,TRAINING,6,14,0,2,23640751,c4ea8620,1715
128,1,3,16,1,6,134,TRAINING,0,8,1,4,25640731,c2ea8640,2130
128,1,3,16,1,6,135,TRAINING,1,0,1,7,23640751,c4ea8620,1916
128,1,3,16,1,6,136,TRAINING,2,12,1,5,73640251,64ea8c20,1297
128,1,3,16,1,6,137,TEST,4,10,1,0,false,1916
128,1,3,16,1,6,138,TEST,6,14,0,1,false,890
128,1,3,16,1,6,139,TEST,7,6,0,1,false,517
128,1,3,16,1,6,140,TEST,2,12,1,1,true,693
128,1,3,16,1,6,141,TEST,1,0,1,1,true,722
128,1,3,16,1,6,142,TEST,5,2,0,0,true,1470
128,1,3,16,1,6,143,TEST,3,4,0,0,true,618
128,1,3,16,1,6,144,TEST,0,8,1,1,true,643
128,1,3,16,1,7,145,TRAINING,5,2,0,0,50721634,286c0e4a,6641
128,1,3,16,1,7,146,TRAINING,4,10,1,7,56721034,2e6c084a,2202
128,1,3,16,1,7,147,TRAINING,2,12,1,3,56021734,2e8c064a,2452
128,1,3,16,1,7,148,TRAINING,7,6,0,5,16025734,0e8c264a,1926
128,1,3,16,1,7,149,TRAINING,0,8,1,7,16425730,0eac2648,1720
128,1,3,16,1,7,150,TRAINING,6,14,0,2,14625730,0aec2648,1740
128,1,3,16,1,7,151,TRAINING,1,0,1,0,14623750,0aec4628,2027
128,1,3,16,1,7,152,TRAINING,1,0,1,0,14623705,0aec4682,2703
128,1,3,16,1,7,153,TRAINING,5,2,0,6,14623750,0aec4628,1662
128,1,3,16,1,7,154,TRAINING,4,10,1,1,14263750,0ace4628,3647
128,1,3,16,1,7,155,TRAINING,2,12,1,7,14063752,0a8e462c,1746
128,1,3,16,1,7,156,TRAINING,7,6,0,6,14063572,0a8e426c,1631
128,1,3,16,1,7,157,TRAINING,3,4,0,4,54063172,2a8e406c,1505
128,1,3,16,1,7,158,TRAINING,6,14,0,3,50463172,28ae406c,2703
128,1,3,16,1,7,159,TRAINING,0,8,1,7,52463170,2cae4068,5019
128,1,3,16,1,7,160,TRAINING,3,4,0,1,53462170,24aec068,1588
128,1,3,16,1,7,161,TEST,7,6,0,0,true,1410
128,1,3,16,1,7,162,TEST,2,12,1,0,false,502
128,1,3,16,1,7,163,TEST,6,14,0,0,true,457
128,1,3,16,1,7,164,TEST,1,0,1,1,true,828
128,1,3,16,1,7,165,TEST,5,2,0,0,true,2003
128,1,3,16,1,7,166,TEST,4,10,1,0,false,634
128,1,3,16,1,7,167,TEST,0,8,1,1,true,864
128,1,3,16,1,7,168,TEST,3,4,0,0,true,751
128,1,3,16,1,8,169,TRAINING,2,12,1,5,13706254,0468ec2a,4003
128,1,3,16,1,8,170,TRAINING,2,12,1,5,10736254,0864ec2a,1906
128,1,3,16,1,8,171,TRAINING,5,2,0,6,01736254,8064ec2a,1907
128,1,3,16,1,8,172,TRAINING,5,2,0,6,07136254,8604ec2a,1708
128,1,3,16,1,8,173,TRAINING,6,14,0,2,07631254,86e40c2a,2771
128,1,3,16,1,8,174,TRAINING,3,4,0,3,27631054,c6e4082a,1820
128,1,3,16,1,8,175,TRAINING,0,8,1,5,17632054,06e4c82a,1779
128,1,3,16,1,8,176,TRAINING,3,4,0,3,71632054,60e4c82a,2899
128,1,3,16,1,8,177,TRAINING,1,0,1,1,71432056,60a4c82e,1939
128,1,3,16,1,8,178,TRAINING,0,8,1,5,71532046,6024c8ae,1690
128,1,3,16,1,8,179,TRAINING,4,10,1,6,71632045,60e4c8a2,1573
128,1,3,16,1,8,180,TRAINING,6,14,0,4,71236045,60c4e8a2,1584
128,1,3,16,1,8,181,TRAINING,1,0,1,1,71326045,604ce8a2,1676
128,1,3,16,1,8,182,TRAINING,7,6,0,2,31726045,406ce8a2,1539
128,1,3,16,1,8,183,TRAINING,7,6,0,2,31725046,406c28ae,1547
128,1,3,16,1,8,184,TRAINING,4,10,1,4,31724056,406ca82e,1802
128,1,3,16,1,8,185,TEST,1,0,1,1,true,874
128,1,3,16,1,8,186,TEST,5,2,0,1,false,659
128,1,3,16,1,8,187,TEST,4,10,1,1,true,534
128,1,3,16,1,8,188,TEST,3,4,0,0,true,613
128,1,3,16,1,8,189,TEST,0,8,1,1,true,596
128,1,3,16,1,8,190,TEST,2,12,1,0,false,504
128,1,3,16,1,8,191,TEST,6,14,0,0,true,622
128,1,3,16,1,8,192,TEST,7,6,0,0,true,578
128,1,3,16,1,9,193,TRAINING,2,12,1,4,43762150,a46ec028,4987
128,1,3,16,1,9,194,TRAINING,0,8,1,2,43062157,a48ec026,2042
128,1,3,16,1,9,195,TRAINING,7,6,0,7,43052167,a482c0e6,1651
128,1,3,16,1,9,196,TRAINING,7,6,0,7,45032167,a284c0e6,1731
128,1,3,16,1,9,197,TRAINING,0,8,1,2,41032567,a084c2e6,1606
128,1,3,16,1,9,198,TRAINING,6,14,0,3,41062537,a08ec246,1632
128,1,3,16,1,9,199,TRAINING,3,4,0,6,45062137,a28ec046,1588
128,1,3,16,1,9,200,TRAINING,1,0,1,5,05462137,82aec046,1614
128,1,3,16,1,9,201,TRAINING,4,10,1,2,05472136,82a6c04e,1673
128,1,3,16,1,9,202,TRAINING,2,12,1,4,65472130,e2a6c048,1570
128,1,3,16,1,9,203,TRAINING,5,2,0,1,65412730,e2a0c648,1596
128,1,3,16,1,9,204,TRAINING,4,10,1,2,65412037,e2a0c846,3561
128,1,3,16,1,9,205,TRAINING,5,2,0,1,05412637,82a0ce46,1724
128,1,3,16,1,9,206,TRAINING,1,0,1,3,05412673,82a0ce64,1610
128,1,3,16,1,9,207,TRAINING,3,4,0,7,05412763,82a0c6e4,1572
128,1,3,16,1,9,208,TRAINING,6,14,0,6,50412763,28a0c6e4,3740
128,1,3,16,1,9,209,TEST,5,2,0,1,false,1507
128,1,3,16,1,9,210,TEST,4,10,1,1,true,443
128,1,3,16,1,9,211,TEST,0,8,1,1,true,491
128,1,3,16,1,9,212,TEST,7,6,0,0,true,675
128,1,3,16,1,9,213,TEST,6,14,0,0,true,531
128,1,3,16,1,9,214,TEST,1,0,1,1,true,926
128,1,3,16,1,9,215,TEST,3,4,0,0,true,744
128,1,3,16,1,9,216,TEST,2,12,1,0,false,467
128,1,3,16,1,10,217,TRAINING,7,6,0,3,23571046,c42608ae,7101
128,1,3,16,1,10,218,TRAINING,7,6,0,3,23570146,c42680ae,1641
128,1,3,16,1,10,219,TRAINING,5,2,0,1,25370146,c24680ae,1937
128,1,3,16,1,10,220,TRAINING,4,10,1,6,25670143,c2e680a4,1843
128,1,3,16,1,10,221,TRAINING,2,12,1,0,25670341,c2e684a0,2206
128,1,3,16,1,10,222,TRAINING,5,2,0,1,25607341,c2e864a0,1911
128,1,3,16,1,10,223,TRAINING,4,10,1,3,25647301,c2ea6480,1572
128,1,3,16,1,10,224,TRAINING,1,0,1,7,25643701,c2ea4680,1698
128,1,3,16,1,10,225,TRAINING,3,4,0,4,05643721,82ea46c0,1741
128,1,3,16,1,10,226,TRAINING,0,8,1,3,45603721,a2e846c0,1799
128,1,3,16,1,10,227,TRAINING,1,0,1,7,45603271,a2e84c60,1525
128,1,3,16,1,10,228,TRAINING,2,12,1,5,54603271,2ae84c60,1545
128,1,3,16,1,10,229,TRAINING,6,14,0,3,54063271,2a8e4c60,1623
128,1,3,16,1,10,230,TRAINING,0,8,1,2,57063241,268e4ca0,1571
128,1,3,16,1,10,231,TRAINING,6,14,0,3,17063245,068e4ca2,3061
128,1,3,16,1,10,232,TRAINING,3,4,0,5,17062345,068ec4a2,1342
128,1,3,16,1,10,233,TEST,5,2,0,1,false,1194
128,1,3,16,1,10,234,TEST,2,12,1,0,false,816
128,1,3,16,1,10,235,TEST,4,10,1,1,true,1094
128,1,3,16,1,10,236,TEST,3,4,0,0,true,1481
128,1,3,16,1,10,237,TEST,7,6,0,0,true,779
128,1,3,16,1,10,238,TEST,0,8,1,1,true,1212
128,1,3,16,1,10,239,TEST,6,14,0,0,true,661
128,1,3,16,1,10,240,TEST,1,0,1,1,true,1734
128,1,3,16,1,11,241,TRAINING,7,6,0,2,12705463,0c682ae4,5842
128,1,3,16,1,11,242,TRAINING,3,4,0,7,12750463,0c628ae4,3466
128,1,3,16,1,11,243,TRAINING,2,12,1,5,14750263,0a628ce4,3139
128,1,3,16,1,11,244,TRAINING,7,6,0,2,04751263,8a620ce4,3207
128,1,3,16,1,11,245,TRAINING,1,0,1,4,54701263,2a680ce4,2196
128,1,3,16,1,11,246,TRAINING,6,14,0,6,52701463,2c680ae4,1789
128,1,3,16,1,11,247,TRAINING,0,8,1,3,32701465,4c680ae2,2898
128,1,3,16,1,11,248,TRAINING,4,10,1,5,32705461,4c682ae0,2035
128,1,3,16,1,11,249,TRAINING,3,4,0,0,37205461,46c82ae0,2713
128,1,3,16,1,11,250,TRAINING,4,10,1,5,36205471,4ec82a60,1611
128,1,3,16,1,11,251,TRAINING,5,2,0,4,31205476,40c82a6e,1580
128,1,3,16,1,11,252,TRAINING,6,14,0,1,36205471,4ec82a60,3069
128,1,3,16,1,11,253,TRAINING,2,12,1,2,76205431,6ec82a40,1761
128,1,3,16,1,11,254,TRAINING,5,2,0,4,46205731,aec82640,1769
128,1,3,16,1,11,255,TRAINING,0,8,1,7,46215730,aec02648,2091
128,1,3,16,1,11,256,TRAINING,1,0,1,2,46125730,ae0c2648,1658
128,1,3,16,1,11,257,TEST,5,2,0,1,false,1066
128,1,3,16,1,11,258,TEST,0,8,1,1,true,458
128,1,3,16,1,11,259,TEST,6,14,0,0,true,1059
128,1,3,16,1,11,260,TEST,4,10,1,1,true,596
128,1,3,16,1,11,261,TEST,3,4,0,1,false,708
128,1,3,16,1,11,262,TEST,7,6,0,0,true,834
128,1,3,16,1,11,263,TEST,1,0,1,1,true,996
128,1,3,16,1,11,264,TEST,2,12,1,0,false,1059
128,1,3,16,1,12,265,TRAINING,3,4,0,6,27410536,c6a0824e,8008
128,1,3,16,1,12,266,TRAINING,0,8,1,0,07412536,86a0c24e,3331
128,1,3,16,1,12,267,TRAINING,1,0,1,3,05412736,82a0c64e,2220
128,1,3,16,1,12,268,TRAINING,6,14,0,7,05214736,82c0a64e,4603
128,1,3,16,1,12,269,TRAINING,3,4,0,6,45210736,a2c0864e,1815
128,1,3,16,1,12,270,TRAINING,2,12,1,4,45012736,a280c64e,2005
128,1,3,16,1,12,271,TRAINING,4,10,1,0,45612730,a2e0c648,2106
128,1,3,16,1,12,272,TRAINING,7,6,0,3,45672130,a2e6c048,1820
128,1,3,16,1,12,273,TRAINING,4,10,1,0,40672135,a8e6c042,3570
128,1,3,16,1,12,274,TRAINING,7,6,0,3,40172635,a806ce42,2789
128,1,3,16,1,12,275,TRAINING,2,12,1,4,40172365,a806c4e2,1923
128,1,3,16,1,12,276,TRAINING,1,0,1,5,40372165,a846c0e2,1890
128,1,3,16,1,12,277,TRAINING,0,8,1,6,46372105,ae46c082,1705
128,1,3,16,1,12,278,TRAINING,6,14,0,1,46273105,aec64082,2441
128,1,3,16,1,12,279,TRAINING,5,2,0,7,46213705,aec04682,1780
128,1,3,16,1,12,280,TRAINING,5,2,0,7,06213745,8ec046a2,1787
128,1,3,16,1,12,281,TEST,1,0,1,1,true,986
128,1,3,16,1,12,282,TEST,6,14,0,0,true,933
128,1,3,16,1,12,283,TEST,3,4,0,0,true,1387
128,1,3,16,1,12,284,TEST,5,2,0,0,true,1741
128,1,3,16,1,12,285,TEST,2,12,1,1,true,724
128,1,3,16,1,12,286,TEST,0,8,1,1,true,505
128,1,3,16,1,12,287,TEST,7,6,0,0,true,636
128,1,3,16,1,12,288,TEST,4,10,1,1,true,650
128,1,3,16,1,13,289,TRAINING,7,6,0,7,40365127,a84e20c6,4241
128,1,3,16,1,13,290,TRAINING,1,0,1,5,40265137,a8ce2046,2074
128,1,3,16,1,13,291,TRAINING,6,14,0,3,45260137,a2ce8046,3268
128,1,3,16,1,13,292,TRAINING,1,0,1,5,43260157,a4ce8026,3146
128,1,3,16,1,13,293,TRAINING,0,8,1,4,45260137,a2ce8046,2275
128,1,3,16,1,13,294,TRAINING,3,4,0,2,45360127,a24e80c6,1842
128,1,3,16,1,13,295,TRAINING,0,8,1,4,45310627,a2408ec6,2755
128,1,3,16,1,13,296,TRAINING,2,12,1,5,45310267,a2408ce6,1713
128,1,3,16,1,13,297,TRAINING,3,4,0,6,45610237,a2e08c46,1851
128,1,3,16,1,13,298,TRAINING,4,10,1,0,45016237,a280ec46,1938
128,1,3,16,1,13,299,TRAINING,4,10,1,0,45716230,a260ec48,2870
128,1,3,16,1,13,300,TRAINING,6,14,0,7,45710236,a2608c4e,2032
128,1,3,16,1,13,301,TRAINING,2,12,1,5,45170236,a2068c4e,2764
128,1,3,16,1,13,302,TRAINING,5,2,0,4,40175236,a8062c4e,1793
128,1,3,16,1,13,303,TRAINING,5,2,0,4,41075236,a0862c4e,1674
128,1,3,16,1,13,304,TRAINING,7,6,0,3,61075234,e0862c4a,2531
128,1,3,16,1,13,305,TEST,5,2,0,0,true,1812
128,1,3,16,1,13,306,TEST,7,6,0,0,true,669
128,1,3,16,1,13,307,TEST,2,12,1,1,true,717
128,1,3,16,1,13,308,TEST,6,14,0,0,true,755
128,1,3,16,1,13,309,TEST,1,0,1,1,true,525
128,1,3,16,1,13,310,TEST,4,10,1,0,false,977
128,1,3,16,1,13,311,TEST,3,4,0,1,false,710
128,1,3,16,1,13,312,TEST,0,8,1,1,true,512
128,1,3,16,1,14,313,TRAINING,6,14,0,6,70415362,68a024ec,6315
128,1,3,16,1,14,314,TRAINING,7,6,0,0,74015362,6a8024ec,2691
128,1,3,16,1,14,315,TRAINING,4,10,1,1,74105362,6a0824ec,1810
128,1,3,16,1,14,316,TRAINING,2,12,1,7,74605312,6ae8240c,2084
128,1,3,16,1,14,317,TRAINING,0,8,1,3,74601352,6ae8042c,2612
128,1,3,16,1,14,318,TRAINING,5,2,0,6,71604352,60e8a42c,1826
128,1,3,16,1,14,319,TRAINING,3,4,0,5,76104352,6e08a42c,1629
128,1,3,16,1,14,320,TRAINING,0,8,1,3,76401352,6ea8042c,1886
128,1,3,16,1,14,321,TRAINING,7,6,0,0,71406352,60a8e42c,1747
128,1,3,16,1,14,322,TRAINING,4,10,1,2,71405362,60a824ec,1806
128,1,3,16,1,14,323,TRAINING,5,2,0,4,76405312,6ea8240c,1738
128,1,3,16,1,14,324,TRAINING,1,0,1,6,67405312,e6a8240c,1744
128,1,3,16,1,14,325,TRAINING,2,12,1,0,27405316,c6a8240e,1902
128,1,3,16,1,14,326,TRAINING,3,4,0,5,26405317,cea82406,1599
128,1,3,16,1,14,327,TRAINING,1,0,1,2,26105347,ce0824a6,1659
128,1,3,16,1,14,328,TRAINING,6,14,0,1,76105342,6e0824ac,1773
128,1,3,16,1,14,329,TEST,7,6,0,0,true,1194
128,1,3,16,1,14,330,TEST,0,8,1,1,true,707
128,1,3,16,1,14,331,TEST,6,14,0,0,true,1426
128,1,3,16,1,14,332,TEST,1,0,1,1,true,1564
128,1,3,16,1,14,333,TEST,5,2,0,0,true,637
128,1,3,16,1,14,334,TEST,4,10,1,0,false,857
128,1,3,16,1,14,335,TEST,3,4,0,1,false,685
128,1,3,16,1,14,336,TEST,2,12,1,1,true,478
128,1,3,16,1,15,337,TRAINING,7,6,0,4,51247063,20ca68e4,3267
128,1,3,16,1,15,338,TRAINING,7,6,0,4,51247036,20ca684e,2091
128,1,3,16,1,15,339,TRAINING,5,2,0,1,15247036,02ca684e,2115
128,1,3,16,1,15,340,TRAINING,0,8,1,5,15347026,024a68ce,3003
128,1,3,16,1,15,341,TRAINING,5,2,0,1,15647023,02ea68c4,1871
128,1,3,16,1,15,342,TRAINING,3,4,0,2,15347026,024a68ce,1913
128,1,3,16,1,15,343,TRAINING,4,10,1,3,05347126,824a60ce,1988
128,1,3,16,1,15,344,TRAINING,6,14,0,7,05342176,824ac06e,1741
128,1,3,16,1,15,345,TRAINING,2,12,1,4,75342106,624ac08e,2219
128,1,3,16,1,15,346,TRAINING,1,0,1,5,75042136,628ac04e,2152
128,1,3,16,1,15,347,TRAINING,6,14,0,3,75062134,628ec04a,1851
128,1,3,16,1,15,348,TRAINING,1,0,1,5,73062154,648ec02a,1932
128,1,3,16,1,15,349,TRAINING,0,8,1,2,23067154,c48e602a,1819
128,1,3,16,1,15,350,TRAINING,4,10,1,7,23065174,c48e206a,1609
128,1,3,16,1,15,351,TRAINING,2,12,1,4,53062174,248ec06a,1611
128,1,3,16,1,15,352,TRAINING,3,4,0,1,53012674,2480ce6a,1511
128,1,3,16,1,15,353,TEST,5,2,0,1,false,764
128,1,3,16,1,15,354,TEST,2,12,1,1,true,475
128,1,3,16,1,15,355,TEST,4,10,1,1,true,500
128,1,3,16,1,15,356,TEST,0,8,1,0,false,880
128,1,3,16,1,15,357,TEST,7,6,0,1,false,637
128,1,3,16,1,15,358,TEST,1,0,1,1,true,707
128,1,3,16,1,15,359,TEST,6,14,0,0,true,764
128,1,3,16,1,15,360,TEST,3,4,0,1,false,565
128,1,3,16,1,16,361,TRAINING,5,2,0,4,34025671,4a8c2e60,9214
128,1,3,16,1,16,362,TRAINING,7,6,0,6,36025471,4e8c2a60,1925
128,1,3,16,1,16,363,TRAINING,0,8,1,2,36025174,4e8c206a,1891
128,1,3,16,1,16,364,TRAINING,2,12,1,3,35026174,428ce06a,1907
128,1,3,16,1,16,365,TRAINING,2,12,1,3,37026154,468ce02a,1829
128,1,3,16,1,16,366,TRAINING,3,4,0,0,37025164,468c20ea,1882
128,1,3,16,1,16,367,TRAINING,4,10,1,7,37625104,46ec208a,1798
128,1,3,16,1,16,368,TRAINING,3,4,0,0,37652104,46e2c08a,2001
128,1,3,16,1,16,369,TRAINING,6,14,0,2,37650124,46e280ca,1795
128,1,3,16,1,16,370,TRAINING,1,0,1,5,32650174,4ce2806a,1714
128,1,3,16,1,16,371,TRAINING,0,8,1,4,52630174,2ce4806a,1582
128,1,3,16,1,16,372,TRAINING,4,10,1,7,62530174,ec24806a,1832
128,1,3,16,1,16,373,TRAINING,6,14,0,0,62130574,ec04826a,3188
128,1,3,16,1,16,374,TRAINING,7,6,0,4,62137504,ec04628a,1876
128,1,3,16,1,16,375,TRAINING,5,2,0,5,62037514,ec84620a,1538
128,1,3,16,1,16,376,TRAINING,1,0,1,6,62047513,ec8a6204,1570
128,1,3,16,1,16,377,TEST,4,10,1,0,false,2050
128,1,3,16,1,16,378,TEST,5,2,0,0,true,461
128,1,3,16,1,16,379,TEST,6,14,0,0,true,444
128,1,3,16,1,16,380,TEST,1,0,1,1,true,1211
128,1,3,16,1,16,381,TEST,2,12,1,0,false,662
128,1,3,16,1,16,382,TEST,0,8,1,1,true,664
128,1,3,16,1,16,383,TEST,7,6,0,0,true,621
128,1,3,16,1,16,384,TEST,3,4,0,1,false,660
128,1,3,16,1,17,385,TRAINING,7,6,0,5,04516723,8a20e6c4,2891
128,1,3,16,1,17,386,TRAINING,3,4,0,7,24516703,ca20e684,1813
128,1,3,16,1,17,387,TRAINING,5,2,0,1,25416703,c2a0e684,2407
128,1,3,16,1,17,388,TRAINING,2,12,1,0,25416073,c2a0e864,1499
128,1,3,16,1,17,389,TRAINING,0,8,1,2,25016473,c280ea64,1565
128,1,3,16,1,17,390,TRAINING,6,14,0,4,25046173,c28ae064,1719
128,1,3,16,1,17,391,TRAINING,0,8,1,2,25016473,c280ea64,1756
128,1,3,16,1,17,392,TRAINING,1,0,1,3,75016423,6280eac4,1639
128,1,3,16,1,17,393,TRAINING,6,14,0,1,76015423,6e802ac4,2460
128,1,3,16,1,17,394,TRAINING,7,6,0,0,76015324,6e8024ca,1874
128,1,3,16,1,17,395,TRAINING,3,4,0,5,76215304,6ec0248a,1557
128,1,3,16,1,17,396,TRAINING,1,0,1,3,75216304,62c0e48a,1697
128,1,3,16,1,17,397,TRAINING,4,10,1,2,75416302,62a0e48c,1616
128,1,3,16,1,17,398,TRAINING,2,12,1,7,75413602,62a04e8c,1876
128,1,3,16,1,17,399,TRAINING,5,2,0,1,75463102,62ae408c,1754
128,1,3,16,1,17,400,TRAINING,4,10,1,2,75436102,62a4e08c,2595
128,1,3,16,1,17,401,TEST,0,8,1,1,true,992
128,1,3,16,1,17,402,TEST,2,12,1,1,true,511
128,1,3,16,1,17,403,TEST,3,4,0,0,true,677
128,1,3,16,1,17,404,TEST,5,2,0,0,true,602
128,1,3,16,1,17,405,TEST,7,6,0,0,true,526
128,1,3,16,1,17,406,TEST,4,10,1,1,true,1739
128,1,3,16,1,17,407,TEST,6,14,0,1,false,432
128,1,3,16,1,17,408,TEST,1,0,1,0,false,599
128,1,3,16,1,18,409,TRAINING,5,2,0,1,65123740,e20c46a8,1862
128,1,3,16,1,18,410,TRAINING,1,0,1,4,65321740,e24c06a8,2770
128,1,3,16,1,18,411,TRAINING,0,8,1,7,65371240,e2460ca8,2114
128,1,3,16,1,18,412,TRAINING,2,12,1,3,65321740,e24c06a8,1936
128,1,3,16,1,18,413,TRAINING,4,10,1,2,65421730,e2ac0648,1839
128,1,3,16,1,18,414,TRAINING,0,8,1,4,65420731,e2ac8640,1946
128,1,3,16,1,18,415,TRAINING,6,14,0,0,65470231,e2a68c40,1785
128,1,3,16,1,18,416,TRAINING,3,4,0,6,64570231,ea268c40,1777
128,1,3,16,1,18,417,TRAINING,6,14,0,0,61570234,e0268c4a,1978
128,1,3,16,1,18,418,TRAINING,2,12,1,5,61507234,e0286c4a,1545
128,1,3,16,1,18,419,TRAINING,3,4,0,1,63507214,e4286c0a,1715
128,1,3,16,1,18,420,TRAINING,5,2,0,4,63705214,e4682c0a,1604
128,1,3,16,1,18,421,TRAINING,7,6,0,2,03765214,846e2c0a,2743
128,1,3,16,1,18,422,TRAINING,1,0,1,6,43765210,a46e2c08,1595
128,1,3,16,1,18,423,TRAINING,4,10,1,5,23765410,c46e2a08,1501
128,1,3,16,1,18,424,TRAINING,7,6,0,2,32765410,4c6e2a08,1725
128,1,3,16,1,18,425,TEST,5,2,0,1,false,872
128,1,3,16,1,18,426,TEST,3,4,0,1,false,3375
128,1,3,16,1,18,427,TEST,7,6,0,0,true,681
128,1,3,16,1,18,428,TEST,4,10,1,1,true,1030
128,1,3,16,1,18,429,TEST,6,14,0,0,true,761
128,1,3,16,1,18,430,TEST,1,0,1,1,true,618
128,1,3,16,1,18,431,TEST,2,12,1,1,true,500
128,1,3,16,1,18,432,TEST,0,8,1,1,true,440
128,1,3,16,1,19,433,TRAINING,5,2,0,4,10375462,08462aec,1626
128,1,3,16,1,19,434,TRAINING,5,2,0,4,10475362,08a624ec,1691
128,1,3,16,1,19,435,TRAINING,3,4,0,1,13475062,04a628ec,2257
128,1,3,16,1,19,436,TRAINING,2,12,1,7,13465072,04ae286c,1922
128,1,3,16,1,19,437,TRAINING,0,8,1,6,13465702,04ae268c,1665
128,1,3,16,1,19,438,TRAINING,3,4,0,4,15463702,02ae468c,1828
128,1,3,16,1,19,439,TRAINING,6,14,0,3,12463705,0cae4682,1756
128,1,3,16,1,19,440,TRAINING,2,12,1,5,17463205,06ae4c82,1588
128,1,3,16,1,19,441,TRAINING,4,10,1,2,17463250,06ae4c28,1546
128,1,3,16,1,19,442,TRAINING,1,0,1,0,10463257,08ae4c26,1584
128,1,3,16,1,19,443,TRAINING,6,14,0,7,10473256,08a64c2e,1589
128,1,3,16,1,19,444,TRAINING,0,8,1,1,10453276,08a24c6e,1831
128,1,3,16,1,19,445,TRAINING,1,0,1,3,50413276,28a04c6e,1784
128,1,3,16,1,19,446,TRAINING,7,6,0,0,70413256,68a04c2e,1645
128,1,3,16,1,19,447,TRAINING,4,10,1,4,70314256,6840ac2e,1485
128,1,3,16,1,19,448,TRAINING,7,6,0,0,75314206,6240ac8e,1633
128,1,3,16,1,19,449,TEST,0,8,1,1,true,971
128,1,3,16,1,19,450,TEST,7,6,0,0,true,494
128,1,3,16,1,19,451,TEST,6,14,0,1,false,730
128,1,3,16,1,19,452,TEST,4,10,1,1,true,667
128,1,3,16,1,19,453,TEST,5,2,0,0,true,768
128,1,3,16,1,19,454,TEST,2,12,1,0,false,1787
128,1,3,16,1,19,455,TEST,1,0,1,1,true,1764
128,1,3,16,1,19,456,TEST,3,4,0,1,false,1154
128,1,3,16,1,INSTRUCT,postquestionnaire,1

rulestrategy:Not really sure. Never fully realized a pattern
howtoimprove:LOL make it easier for a simpleton like me...if you "win" more often you are more inclined to stick with it.
Perhaps let the participant choose which ones to reveal
engagement:4
difficulty:6
physicalaids:no