129,0,2,3,5,INSTRUCT,instruct1,13563
129,0,2,3,5,INSTRUCT,instructCatExample,8762
129,0,2,3,5,INSTRUCT,instructCatColor,6926
129,0,2,3,5,INSTRUCT,instructCatStripe,12865
129,0,2,3,5,INSTRUCT,instructDemoIntro,23900
129,0,2,3,5,INSTRUCT,instructDemo,325851
129,0,2,3,5,INSTRUCT,instructTest,26717
129,0,2,3,5,INSTRUCT,instructTest2,38114
129,0,2,3,5,INSTRUCT,instructDimColor,49715
129,0,2,3,5,INSTRUCT,instructDimBorder,39520
129,0,2,3,5,INSTRUCT,instructDimDots,37762
129,0,2,3,5,INSTRUCT,instructDimStripe,133603
129,0,2,3,5,INSTRUCT,instructDimAll,22006
129,0,2,3,5,INSTRUCT,instructFinal,33585
129,0,2,3,5,1,1,TRAINING,7,1,0,1,47601352,41562307,8482
129,0,2,3,5,1,2,TRAINING,6,5,0,2,47651302,41502367,8367
129,0,2,3,5,1,3,TRAINING,3,3,0,5,27651304,71502364,10262
129,0,2,3,5,1,4,TRAINING,2,7,1,4,17652304,21507364,6260
129,0,2,3,5,1,5,TRAINING,5,0,1,1,15672304,20517364,4545
129,0,2,3,5,1,6,TRAINING,4,4,1,7,15672034,20517634,8153
129,0,2,3,5,1,7,TRAINING,1,2,0,0,15673024,20513674,12929
129,0,2,3,5,1,8,TRAINING,0,6,1,5,15637024,20531674,4541
129,0,2,3,5,1,9,TRAINING,2,7,1,2,15237064,20731654,9159
129,0,2,3,5,1,10,TRAINING,7,1,0,3,15273064,20713654,34855
129,0,2,3,5,1,11,TRAINING,0,6,1,7,15273460,20713456,7063
129,0,2,3,5,1,12,TRAINING,6,5,0,5,15273640,20713546,10192
129,0,2,3,5,1,13,TRAINING,1,2,0,0,15237640,20731546,50240
129,0,2,3,5,1,14,TRAINING,0,6,1,7,15437620,20431576,12737
129,0,2,3,5,1,15,TRAINING,3,3,0,3,15437260,20431756,6913
129,0,2,3,5,1,16,TRAINING,4,4,1,2,65437210,50431726,3186
129,0,2,3,5,1,17,TEST,5,0,1,0,false,2074
129,0,2,3,5,1,18,TEST,0,6,1,1,true,3954
129,0,2,3,5,1,19,TEST,1,2,0,0,true,2614
129,0,2,3,5,1,20,TEST,3,3,0,0,true,4472
129,0,2,3,5,1,21,TEST,7,1,0,0,true,3513
129,0,2,3,5,1,22,TEST,4,4,1,1,true,4720
129,0,2,3,5,1,23,TEST,2,7,1,1,true,3848
129,0,2,3,5,1,24,TEST,6,5,0,0,true,5543
129,0,2,3,5,2,25,TRAINING,6,5,0,4,15246703,20745163,7731
129,0,2,3,5,2,26,TRAINING,7,1,0,5,13246705,23745160,6152
129,0,2,3,5,2,27,TRAINING,2,7,1,2,15246703,20745163,2689
129,0,2,3,5,2,28,TRAINING,3,3,0,7,14256703,24705163,1617
129,0,2,3,5,2,29,TRAINING,5,0,1,3,14257603,24701563,2856
129,0,2,3,5,2,30,TRAINING,4,4,1,1,14250673,24706513,4194
129,0,2,3,5,2,31,TRAINING,1,2,0,0,14250637,24706531,3824
129,0,2,3,5,2,32,TRAINING,0,6,1,3,14205637,24760531,2377
129,0,2,3,5,2,33,TRAINING,4,4,1,1,14502637,24067531,13490
129,0,2,3,5,2,34,TRAINING,0,6,1,3,64502137,54067231,1503
129,0,2,3,5,2,35,TRAINING,2,7,1,4,14502637,24067531,4201
129,0,2,3,5,2,36,TRAINING,6,5,0,5,13502647,23067541,1303
129,0,2,3,5,2,37,TRAINING,1,2,0,0,13502674,23067514,3340
129,0,2,3,5,2,38,TRAINING,4,4,1,6,13502647,23067541,1531
129,0,2,3,5,2,39,TRAINING,0,6,1,7,13572640,23017546,2770
129,0,2,3,5,2,40,TRAINING,4,4,1,6,13275640,23710546,1368
129,0,2,3,5,2,41,TEST,7,1,0,0,true,3137
129,0,2,3,5,2,42,TEST,1,2,0,0,true,6521
129,0,2,3,5,2,43,TEST,6,5,0,0,true,3649
129,0,2,3,5,2,44,TEST,2,7,1,1,true,1777
129,0,2,3,5,2,45,TEST,5,0,1,1,true,2697
129,0,2,3,5,2,46,TEST,4,4,1,1,true,1792
129,0,2,3,5,2,47,TEST,3,3,0,0,true,3761
129,0,2,3,5,2,48,TEST,0,6,1,1,true,4505
129,0,2,3,5,3,49,TRAINING,1,2,0,0,16573204,25013764,6878
129,0,2,3,5,3,50,TRAINING,5,0,1,2,16573402,25013467,2193
129,0,2,3,5,3,51,TRAINING,0,6,1,6,16574302,25014367,5229
129,0,2,3,5,3,52,TRAINING,4,4,1,5,16573402,25013467,2420
129,0,2,3,5,3,53,TRAINING,1,2,0,0,12573406,27013465,18886
129,0,2,3,5,3,54,TRAINING,4,4,1,5,13572406,23017465,2592
129,0,2,3,5,3,55,TRAINING,0,6,1,3,13502476,23067415,1113
129,0,2,3,5,3,56,TRAINING,5,0,1,2,13502467,23067451,2034
129,0,2,3,5,3,57,TRAINING,2,7,1,4,73502461,13067452,3556
129,0,2,3,5,3,58,TRAINING,7,1,0,0,71502463,12067453,1353
129,0,2,3,5,3,59,TRAINING,3,3,0,3,71532460,12037456,1057
129,0,2,3,5,3,60,TRAINING,6,5,0,2,71632450,12537406,1225
129,0,2,3,5,3,61,TRAINING,2,7,1,1,72631450,17532406,1337
129,0,2,3,5,3,62,TRAINING,5,0,1,3,72651430,17502436,2212
129,0,2,3,5,3,63,TRAINING,1,2,0,7,72650431,17506432,1438
129,0,2,3,5,3,64,TRAINING,0,6,1,5,72654031,17504632,3921
129,0,2,3,5,3,65,TEST,7,1,0,0,true,3137
129,0,2,3,5,3,66,TEST,6,5,0,0,true,2032
129,0,2,3,5,3,67,TEST,2,7,1,1,true,3314
129,0,2,3,5,3,68,TEST,0,6,1,1,true,3001
129,0,2,3,5,3,69,TEST,5,0,1,1,true,3282
129,0,2,3,5,3,70,TEST,1,2,0,0,true,2362
129,0,2,3,5,3,71,TEST,4,4,1,1,true,2727
129,0,2,3,5,3,72,TEST,3,3,0,0,true,2270
129,0,2,3,5,INSTRUCT,postquestionnaire,1

rulestrategy:all the yellow bordered were an "a" except for the rough \ square and all the white bordered squares were a "b" except for the rough background.
howtoimprove:
engagement:8
difficulty:7
physicalaids:no