13,0,1,21,7,INSTRUCT,instruct1,17686
13,0,1,21,7,INSTRUCT,instructCatExample,18595
13,0,1,21,7,INSTRUCT,instructCatColor,8156
13,0,1,21,7,INSTRUCT,instructCatStripe,17589
13,0,1,21,7,INSTRUCT,instructDemoIntro,43312
13,0,1,21,7,INSTRUCT,instructDemo,73361
13,0,1,21,7,INSTRUCT,instructTest,23388
13,0,1,21,7,INSTRUCT,instructTest2,27887
13,0,1,21,7,INSTRUCT,instructDimColor,17135
13,0,1,21,7,INSTRUCT,instructDimBorder,7574
13,0,1,21,7,INSTRUCT,instructDimDots,6605
13,0,1,21,7,INSTRUCT,instructDimStripe,5134
13,0,1,21,7,INSTRUCT,instructDimAll,10930
13,0,1,21,7,INSTRUCT,instructFinal,21733
13,0,1,21,7,1,1,TRAINING,0,13,0,2,15063472,c8d14905,6682
13,0,1,21,7,1,2,TRAINING,2,5,1,7,13065472,c4d18905,1311
13,0,1,21,7,1,3,TRAINING,4,9,0,3,13045672,c4d98105,2849
13,0,1,21,7,1,4,TRAINING,6,1,1,0,63045172,14d98c05,1434
13,0,1,21,7,1,5,TRAINING,5,8,1,1,65043172,18d94c05,2081
13,0,1,21,7,1,6,TRAINING,1,12,1,5,65023174,18d54c09,954
13,0,1,21,7,1,7,TRAINING,6,1,1,0,65023147,18d54c90,1154
13,0,1,21,7,1,8,TRAINING,3,4,0,4,65023174,18d54c09,2138
13,0,1,21,7,1,9,TRAINING,2,5,1,3,64023175,19d54c08,12754
13,0,1,21,7,1,10,TRAINING,3,4,0,4,04623175,d9154c08,2617
13,0,1,21,7,1,11,TRAINING,4,9,0,6,07623145,d0154c98,4953
13,0,1,21,7,1,12,TRAINING,1,12,1,7,07623541,d015489c,2610
13,0,1,21,7,1,13,TRAINING,4,9,0,6,03627541,d415089c,13458
13,0,1,21,7,1,14,TRAINING,5,8,1,5,07623541,d015489c,1210
13,0,1,21,7,1,15,TRAINING,0,13,0,0,07621543,d015c894,1569
13,0,1,21,7,1,16,TRAINING,2,5,1,7,07631542,d014c895,1257
13,0,1,21,7,1,17,TEST,6,1,1,1,true,5248
13,0,1,21,7,1,18,TEST,7,0,0,0,true,5786
13,0,1,21,7,1,19,TEST,5,8,1,1,true,4835
13,0,1,21,7,1,20,TEST,4,9,0,0,true,3187
13,0,1,21,7,1,21,TEST,3,4,0,0,true,4667
13,0,1,21,7,1,22,TEST,2,5,1,1,true,3955
13,0,1,21,7,1,23,TEST,1,12,1,0,false,1675
13,0,1,21,7,1,24,TEST,0,13,0,1,false,1091
13,0,1,21,7,2,25,TRAINING,5,8,1,7,06437125,d1940c58,7024
13,0,1,21,7,2,26,TRAINING,7,0,0,1,07436125,d0941c58,3233
13,0,1,21,7,2,27,TRAINING,4,9,0,2,07463125,d0914c58,3947
13,0,1,21,7,2,28,TRAINING,5,8,1,7,07413625,d09c4158,5209
13,0,1,21,7,2,29,TRAINING,2,5,1,6,07463125,d0914c58,2754
13,0,1,21,7,2,30,TRAINING,1,12,1,5,07643125,d0194c58,13354
13,0,1,21,7,2,31,TRAINING,4,9,0,1,04673125,d9104c58,4865
13,0,1,21,7,2,32,TRAINING,0,13,0,0,04623175,d9154c08,1033
13,0,1,21,7,2,33,TRAINING,3,4,0,4,04613275,d91c4508,1002
13,0,1,21,7,2,34,TRAINING,6,1,1,5,04213675,d95c4108,3978
13,0,1,21,7,2,35,TRAINING,5,8,1,7,04273615,d95041c8,1658
13,0,1,21,7,2,36,TRAINING,1,12,1,6,04372615,d94051c8,1154
13,0,1,21,7,2,37,TRAINING,6,1,1,4,04376215,d94015c8,1009
13,0,1,21,7,2,38,TRAINING,2,5,1,2,04276315,d95014c8,13785
13,0,1,21,7,2,39,TRAINING,1,12,1,6,04276513,d95018c4,2794
13,0,1,21,7,2,40,TRAINING,2,5,1,2,74206513,095d18c4,5386
13,0,1,21,7,2,41,TEST,6,1,1,1,true,4361
13,0,1,21,7,2,42,TEST,5,8,1,1,true,858
13,0,1,21,7,2,43,TEST,2,5,1,1,true,1523
13,0,1,21,7,2,44,TEST,3,4,0,1,false,1331
13,0,1,21,7,2,45,TEST,7,0,0,0,true,1579
13,0,1,21,7,2,46,TEST,1,12,1,1,true,7971
13,0,1,21,7,2,47,TEST,4,9,0,0,true,2156
13,0,1,21,7,2,48,TEST,0,13,0,0,true,1378
13,0,1,21,7,3,49,TRAINING,5,8,1,6,32174056,45c09d81,11017
13,0,1,21,7,3,50,TRAINING,6,1,1,7,02174356,d5c09481,1100
13,0,1,21,7,3,51,TRAINING,4,9,0,4,02374156,d5409c81,1287
13,0,1,21,7,3,52,TRAINING,5,8,1,6,02314756,d54c9081,1578
13,0,1,21,7,3,53,TRAINING,2,5,1,1,62314750,154c908d,1586
13,0,1,21,7,3,54,TRAINING,0,13,0,7,62341750,1549c08d,930
13,0,1,21,7,3,55,TRAINING,5,8,1,6,62341750,1549c08d,2298
13,0,1,21,7,3,56,TRAINING,1,12,1,4,62741350,1509c48d,1146
13,0,1,21,7,3,57,TRAINING,2,5,1,3,63721450,1405c98d,16050
13,0,1,21,7,3,58,TRAINING,6,1,1,7,03721456,d405c981,1578
13,0,1,21,7,3,59,TRAINING,3,4,0,1,03421756,d495c081,2386
13,0,1,21,7,3,60,TRAINING,6,1,1,7,13420756,c495d081,15393
13,0,1,21,7,3,61,TRAINING,2,5,1,0,23410756,549cd081,2746
13,0,1,21,7,3,62,TRAINING,5,8,1,2,23510746,548cd091,1026
13,0,1,21,7,3,63,TRAINING,4,9,0,6,23510647,548cd190,1842
13,0,1,21,7,3,64,TRAINING,6,1,1,1,26510347,518cd490,2282
13,0,1,21,7,3,65,TEST,4,9,0,0,true,5505
13,0,1,21,7,3,66,TEST,5,8,1,1,true,2258
13,0,1,21,7,3,67,TEST,1,12,1,1,true,626
13,0,1,21,7,3,68,TEST,6,1,1,1,true,1691
13,0,1,21,7,3,69,TEST,2,5,1,1,true,899
13,0,1,21,7,3,70,TEST,3,4,0,0,true,1859
13,0,1,21,7,3,71,TEST,7,0,0,0,true,2691
13,0,1,21,7,3,72,TEST,0,13,0,0,true,1419
13,0,1,21,7,4,73,TRAINING,5,8,1,2,23501476,548dc901,3574
13,0,1,21,7,4,74,TRAINING,6,1,1,7,21503476,5c8d4901,1096
13,0,1,21,7,4,75,TRAINING,4,9,0,6,21503746,5c8d4091,1041
13,0,1,21,7,4,76,TRAINING,7,0,0,5,21530746,5c84d091,1273
13,0,1,21,7,4,77,TRAINING,4,9,0,6,01532746,dc845091,2218
13,0,1,21,7,4,78,TRAINING,6,1,1,7,31502746,4c8d5091,2306
13,0,1,21,7,4,79,TRAINING,7,0,0,3,31572046,4c805d91,1650
13,0,1,21,7,4,80,TRAINING,5,8,1,2,13572046,c4805d91,1522
13,0,1,21,7,4,81,TRAINING,6,1,1,5,13572640,c480519d,1138
13,0,1,21,7,4,82,TRAINING,0,13,0,7,14572630,c980514d,1194
13,0,1,21,7,4,83,TRAINING,5,8,1,6,14372650,c940518d,2889
13,0,1,21,7,4,84,TRAINING,7,0,0,3,14376250,c940158d,1161
13,0,1,21,7,4,85,TRAINING,0,13,0,7,24376150,59401c8d,1146
13,0,1,21,7,4,86,TRAINING,4,9,0,6,25376140,58401c9d,7826
13,0,1,21,7,4,87,TRAINING,1,12,1,5,25736140,58041c9d,994
13,0,1,21,7,4,88,TRAINING,6,1,1,4,23756140,54081c9d,1439
13,0,1,21,7,4,89,TEST,4,9,0,0,true,3057
13,0,1,21,7,4,90,TEST,1,12,1,1,true,1035
13,0,1,21,7,4,91,TEST,7,0,0,0,true,1106
13,0,1,21,7,4,92,TEST,6,1,1,1,true,1195
13,0,1,21,7,4,93,TEST,3,4,0,0,true,1475
13,0,1,21,7,4,94,TEST,2,5,1,1,true,1371
13,0,1,21,7,4,95,TEST,0,13,0,0,true,1331
13,0,1,21,7,4,96,TEST,5,8,1,1,true,1739
13,0,1,21,7,INSTRUCT,postquestionnaire,6

rulestrategy:All blue interior squares with whit borders are in group B regardless of whether there is a slash or not.  All purple squares with yellow borders are group B regardless of the slash.  All others are Group A.
howtoimprove:
engagement:9
difficulty:6
:no