130,0,4,4,0,INSTRUCT,instruct1,13455
130,0,4,4,0,INSTRUCT,instructCatExample,56059
130,0,4,4,0,INSTRUCT,instructCatColor,7374
130,0,4,4,0,INSTRUCT,instructCatStripe,6975
130,0,4,4,0,INSTRUCT,instructDemoIntro,73411
130,0,4,4,0,INSTRUCT,instructDemo,80017
130,0,4,4,0,INSTRUCT,instructTest,35232
130,0,4,4,0,INSTRUCT,instructTest2,61580
130,0,4,4,0,INSTRUCT,instructDimColor,12312
130,0,4,4,0,INSTRUCT,instructDimBorder,4095
130,0,4,4,0,INSTRUCT,instructDimDots,3959
130,0,4,4,0,INSTRUCT,instructDimStripe,5127
130,0,4,4,0,INSTRUCT,instructDimAll,9047
130,0,4,4,0,INSTRUCT,instructFinal,32821
130,0,4,4,0,1,1,TRAINING,0,0,1,0,03657412,0c59d184,1912
130,0,4,4,0,1,2,TRAINING,1,8,0,6,03657214,0c59d481,1610
130,0,4,4,0,1,3,TRAINING,2,4,1,5,05637214,095cd481,2068
130,0,4,4,0,1,4,TRAINING,7,13,1,1,07635214,0d5c9481,1898
130,0,4,4,0,1,5,TRAINING,2,4,1,5,07634215,0d5c1489,1514
130,0,4,4,0,1,6,TRAINING,4,1,1,4,07364215,0dc51489,1258
130,0,4,4,0,1,7,TRAINING,6,5,0,3,07364251,0dc51498,1306
130,0,4,4,0,1,8,TRAINING,1,8,0,7,27364051,4dc51098,1123
130,0,4,4,0,1,9,TRAINING,5,9,0,6,37264051,cd451098,1395
130,0,4,4,0,1,10,TRAINING,2,4,1,5,37064251,cd051498,1362
130,0,4,4,0,1,11,TRAINING,7,13,1,1,37604251,cd501498,1385
130,0,4,4,0,1,12,TRAINING,3,12,0,0,37104256,cd801495,1051
130,0,4,4,0,1,13,TRAINING,4,1,1,4,37204156,cd401895,1459
130,0,4,4,0,1,14,TRAINING,7,13,1,2,32704156,c4d01895,1244
130,0,4,4,0,1,15,TRAINING,5,9,0,5,32704516,c4d01985,1203
130,0,4,4,0,1,16,TRAINING,1,8,0,6,02734516,04dc1985,1626
130,0,4,4,0,1,17,TEST,3,12,0,0,true,1994
130,0,4,4,0,1,18,TEST,6,5,0,1,false,1386
130,0,4,4,0,1,19,TEST,4,1,1,0,false,747
130,0,4,4,0,1,20,TEST,1,8,0,0,true,569
130,0,4,4,0,1,21,TEST,0,0,1,0,false,625
130,0,4,4,0,1,22,TEST,7,13,1,1,true,650
130,0,4,4,0,1,23,TEST,2,4,1,1,true,539
130,0,4,4,0,1,24,TEST,5,9,0,0,true,505
130,0,4,4,0,2,25,TRAINING,4,1,1,7,06572134,059d48c1,5851
130,0,4,4,0,2,26,TRAINING,3,12,0,6,06512734,05984dc1,1426
130,0,4,4,0,2,27,TRAINING,5,9,0,2,02516734,04985dc1,1522
130,0,4,4,0,2,28,TRAINING,6,5,0,4,02576134,049d58c1,1673
130,0,4,4,0,2,29,TRAINING,0,0,1,0,02576143,049d581c,1380
130,0,4,4,0,2,30,TRAINING,5,9,0,2,02536147,049c581d,1288
130,0,4,4,0,2,31,TRAINING,1,8,0,5,07536142,0d9c5814,1067
130,0,4,4,0,2,32,TRAINING,4,1,1,6,07532146,0d9c4815,3147
130,0,4,4,0,2,33,TRAINING,6,5,0,7,70532146,d09c4815,1508
130,0,4,4,0,2,34,TRAINING,3,12,0,3,50732146,90dc4815,1090
130,0,4,4,0,2,35,TRAINING,1,8,0,5,50237146,904cd815,1203
130,0,4,4,0,2,36,TRAINING,5,9,0,0,50236147,904c581d,7060
130,0,4,4,0,2,37,TRAINING,0,0,1,1,50632147,905c481d,1193
130,0,4,4,0,2,38,TRAINING,1,8,0,5,50236147,904c581d,975
130,0,4,4,0,2,39,TRAINING,4,1,1,6,50237146,904cd815,1433
130,0,4,4,0,2,40,TRAINING,6,5,0,4,50236147,904c581d,1363
130,0,4,4,0,2,41,TEST,0,0,1,1,true,1033
130,0,4,4,0,2,42,TEST,2,4,1,0,false,1257
130,0,4,4,0,2,43,TEST,7,13,1,0,false,627
130,0,4,4,0,2,44,TEST,6,5,0,0,true,505
130,0,4,4,0,2,45,TEST,5,9,0,1,false,393
130,0,4,4,0,2,46,TEST,1,8,0,1,false,417
130,0,4,4,0,2,47,TEST,4,1,1,1,true,475
130,0,4,4,0,2,48,TEST,3,12,0,0,true,353
130,0,4,4,0,3,49,TRAINING,2,4,1,6,10734526,80dc1945,4179
130,0,4,4,0,3,50,TRAINING,1,8,0,0,10734625,80dc1549,1491
130,0,4,4,0,3,51,TRAINING,0,0,1,1,10764325,80d51c49,2154
130,0,4,4,0,3,52,TRAINING,4,1,1,7,10765324,80d59c41,1939
130,0,4,4,0,3,53,TRAINING,6,5,0,6,10725364,80d49c51,1900
130,0,4,4,0,3,54,TRAINING,3,12,0,5,17025364,8d049c51,3017
130,0,4,4,0,3,55,TRAINING,7,13,1,1,17024365,8d041c59,1514
130,0,4,4,0,3,56,TRAINING,1,8,0,0,17624305,8d541c09,1147
130,0,4,4,0,3,57,TRAINING,0,0,1,6,17623405,8d54c109,2362
130,0,4,4,0,3,58,TRAINING,4,1,1,5,17523406,8d94c105,1275
130,0,4,4,0,3,59,TRAINING,6,5,0,0,67523401,5d94c108,2475
130,0,4,4,0,3,60,TRAINING,7,13,1,1,67123405,5d84c109,1042
130,0,4,4,0,3,61,TRAINING,0,0,1,2,67023415,5d04c189,1194
130,0,4,4,0,3,62,TRAINING,1,8,0,6,67024315,5d041c89,1091
130,0,4,4,0,3,63,TRAINING,0,0,1,2,67034215,5d0c1489,9442
130,0,4,4,0,3,64,TRAINING,4,1,1,4,63074215,5c0d1489,939
130,0,4,4,0,3,65,TEST,4,1,1,1,true,1569
130,0,4,4,0,3,66,TEST,7,13,1,0,false,513
130,0,4,4,0,3,67,TEST,0,0,1,1,true,601
130,0,4,4,0,3,68,TEST,1,8,0,1,false,979
130,0,4,4,0,3,69,TEST,2,4,1,0,false,680
130,0,4,4,0,3,70,TEST,3,12,0,0,true,500
130,0,4,4,0,3,71,TEST,6,5,0,1,false,387
130,0,4,4,0,3,72,TEST,5,9,0,1,false,547
130,0,4,4,0,4,73,TRAINING,1,8,0,6,05264713,09451d8c,4562
130,0,4,4,0,4,74,TRAINING,0,0,1,0,05624713,09541d8c,1620
130,0,4,4,0,4,75,TRAINING,3,12,0,3,05634712,095c1d84,5905
130,0,4,4,0,4,76,TRAINING,2,4,1,4,05632714,095c4d81,1203
130,0,4,4,0,4,77,TRAINING,7,13,1,5,05432716,091c4d85,2482
130,0,4,4,0,4,78,TRAINING,6,5,0,7,05342716,09c14d85,1033
130,0,4,4,0,4,79,TRAINING,1,8,0,6,02345716,04c19d85,1555
130,0,4,4,0,4,80,TRAINING,3,12,0,5,02745316,04d19c85,1370
130,0,4,4,0,4,81,TRAINING,5,9,0,4,06745312,05d19c84,985
130,0,4,4,0,4,82,TRAINING,7,13,1,2,06745321,05d19c48,955
130,0,4,4,0,4,83,TRAINING,0,0,1,0,02745361,04d19c58,1900
130,0,4,4,0,4,84,TRAINING,2,4,1,1,02743561,04d1c958,970
130,0,4,4,0,4,85,TRAINING,4,1,1,3,02746531,04d159c8,1491
130,0,4,4,0,4,86,TRAINING,0,0,1,6,32746501,c4d15908,2457
130,0,4,4,0,4,87,TRAINING,2,4,1,0,23746501,4cd15908,1226
130,0,4,4,0,4,88,TRAINING,6,5,0,4,23146507,4c81590d,1194
130,0,4,4,0,4,89,TEST,3,12,0,0,true,1794
130,0,4,4,0,4,90,TEST,2,4,1,1,true,2009
130,0,4,4,0,4,91,TEST,1,8,0,0,true,533
130,0,4,4,0,4,92,TEST,5,9,0,0,true,544
130,0,4,4,0,4,93,TEST,4,1,1,0,false,4493
130,0,4,4,0,4,94,TEST,6,5,0,1,false,720
130,0,4,4,0,4,95,TEST,7,13,1,0,false,365
130,0,4,4,0,4,96,TEST,0,0,1,0,false,498
130,0,4,4,0,5,97,TRAINING,0,0,1,7,67451320,5d198c40,3027
130,0,4,4,0,5,98,TRAINING,1,8,0,4,57461320,9d158c40,8554
130,0,4,4,0,5,99,TRAINING,3,12,0,2,57361420,9dc58140,1898
130,0,4,4,0,5,100,TRAINING,0,0,1,3,57301426,9dc08145,1364
130,0,4,4,0,5,101,TRAINING,3,12,0,2,17305426,8dc09145,1027
130,0,4,4,0,5,102,TRAINING,7,13,1,1,17305462,8dc09154,1363
130,0,4,4,0,5,103,TRAINING,5,9,0,4,67305412,5dc09184,6018
130,0,4,4,0,5,104,TRAINING,7,13,1,1,67325410,5dc49180,1284
130,0,4,4,0,5,105,TRAINING,4,1,1,6,67325140,5dc49810,7127
130,0,4,4,0,5,106,TRAINING,4,1,1,6,67320145,5dc40819,1090
130,0,4,4,0,5,107,TRAINING,7,13,1,5,61320745,58c40d19,923
130,0,4,4,0,5,108,TRAINING,0,0,1,4,31620745,c8540d19,1539
130,0,4,4,0,5,109,TRAINING,1,8,0,1,31620754,c8540d91,8083
130,0,4,4,0,5,110,TRAINING,2,4,1,3,51620734,98540dc1,1113
130,0,4,4,0,5,111,TRAINING,6,5,0,2,01625734,08549dc1,1051
130,0,4,4,0,5,112,TRAINING,4,1,1,7,71625034,d85490c1,1290
130,0,4,4,0,5,113,TEST,6,5,0,0,true,1082
130,0,4,4,0,5,114,TEST,0,0,1,1,true,434
130,0,4,4,0,5,115,TEST,1,8,0,0,true,338
130,0,4,4,0,5,116,TEST,7,13,1,0,false,250
130,0,4,4,0,5,117,TEST,3,12,0,0,true,602
130,0,4,4,0,5,118,TEST,5,9,0,0,true,9676
130,0,4,4,0,5,119,TEST,4,1,1,0,false,3290
130,0,4,4,0,5,120,TEST,2,4,1,1,true,443
130,0,4,4,0,6,121,TRAINING,1,8,0,0,10324567,80c4195d,3299
130,0,4,4,0,6,122,TRAINING,0,0,1,1,10423567,8014c95d,1930
130,0,4,4,0,6,123,TRAINING,4,1,1,2,10426537,801459cd,1529
130,0,4,4,0,6,124,TRAINING,5,9,0,5,10436527,801c594d,2581
130,0,4,4,0,6,125,TRAINING,6,5,0,4,10476523,801d594c,1675
130,0,4,4,0,6,126,TRAINING,5,9,0,5,17406523,8d10594c,1170
130,0,4,4,0,6,127,TRAINING,6,5,0,4,14706523,81d0594c,1306
130,0,4,4,0,6,128,TRAINING,2,4,1,1,12706543,84d0591c,1043
130,0,4,4,0,6,129,TRAINING,1,8,0,5,52706143,94d0581c,1627
130,0,4,4,0,6,130,TRAINING,2,4,1,1,52703146,94d0c815,1362
130,0,4,4,0,6,131,TRAINING,0,0,1,4,52730146,94dc0815,1218
130,0,4,4,0,6,132,TRAINING,5,9,0,5,12730546,84dc0915,1177
130,0,4,4,0,6,133,TRAINING,1,8,0,0,12370546,84cd0915,931
130,0,4,4,0,6,134,TRAINING,0,0,1,4,12470536,841d09c5,1099
130,0,4,4,0,6,135,TRAINING,4,1,1,2,15470236,891d04c5,1107
130,0,4,4,0,6,136,TRAINING,6,5,0,7,12470536,841d09c5,2788
130,0,4,4,0,6,137,TEST,1,8,0,0,true,2330
130,0,4,4,0,6,138,TEST,0,0,1,1,true,1260
130,0,4,4,0,6,139,TEST,5,9,0,0,true,1292
130,0,4,4,0,6,140,TEST,4,1,1,1,true,802
130,0,4,4,0,6,141,TEST,7,13,1,1,true,1310
130,0,4,4,0,6,142,TEST,6,5,0,0,true,785
130,0,4,4,0,6,143,TEST,3,12,0,1,false,2554
130,0,4,4,0,6,144,TEST,2,4,1,0,false,506
130,0,4,4,0,7,145,TRAINING,0,0,1,3,45103762,1980cd54,4148
130,0,4,4,0,7,146,TRAINING,2,4,1,7,47103562,1d80c954,1914
130,0,4,4,0,7,147,TRAINING,6,5,0,6,41703562,18d0c954,1218
130,0,4,4,0,7,148,TRAINING,4,1,1,0,45703162,19d0c854,987
130,0,4,4,0,7,149,TRAINING,3,12,0,4,45103762,1980cd54,1401
130,0,4,4,0,7,150,TRAINING,5,9,0,1,45103726,1980cd45,1355
130,0,4,4,0,7,151,TRAINING,1,8,0,2,05143726,0981cd45,1130
130,0,4,4,0,7,152,TRAINING,7,13,1,4,05147326,0981dc45,978
130,0,4,4,0,7,153,TRAINING,7,13,1,4,45107326,1980dc45,10155
130,0,4,4,0,7,154,TRAINING,6,5,0,7,40157326,1089dc45,1065
130,0,4,4,0,7,155,TRAINING,1,8,0,2,50147326,9081dc45,1092
130,0,4,4,0,7,156,TRAINING,0,0,1,1,50143726,9081cd45,870
130,0,4,4,0,7,157,TRAINING,4,1,1,4,50134726,908c1d45,1531
130,0,4,4,0,7,158,TRAINING,0,0,1,1,50734126,90dc1845,922
130,0,4,4,0,7,159,TRAINING,2,4,1,6,30754126,c0d91845,961
130,0,4,4,0,7,160,TRAINING,6,5,0,7,30154726,c0891d45,1259
130,0,4,4,0,7,161,TEST,5,9,0,0,true,2754
130,0,4,4,0,7,162,TEST,3,12,0,0,true,597
130,0,4,4,0,7,163,TEST,1,8,0,0,true,433
130,0,4,4,0,7,164,TEST,4,1,1,1,true,1915
130,0,4,4,0,7,165,TEST,2,4,1,1,true,581
130,0,4,4,0,7,166,TEST,6,5,0,0,true,881
130,0,4,4,0,7,167,TEST,7,13,1,1,true,730
130,0,4,4,0,7,168,TEST,0,0,1,1,true,1426
130,0,4,4,0,8,169,TRAINING,6,5,0,0,61420573,581409dc,4481
130,0,4,4,0,8,170,TRAINING,4,1,1,2,61423570,5814c9d0,1882
130,0,4,4,0,8,171,TRAINING,2,4,1,3,61420573,581409dc,1266
130,0,4,4,0,8,172,TRAINING,0,0,1,0,01426573,081459dc,1172
130,0,4,4,0,8,173,TRAINING,0,0,1,0,07426513,0d14598c,1697
130,0,4,4,0,8,174,TRAINING,1,8,0,6,05426713,09145d8c,1291
130,0,4,4,0,8,175,TRAINING,1,8,0,6,07426513,0d14598c,11596
130,0,4,4,0,8,176,TRAINING,3,12,0,7,07462513,0d15498c,946
130,0,4,4,0,8,177,TRAINING,5,9,0,5,70462513,d015498c,1034
130,0,4,4,0,8,178,TRAINING,7,13,1,0,76402513,d510498c,936
130,0,4,4,0,8,179,TRAINING,2,4,1,2,76204513,d540198c,2141
130,0,4,4,0,8,180,TRAINING,5,9,0,5,73204516,dc401985,1276
130,0,4,4,0,8,181,TRAINING,4,1,1,1,74203516,d140c985,1154
130,0,4,4,0,8,182,TRAINING,1,8,0,2,74103526,d180c945,1122
130,0,4,4,0,8,183,TRAINING,0,0,1,3,74106523,d180594c,1151
130,0,4,4,0,8,184,TRAINING,6,5,0,4,74106532,d18059c4,936
130,0,4,4,0,8,185,TEST,0,0,1,1,true,1350
130,0,4,4,0,8,186,TEST,4,1,1,1,true,715
130,0,4,4,0,8,187,TEST,2,4,1,1,true,1012
130,0,4,4,0,8,188,TEST,5,9,0,0,true,705
130,0,4,4,0,8,189,TEST,6,5,0,0,true,1639
130,0,4,4,0,8,190,TEST,3,12,0,1,false,970
130,0,4,4,0,8,191,TEST,1,8,0,1,false,1469
130,0,4,4,0,8,192,TEST,7,13,1,0,false,1523
130,0,4,4,0,9,193,TRAINING,3,12,0,0,30214576,c04819d5,2145
130,0,4,4,0,9,194,TRAINING,3,12,0,0,30214567,c048195d,1197
130,0,4,4,0,9,195,TRAINING,7,13,1,5,30214765,c0481d59,1249
130,0,4,4,0,9,196,TRAINING,1,8,0,2,30124765,c0841d59,1892
130,0,4,4,0,9,197,TRAINING,5,9,0,7,30142765,c0814d59,975
130,0,4,4,0,9,198,TRAINING,3,12,0,0,30147265,c081d459,1348
130,0,4,4,0,9,199,TRAINING,2,4,1,5,30741265,c0d18459,3904
130,0,4,4,0,9,200,TRAINING,0,0,1,1,30741256,c0d18495,1020
130,0,4,4,0,9,201,TRAINING,4,1,1,3,30745216,c0d19485,1160
130,0,4,4,0,9,202,TRAINING,5,9,0,4,30145276,c08194d5,2299
130,0,4,4,0,9,203,TRAINING,2,4,1,5,03145276,0c8194d5,2369
130,0,4,4,0,9,204,TRAINING,5,9,0,4,13045276,8c0194d5,6237
130,0,4,4,0,9,205,TRAINING,7,13,1,6,14035276,810c94d5,1323
130,0,4,4,0,9,206,TRAINING,3,12,0,7,14065273,810594dc,1191
130,0,4,4,0,9,207,TRAINING,1,8,0,4,54061273,910584dc,2738
130,0,4,4,0,9,208,TRAINING,3,12,0,7,54761203,91d5840c,1104
130,0,4,4,0,9,209,TEST,1,8,0,0,true,968
130,0,4,4,0,9,210,TEST,5,9,0,0,true,416
130,0,4,4,0,9,211,TEST,0,0,1,1,true,585
130,0,4,4,0,9,212,TEST,3,12,0,0,true,441
130,0,4,4,0,9,213,TEST,2,4,1,1,true,626
130,0,4,4,0,9,214,TEST,7,13,1,1,true,1207
130,0,4,4,0,9,215,TEST,4,1,1,1,true,1091
130,0,4,4,0,9,216,TEST,6,5,0,0,true,849
130,0,4,4,0,10,217,TRAINING,5,9,0,1,75102643,d980451c,833
130,0,4,4,0,10,218,TRAINING,1,8,0,2,75104623,d980154c,965
130,0,4,4,0,10,219,TRAINING,0,0,1,3,35104627,c980154d,909
130,0,4,4,0,10,220,TRAINING,5,9,0,1,35104726,c9801d45,6657
130,0,4,4,0,10,221,TRAINING,1,8,0,2,45103726,1980cd45,1186
130,0,4,4,0,10,222,TRAINING,0,0,1,3,45103276,1980c4d5,1326
130,0,4,4,0,10,223,TRAINING,4,1,1,0,45107236,1980d4c5,1341
130,0,4,4,0,10,224,TRAINING,4,1,1,0,41507236,1890d4c5,1101
130,0,4,4,0,10,225,TRAINING,1,8,0,1,41057236,1809d4c5,949
130,0,4,4,0,10,226,TRAINING,0,0,1,2,41057326,1809dc45,1059
130,0,4,4,0,10,227,TRAINING,6,5,0,3,41067325,1805dc49,974
130,0,4,4,0,10,228,TRAINING,6,5,0,3,51067324,9805dc41,946
130,0,4,4,0,10,229,TRAINING,0,0,1,2,51067342,9805dc14,1368
130,0,4,4,0,10,230,TRAINING,1,8,0,1,51067432,9805d1c4,1491
130,0,4,4,0,10,231,TRAINING,5,9,0,0,51063472,9805c1d4,1885
130,0,4,4,0,10,232,TRAINING,5,9,0,0,51360472,98c501d4,1218
130,0,4,4,0,10,233,TEST,1,8,0,0,true,3395
130,0,4,4,0,10,234,TEST,3,12,0,0,true,2041
130,0,4,4,0,10,235,TEST,2,4,1,1,true,1458
130,0,4,4,0,10,236,TEST,5,9,0,0,true,1139
130,0,4,4,0,10,237,TEST,0,0,1,1,true,1705
130,0,4,4,0,10,238,TEST,4,1,1,1,true,1859
130,0,4,4,0,10,239,TEST,7,13,1,1,true,1578
130,0,4,4,0,10,240,TEST,6,5,0,0,true,1341
130,0,4,4,0,INSTRUCT,postquestionnaire,2

rulestrategy:A was Blue and B is purple is something i kept repeating at the end. Unless it had both the yellow outline and the line across. So, A is blue unless it had both other items. 
howtoimprove:No ideas for now.
engagement:8
difficulty:10
physicalaids:no