133,0,3,17,10,INSTRUCT,instruct1,13529
133,0,3,17,10,INSTRUCT,instructCatExample,17644
133,0,3,17,10,INSTRUCT,instructCatColor,6166
133,0,3,17,10,INSTRUCT,instructCatStripe,1706
133,0,3,17,10,INSTRUCT,instructDemoIntro,10467
133,0,3,17,10,INSTRUCT,instructDemo,38611
133,0,3,17,10,INSTRUCT,instructTest,23826
133,0,3,17,10,INSTRUCT,instructTest2,10698
133,0,3,17,10,INSTRUCT,instructDimColor,10580
133,0,3,17,10,INSTRUCT,instructDimBorder,3836
133,0,3,17,10,INSTRUCT,instructDimDots,2093
133,0,3,17,10,INSTRUCT,instructDimStripe,1756
133,0,3,17,10,INSTRUCT,instructDimAll,11471
133,0,3,17,10,INSTRUCT,instructFinal,5067
133,0,3,17,10,1,1,TRAINING,7,7,0,0,76103542,76dc5fe4,6127
133,0,3,17,10,1,2,TRAINING,6,6,0,1,76104532,76dcef54,1629
133,0,3,17,10,1,3,TRAINING,1,13,1,2,76140532,76decf54,2096
133,0,3,17,10,1,4,TRAINING,4,14,1,7,76120534,76d4cf5e,1799
133,0,3,17,10,1,5,TRAINING,5,15,0,5,73120564,75d4cf6e,3097
133,0,3,17,10,1,6,TRAINING,0,12,1,1,70123564,7cd45f6e,5761
133,0,3,17,10,1,7,TRAINING,6,6,0,6,70124563,7cd4ef65,2170
133,0,3,17,10,1,8,TRAINING,1,13,1,4,70421563,7ce4df65,6690
133,0,3,17,10,1,9,TRAINING,3,5,0,7,70521463,7cf4de65,2082
133,0,3,17,10,1,10,TRAINING,6,6,0,6,70421563,7ce4df65,5869
133,0,3,17,10,1,11,TRAINING,5,15,0,5,71420563,7de4cf65,1401
133,0,3,17,10,1,12,TRAINING,3,5,0,4,71423560,7de45f6c,1062
133,0,3,17,10,1,13,TRAINING,7,7,0,0,71023564,7dc45f6e,1010
133,0,3,17,10,1,14,TRAINING,2,4,1,3,70123564,7cd45f6e,5439
133,0,3,17,10,1,15,TRAINING,0,12,1,1,70125364,7cd4f56e,1162
133,0,3,17,10,1,16,TRAINING,3,5,0,5,10725364,dc74f56e,1578
133,0,3,17,10,1,17,TEST,6,6,0,0,true,4109
133,0,3,17,10,1,18,TEST,3,5,0,0,true,21770
133,0,3,17,10,1,19,TEST,7,7,0,0,true,1114
133,0,3,17,10,1,20,TEST,0,12,1,1,true,707
133,0,3,17,10,1,21,TEST,2,4,1,1,true,693
133,0,3,17,10,1,22,TEST,1,13,1,0,false,2761
133,0,3,17,10,1,23,TEST,4,14,1,1,true,746
133,0,3,17,10,1,24,TEST,5,15,0,0,true,2055
133,0,3,17,10,2,25,TRAINING,5,15,0,0,53207461,f54c7e6d,2017
133,0,3,17,10,2,26,TRAINING,0,12,1,1,50237461,fc457e6d,22370
133,0,3,17,10,2,27,TRAINING,2,4,1,2,50273461,fc475e6d,9442
133,0,3,17,10,2,28,TRAINING,6,6,0,3,50263471,fc465e7d,24186
133,0,3,17,10,2,29,TRAINING,6,6,0,3,50263417,fc465ed7,11897
133,0,3,17,10,2,30,TRAINING,4,14,1,1,54263017,fe465cd7,31863
133,0,3,17,10,2,31,TRAINING,3,5,0,4,54763012,fe765cd4,15051
133,0,3,17,10,2,32,TRAINING,3,5,0,4,74563012,7ef65cd4,3521
133,0,3,17,10,2,33,TRAINING,7,7,0,0,74563021,7ef65c4d,21094
133,0,3,17,10,2,34,TRAINING,1,13,1,7,75463021,7fe65c4d,9818
133,0,3,17,10,2,35,TRAINING,0,12,1,5,75436021,7fe56c4d,15265
133,0,3,17,10,2,36,TRAINING,2,4,1,6,75634021,7f65ec4d,5706
133,0,3,17,10,2,37,TRAINING,6,6,0,7,75134026,7fd5ec46,4573
133,0,3,17,10,2,38,TRAINING,4,14,1,4,70134526,7cd5ef46,4700
133,0,3,17,10,2,39,TRAINING,3,5,0,1,73104526,75dcef46,7132
133,0,3,17,10,2,40,TRAINING,5,15,0,0,53104726,f5dce746,5415
133,0,3,17,10,2,41,TEST,2,4,1,1,true,9996
133,0,3,17,10,2,42,TEST,0,12,1,1,true,6938
133,0,3,17,10,2,43,TEST,3,5,0,0,true,12958
133,0,3,17,10,2,44,TEST,1,13,1,0,false,6972
133,0,3,17,10,2,45,TEST,6,6,0,0,true,5529
133,0,3,17,10,2,46,TEST,7,7,0,0,true,8992
133,0,3,17,10,2,47,TEST,4,14,1,1,true,2570
133,0,3,17,10,2,48,TEST,5,15,0,0,true,1509
133,0,3,17,10,3,49,TRAINING,3,5,0,0,34672150,5e674dfc,37783
133,0,3,17,10,3,50,TRAINING,5,15,0,6,32674150,5467edfc,6356
133,0,3,17,10,3,51,TRAINING,7,7,0,3,32671450,5467defc,29049
133,0,3,17,10,3,52,TRAINING,1,13,1,4,62371450,6457defc,16148
133,0,3,17,10,3,53,TRAINING,4,14,1,5,60371452,6c57def4,13238
133,0,3,17,10,3,54,TRAINING,0,12,1,1,60571432,6cf7de54,11848
133,0,3,17,10,3,55,TRAINING,6,6,0,7,20571436,4cf7de56,11694
133,0,3,17,10,3,56,TRAINING,2,4,1,0,20517436,4cfd7e56,21150
133,0,3,17,10,3,57,TRAINING,5,15,0,2,20547136,4cfe7d56,8658
133,0,3,17,10,3,58,TRAINING,3,5,0,6,20517436,4cfd7e56,7093
133,0,3,17,10,3,59,TRAINING,7,7,0,4,26517430,46fd7e5c,3321
133,0,3,17,10,3,60,TRAINING,1,13,1,3,20517436,4cfd7e56,2906
133,0,3,17,10,3,61,TRAINING,4,14,1,5,60517432,6cfd7e54,6283
133,0,3,17,10,3,62,TRAINING,0,12,1,0,06517432,c6fd7e54,2819
133,0,3,17,10,3,63,TRAINING,6,6,0,7,02517436,c4fd7e56,4168
133,0,3,17,10,3,64,TRAINING,2,4,1,1,02517346,c4fd75e6,5910
133,0,3,17,10,3,65,TEST,4,14,1,1,true,11071
133,0,3,17,10,3,66,TEST,6,6,0,0,true,6672
133,0,3,17,10,3,67,TEST,2,4,1,1,true,4434
133,0,3,17,10,3,68,TEST,7,7,0,0,true,5100
133,0,3,17,10,3,69,TEST,3,5,0,0,true,5317
133,0,3,17,10,3,70,TEST,1,13,1,1,true,5074
133,0,3,17,10,3,71,TEST,0,12,1,1,true,9291
133,0,3,17,10,3,72,TEST,5,15,0,0,true,6326
133,0,3,17,10,4,73,TRAINING,1,13,1,0,17456203,d7ef64c5,15640
133,0,3,17,10,4,74,TRAINING,7,7,0,1,17654203,d76fe4c5,14592
133,0,3,17,10,4,75,TRAINING,3,5,0,2,17354206,d75fe4c6,4558
133,0,3,17,10,4,76,TRAINING,5,15,0,3,17354026,d75fec46,8175
133,0,3,17,10,4,77,TRAINING,4,14,1,4,16354027,d65fec47,7881
133,0,3,17,10,4,78,TRAINING,0,12,1,2,16054327,d6cfe547,9990
133,0,3,17,10,4,79,TRAINING,6,6,0,6,12054367,d4cfe567,7788
133,0,3,17,10,4,80,TRAINING,2,4,1,4,14052367,decf4567,5485
133,0,3,17,10,4,81,TRAINING,4,14,1,1,14352067,de5f4c67,1108
133,0,3,17,10,4,82,TRAINING,5,15,0,2,14532067,def54c67,1525
133,0,3,17,10,4,83,TRAINING,0,12,1,5,14572063,def74c65,941
133,0,3,17,10,4,84,TRAINING,6,6,0,6,74512063,7efd4c65,940
133,0,3,17,10,4,85,TRAINING,3,5,0,7,71542063,7dfe4c65,1023
133,0,3,17,10,4,86,TRAINING,6,6,0,6,51742063,fd7e4c65,998
133,0,3,17,10,4,87,TRAINING,0,12,1,5,15742063,df7e4c65,1555
133,0,3,17,10,4,88,TRAINING,2,4,1,4,14752063,de7f4c65,1524
133,0,3,17,10,4,89,TEST,1,13,1,1,true,12974
133,0,3,17,10,4,90,TEST,3,5,0,0,true,8022
133,0,3,17,10,4,91,TEST,2,4,1,1,true,9041
133,0,3,17,10,4,92,TEST,4,14,1,1,true,8616
133,0,3,17,10,4,93,TEST,5,15,0,0,true,9183
133,0,3,17,10,4,94,TEST,7,7,0,0,true,3650
133,0,3,17,10,4,95,TEST,6,6,0,0,true,2812
133,0,3,17,10,4,96,TEST,0,12,1,1,true,2388
133,0,3,17,10,INSTRUCT,postquestionnaire,2

rulestrategy:I don't know
howtoimprove:
engagement:10
difficulty:8
physicalaids:yes