134,1,5,15,11,INSTRUCT,instruct1,11806
134,1,5,15,11,INSTRUCT,instructCatExample,8574
134,1,5,15,11,INSTRUCT,instructCatColor,3575
134,1,5,15,11,INSTRUCT,instructCatStripe,2862
134,1,5,15,11,INSTRUCT,instructDemoIntro,43687
134,1,5,15,11,INSTRUCT,instructDemo,56656
134,1,5,15,11,INSTRUCT,instructTest,13551
134,1,5,15,11,INSTRUCT,instructTest2,26263
134,1,5,15,11,INSTRUCT,instructDimColor,8183
134,1,5,15,11,INSTRUCT,instructDimBorder,2631
134,1,5,15,11,INSTRUCT,instructDimDots,3423
134,1,5,15,11,INSTRUCT,instructDimStripe,2879
134,1,5,15,11,INSTRUCT,instructDimAll,9615
134,1,5,15,11,INSTRUCT,instructFinal,37743
134,1,5,15,11,1,1,TRAINING,6,13,1,3,05263417,ebcd8fa9,1944
134,1,5,15,11,1,2,TRAINING,7,9,0,1,07263415,e9cd8fab,2003
134,1,5,15,11,1,3,TRAINING,1,10,0,2,07163425,e9ad8fcb,1898
134,1,5,15,11,1,4,TRAINING,3,8,1,4,07143625,e9af8dcb,1778
134,1,5,15,11,1,5,TRAINING,5,11,1,7,04173625,efa98dcb,2691
134,1,5,15,11,1,6,TRAINING,3,8,1,4,04123675,efac8d9b,1788
134,1,5,15,11,1,7,TRAINING,4,15,0,1,64123075,dfac8e9b,1946
134,1,5,15,11,1,8,TRAINING,2,12,0,6,64173025,dfa98ecb,2883
134,1,5,15,11,1,9,TRAINING,6,13,1,4,34176025,8fa9decb,2818
134,1,5,15,11,1,10,TRAINING,0,14,1,5,74136025,9fa8decb,1859
134,1,5,15,11,1,11,TRAINING,1,10,0,2,24136075,cfa8de9b,2514
134,1,5,15,11,1,12,TRAINING,7,9,0,6,34126075,8facde9b,2507
134,1,5,15,11,1,13,TRAINING,2,12,0,3,34125076,8facbe9d,1923
134,1,5,15,11,1,14,TRAINING,0,14,1,5,31425076,8afcbe9d,2970
134,1,5,15,11,1,15,TRAINING,5,11,1,0,51423076,bafc8e9d,2323
134,1,5,15,11,1,16,TRAINING,4,15,0,7,51623074,badc8e9f,1914
134,1,5,15,11,1,17,TEST,5,11,1,1,true,2132
134,1,5,15,11,1,18,TEST,0,14,1,1,true,2860
134,1,5,15,11,1,19,TEST,2,12,0,0,true,2195
134,1,5,15,11,1,20,TEST,3,8,1,1,true,1796
134,1,5,15,11,1,21,TEST,6,13,1,0,false,1108
134,1,5,15,11,1,22,TEST,4,15,0,0,true,1421
134,1,5,15,11,1,23,TEST,7,9,0,1,false,875
134,1,5,15,11,1,24,TEST,1,10,0,1,false,963
134,1,5,15,11,2,25,TRAINING,4,15,0,0,45206173,fbceda98,2041
134,1,5,15,11,2,26,TRAINING,6,13,1,4,45216073,fbcade98,3163
134,1,5,15,11,2,27,TRAINING,2,12,0,2,45216703,fbcad9e8,2867
134,1,5,15,11,2,28,TRAINING,0,14,1,5,45216073,fbcade98,2171
134,1,5,15,11,2,29,TRAINING,3,8,1,7,41256073,facbde98,2875
134,1,5,15,11,2,30,TRAINING,2,12,0,2,61254073,dacbfe98,3115
134,1,5,15,11,2,31,TRAINING,4,15,0,4,61204573,dacefb98,1987
134,1,5,15,11,2,32,TRAINING,7,9,0,6,65204173,dbcefa98,2450
134,1,5,15,11,2,33,TRAINING,0,14,1,3,15204673,abcefd98,2442
134,1,5,15,11,2,34,TRAINING,1,10,0,0,15204376,abcef89d,1994
134,1,5,15,11,2,35,TRAINING,3,8,1,5,16204375,adcef89b,6138
134,1,5,15,11,2,36,TRAINING,5,11,1,7,12604375,acdef89b,2795
134,1,5,15,11,2,37,TRAINING,1,10,0,0,14602375,afdec89b,2531
134,1,5,15,11,2,38,TRAINING,7,9,0,6,16402375,adfec89b,2323
134,1,5,15,11,2,39,TRAINING,5,11,1,7,14602375,afdec89b,2338
134,1,5,15,11,2,40,TRAINING,6,13,1,0,64102375,dfaec89b,6770
134,1,5,15,11,2,41,TEST,2,12,0,0,true,2338
134,1,5,15,11,2,42,TEST,5,11,1,1,true,2515
134,1,5,15,11,2,43,TEST,4,15,0,0,true,1500
134,1,5,15,11,2,44,TEST,7,9,0,0,true,1716
134,1,5,15,11,2,45,TEST,1,10,0,1,false,1212
134,1,5,15,11,2,46,TEST,6,13,1,0,false,1198
134,1,5,15,11,2,47,TEST,0,14,1,1,true,955
134,1,5,15,11,2,48,TEST,3,8,1,1,true,931
134,1,5,15,11,3,49,TRAINING,7,9,0,2,20754316,ce9bf8ad,2674
134,1,5,15,11,3,50,TRAINING,1,10,0,6,30754216,8e9bfcad,2314
134,1,5,15,11,3,51,TRAINING,4,15,0,3,30745216,8e9fbcad,2113
134,1,5,15,11,3,52,TRAINING,0,14,1,5,32745016,8c9fbead,1922
134,1,5,15,11,3,53,TRAINING,1,10,0,1,31745026,8a9fbecd,1858
134,1,5,15,11,3,54,TRAINING,3,8,1,0,31645027,8adfbec9,2018
134,1,5,15,11,3,55,TRAINING,0,14,1,7,31645720,8adfb9ce,1882
134,1,5,15,11,3,56,TRAINING,5,11,1,4,31675420,8ad9bfce,2825
134,1,5,15,11,3,57,TRAINING,6,13,1,6,31275460,8ac9bfde,1643
134,1,5,15,11,3,58,TRAINING,2,12,0,2,31205467,8acebfd9,2099
134,1,5,15,11,3,59,TRAINING,7,9,0,1,37205461,89cebfda,2507
134,1,5,15,11,3,60,TRAINING,4,15,0,6,37205641,89cebdfa,2691
134,1,5,15,11,3,61,TRAINING,2,12,0,2,37205146,89cebafd,2211
134,1,5,15,11,3,62,TRAINING,3,8,1,5,17205346,a9ceb8fd,1627
134,1,5,15,11,3,63,TRAINING,6,13,1,3,17265340,a9cdb8fe,2075
134,1,5,15,11,3,64,TRAINING,5,11,1,6,17264350,a9cdf8be,1778
134,1,5,15,11,3,65,TEST,6,13,1,1,true,1107
134,1,5,15,11,3,66,TEST,4,15,0,1,false,1323
134,1,5,15,11,3,67,TEST,2,12,0,0,true,1075
134,1,5,15,11,3,68,TEST,3,8,1,1,true,899
134,1,5,15,11,3,69,TEST,0,14,1,0,false,716
134,1,5,15,11,3,70,TEST,5,11,1,0,false,1301
134,1,5,15,11,3,71,TEST,1,10,0,1,false,716
134,1,5,15,11,3,72,TEST,7,9,0,0,true,2995
134,1,5,15,11,4,73,TRAINING,6,13,1,2,70621534,9edcab8f,1273
134,1,5,15,11,4,74,TRAINING,7,9,0,1,07621534,e9dcab8f,1643
134,1,5,15,11,4,75,TRAINING,0,14,1,5,57621034,b9dcae8f,1626
134,1,5,15,11,4,76,TRAINING,3,8,1,6,57421036,b9fcae8d,1594
134,1,5,15,11,4,77,TRAINING,6,13,1,7,27451036,c9fbae8d,1420
134,1,5,15,11,4,78,TRAINING,1,10,0,4,57421036,b9fcae8d,1569
134,1,5,15,11,4,79,TRAINING,2,12,0,0,27451036,c9fbae8d,1554
134,1,5,15,11,4,80,TRAINING,4,15,0,1,24751036,cf9bae8d,4850
134,1,5,15,11,4,81,TRAINING,5,11,1,3,24051736,cfeba98d,1610
134,1,5,15,11,4,82,TRAINING,4,15,0,1,24051763,cfeba9d8,1410
134,1,5,15,11,4,83,TRAINING,5,11,1,3,24057163,cfeb9ad8,2795
134,1,5,15,11,4,84,TRAINING,2,12,0,2,04257163,efcb9ad8,1819
134,1,5,15,11,4,85,TRAINING,1,10,0,6,04257613,efcb9da8,4539
134,1,5,15,11,4,86,TRAINING,3,8,1,7,07254613,e9cbfda8,1716
134,1,5,15,11,4,87,TRAINING,7,9,0,1,57204613,b9cefda8,1713
134,1,5,15,11,4,88,TRAINING,0,14,1,3,47205613,f9cebda8,1754
134,1,5,15,11,4,89,TEST,0,14,1,1,true,948
134,1,5,15,11,4,90,TEST,7,9,0,0,true,788
134,1,5,15,11,4,91,TEST,2,12,0,0,true,1108
134,1,5,15,11,4,92,TEST,3,8,1,1,true,1436
134,1,5,15,11,4,93,TEST,4,15,0,1,false,1587
134,1,5,15,11,4,94,TEST,5,11,1,0,false,835
134,1,5,15,11,4,95,TEST,1,10,0,1,false,765
134,1,5,15,11,4,96,TEST,6,13,1,0,false,757
134,1,5,15,11,5,97,TRAINING,5,11,1,3,16453027,adfb8ec9,2147
134,1,5,15,11,5,98,TRAINING,7,9,0,7,16453207,adfb8ce9,2907
134,1,5,15,11,5,99,TRAINING,5,11,1,3,06453217,edfb8ca9,2067
134,1,5,15,11,5,100,TRAINING,1,10,0,1,01453267,eafb8cd9,1770
134,1,5,15,11,5,101,TRAINING,3,8,1,4,01653247,eadb8cf9,1561
134,1,5,15,11,5,102,TRAINING,0,14,1,0,01653742,eadb89fc,2610
134,1,5,15,11,5,103,TRAINING,0,14,1,0,02653741,ecdb89fa,1995
134,1,5,15,11,5,104,TRAINING,6,13,1,2,02651743,ecdba9f8,1467
134,1,5,15,11,5,105,TRAINING,1,10,0,4,03651742,e8dba9fc,4418
134,1,5,15,11,5,106,TRAINING,7,9,0,0,73651042,98dbaefc,1730
134,1,5,15,11,5,107,TRAINING,2,12,0,3,73621045,98dcaefb,1490
134,1,5,15,11,5,108,TRAINING,4,15,0,5,73621405,98dcafeb,1594
134,1,5,15,11,5,109,TRAINING,2,12,0,3,76321405,9d8cafeb,1634
134,1,5,15,11,5,110,TRAINING,4,15,0,5,67321405,d98cafeb,1587
134,1,5,15,11,5,111,TRAINING,6,13,1,0,67320415,d98cefab,1969
134,1,5,15,11,5,112,TRAINING,3,8,1,3,67230415,d9c8efab,1548
134,1,5,15,11,5,113,TEST,4,15,0,1,false,1859
134,1,5,15,11,5,114,TEST,6,13,1,0,false,892
134,1,5,15,11,5,115,TEST,2,12,0,1,false,1699
134,1,5,15,11,5,116,TEST,3,8,1,1,true,963
134,1,5,15,11,5,117,TEST,0,14,1,0,false,2949
134,1,5,15,11,5,118,TEST,1,10,0,1,false,620
134,1,5,15,11,5,119,TEST,5,11,1,0,false,772
134,1,5,15,11,5,120,TEST,7,9,0,1,false,1997
134,1,5,15,11,6,121,TRAINING,2,12,0,5,76340251,9d8fecba,1802
134,1,5,15,11,6,122,TRAINING,1,10,0,1,71340256,9a8fecbd,11050
134,1,5,15,11,6,123,TRAINING,7,9,0,0,71345206,9a8fbced,3615
134,1,5,15,11,6,124,TRAINING,0,14,1,6,71435206,9af8bced,4648
134,1,5,15,11,6,125,TRAINING,7,9,0,0,71465203,9afdbce8,1786
134,1,5,15,11,6,126,TRAINING,3,8,1,7,71564203,9abdfce8,1523
134,1,5,15,11,6,127,TRAINING,4,15,0,2,71465203,9afdbce8,2763
134,1,5,15,11,6,128,TRAINING,6,13,1,3,71462503,9afdcbe8,4683
134,1,5,15,11,6,129,TRAINING,6,13,1,3,71462530,9afdcb8e,1418
134,1,5,15,11,6,130,TRAINING,0,14,1,7,71463520,9afd8bce,1436
134,1,5,15,11,6,131,TRAINING,4,15,0,2,21463570,cafd8b9e,1490
134,1,5,15,11,6,132,TRAINING,5,11,1,5,27463510,c9fd8bae,2066
134,1,5,15,11,6,133,TRAINING,3,8,1,4,72463510,9cfd8bae,2091
134,1,5,15,11,6,134,TRAINING,5,11,1,5,27463510,c9fd8bae,1779
134,1,5,15,11,6,135,TRAINING,1,10,0,6,27403516,c9fe8bad,1699
134,1,5,15,11,6,136,TRAINING,2,12,0,0,27406513,c9fedba8,2354
134,1,5,15,11,6,137,TEST,6,13,1,1,true,3747
134,1,5,15,11,6,138,TEST,3,8,1,1,true,2764
134,1,5,15,11,6,139,TEST,1,10,0,0,true,2355
134,1,5,15,11,6,140,TEST,0,14,1,1,true,3132
134,1,5,15,11,6,141,TEST,2,12,0,0,true,2476
134,1,5,15,11,6,142,TEST,5,11,1,1,true,5492
134,1,5,15,11,6,143,TEST,4,15,0,0,true,731
134,1,5,15,11,6,144,TEST,7,9,0,0,true,3596
134,1,5,15,11,7,145,TRAINING,0,14,1,3,25103476,cbae8f9d,1370
134,1,5,15,11,7,146,TRAINING,5,11,1,7,26103475,cdae8f9b,1564
134,1,5,15,11,7,147,TRAINING,7,9,0,6,62103475,dcae8f9b,1354
134,1,5,15,11,7,148,TRAINING,4,15,0,0,42103675,fcae8d9b,4034
134,1,5,15,11,7,149,TRAINING,6,13,1,5,42105673,fcaebd98,4027
134,1,5,15,11,7,150,TRAINING,2,12,0,1,42015673,fceabd98,2123
134,1,5,15,11,7,151,TRAINING,5,11,1,4,72015643,9ceabdf8,4115
134,1,5,15,11,7,152,TRAINING,1,10,0,3,32015647,8ceabdf9,2563
134,1,5,15,11,7,153,TRAINING,1,10,0,3,36015247,8deabcf9,4620
134,1,5,15,11,7,154,TRAINING,0,14,1,2,35016247,8beadcf9,1610
134,1,5,15,11,7,155,TRAINING,3,8,1,0,35016274,8beadc9f,4825
134,1,5,15,11,7,156,TRAINING,3,8,1,0,35026174,8becda9f,1875
134,1,5,15,11,7,157,TRAINING,2,12,0,3,35620174,8bdcea9f,3218
134,1,5,15,11,7,158,TRAINING,4,15,0,7,36520174,8dbcea9f,1698
134,1,5,15,11,7,159,TRAINING,7,9,0,2,36720154,8d9ceabf,2770
134,1,5,15,11,7,160,TRAINING,6,13,1,1,36710254,8d9aecbf,1586
134,1,5,15,11,7,161,TEST,1,10,0,0,true,2347
134,1,5,15,11,7,162,TEST,6,13,1,1,true,3413
134,1,5,15,11,7,163,TEST,0,14,1,1,true,2204
134,1,5,15,11,7,164,TEST,5,11,1,1,true,3291
134,1,5,15,11,7,165,TEST,3,8,1,1,true,1924
134,1,5,15,11,7,166,TEST,4,15,0,0,true,2500
134,1,5,15,11,7,167,TEST,2,12,0,0,true,3444
134,1,5,15,11,7,168,TEST,7,9,0,0,true,2187
134,1,5,15,11,INSTRUCT,postquestionnaire,1

rulestrategy:After the two rounds I tried to remember just the figures for A. I labeled them in my head: blank, dots, black line, and black line/dots. So I tried to remember whether each of these categories for A had a white or yellow boarder.
howtoimprove:no
engagement:9
difficulty:8
physicalaids:no