135,1,1,0,5,INSTRUCT,instruct1,18570
135,1,1,0,5,INSTRUCT,instructCatExample,27660
135,1,1,0,5,INSTRUCT,instructCatColor,8793
135,1,1,0,5,INSTRUCT,instructCatStripe,17485
135,1,1,0,5,INSTRUCT,instructDemoIntro,36894
135,1,1,0,5,INSTRUCT,instructDemo,78813
135,1,1,0,5,INSTRUCT,instructTest,32997
135,1,1,0,5,INSTRUCT,instructTest2,46173
135,1,1,0,5,INSTRUCT,instructDimColor,18646
135,1,1,0,5,INSTRUCT,instructDimBorder,7902
135,1,1,0,5,INSTRUCT,instructDimDots,10309
135,1,1,0,5,INSTRUCT,instructDimStripe,10567
135,1,1,0,5,INSTRUCT,instructDimAll,24340
135,1,1,0,5,INSTRUCT,instructFinal,39830
135,1,1,0,5,1,1,TRAINING,3,3,0,4,16703425,291a38b0,18790
135,1,1,0,5,1,2,TRAINING,0,10,0,3,16703245,291a3b80,3185
135,1,1,0,5,1,3,TRAINING,7,1,0,2,16703254,291a3b08,6120
135,1,1,0,5,1,4,TRAINING,6,9,1,4,13706254,231a9b08,8386
135,1,1,0,5,1,5,TRAINING,6,9,1,4,13746250,23189b0a,4114
135,1,1,0,5,1,6,TRAINING,2,11,1,5,10746253,2a189b03,2986
135,1,1,0,5,1,7,TRAINING,4,8,0,7,10736254,2a139b08,5705
135,1,1,0,5,1,8,TRAINING,7,1,0,2,30716254,3a129b08,6369
135,1,1,0,5,1,9,TRAINING,5,0,1,6,30712654,3a12b908,3754
135,1,1,0,5,1,10,TRAINING,3,3,0,0,36712054,3912ba08,4113
135,1,1,0,5,1,11,TRAINING,1,2,1,3,36412057,3982ba01,1970
135,1,1,0,5,1,12,TRAINING,5,0,1,6,36412750,3982b10a,4313
135,1,1,0,5,1,13,TRAINING,4,8,0,2,63412750,9382b10a,6281
135,1,1,0,5,1,14,TRAINING,1,2,1,3,63417250,93821b0a,2665
135,1,1,0,5,1,15,TRAINING,2,11,1,5,36417250,39821b0a,3546
135,1,1,0,5,1,16,TRAINING,0,10,0,1,30417256,3a821b09,2001
135,1,1,0,5,1,17,TEST,5,0,1,0,false,5431
135,1,1,0,5,1,18,TEST,7,1,0,1,false,2004
135,1,1,0,5,1,19,TEST,3,3,0,1,false,2138
135,1,1,0,5,1,20,TEST,6,9,1,1,true,3186
135,1,1,0,5,1,21,TEST,1,2,1,0,false,1035
135,1,1,0,5,1,22,TEST,2,11,1,1,true,1106
135,1,1,0,5,1,23,TEST,0,10,0,0,true,1493
135,1,1,0,5,1,24,TEST,4,8,0,0,true,1211
135,1,1,0,5,2,25,TRAINING,2,11,1,6,05673124,a09132b8,3034
135,1,1,0,5,2,26,TRAINING,1,2,1,2,05173624,a02139b8,2162
135,1,1,0,5,2,27,TRAINING,4,8,0,3,05143627,a02839b1,6024
135,1,1,0,5,2,28,TRAINING,6,9,1,4,05146327,a02893b1,3737
135,1,1,0,5,2,29,TRAINING,5,0,1,1,05146372,a028931b,3586
135,1,1,0,5,2,30,TRAINING,1,2,1,2,35146072,30289a1b,2297
135,1,1,0,5,2,31,TRAINING,7,1,0,5,35146702,302891ab,5185
135,1,1,0,5,2,32,TRAINING,5,0,1,1,35106742,302a918b,2225
135,1,1,0,5,2,33,TRAINING,3,3,0,0,35126740,302b918a,2506
135,1,1,0,5,2,34,TRAINING,4,8,0,6,35726140,301b928a,1689
135,1,1,0,5,2,35,TRAINING,0,10,0,2,35026147,30ab9281,2818
135,1,1,0,5,2,36,TRAINING,3,3,0,0,37026145,31ab9280,1729
135,1,1,0,5,2,37,TRAINING,6,9,1,4,35026147,30ab9281,1794
135,1,1,0,5,2,38,TRAINING,2,11,1,7,35076142,30a1928b,1649
135,1,1,0,5,2,39,TRAINING,0,10,0,5,35176042,30219a8b,1713
135,1,1,0,5,2,40,TRAINING,7,1,0,3,53176042,03219a8b,1801
135,1,1,0,5,2,41,TEST,1,2,1,0,false,2925
135,1,1,0,5,2,42,TEST,2,11,1,0,false,722
135,1,1,0,5,2,43,TEST,5,0,1,1,true,890
135,1,1,0,5,2,44,TEST,7,1,0,1,false,778
135,1,1,0,5,2,45,TEST,6,9,1,1,true,644
135,1,1,0,5,2,46,TEST,0,10,0,0,true,698
135,1,1,0,5,2,47,TEST,3,3,0,0,true,585
135,1,1,0,5,2,48,TEST,4,8,0,1,false,827
135,1,1,0,5,3,49,TRAINING,5,0,1,7,70321465,1a3b2890,3156
135,1,1,0,5,3,50,TRAINING,1,2,1,6,70326415,1a3b9820,2441
135,1,1,0,5,3,51,TRAINING,2,11,1,3,60327415,9a3b1820,2345
135,1,1,0,5,3,52,TRAINING,7,1,0,4,60527413,9a0b1823,2376
135,1,1,0,5,3,53,TRAINING,3,3,0,0,30527416,3a0b1829,5819
135,1,1,0,5,3,54,TRAINING,0,10,0,1,30427516,3a8b1029,1818
135,1,1,0,5,3,55,TRAINING,0,10,0,1,30427561,3a8b1092,2776
135,1,1,0,5,3,56,TRAINING,6,9,1,7,30427516,3a8b1029,1899
135,1,1,0,5,3,57,TRAINING,4,8,0,4,30724516,3a1b8029,2104
135,1,1,0,5,3,58,TRAINING,3,3,0,0,31724506,321b80a9,2546
135,1,1,0,5,3,59,TRAINING,2,11,1,1,32714506,3b1280a9,2049
135,1,1,0,5,3,60,TRAINING,7,1,0,2,32704516,3b1a8029,5265
135,1,1,0,5,3,61,TRAINING,5,0,1,5,02734516,ab138029,1794
135,1,1,0,5,3,62,TRAINING,1,2,1,6,06734512,a913802b,1737
135,1,1,0,5,3,63,TRAINING,4,8,0,4,76034512,19a3802b,1649
135,1,1,0,5,3,64,TRAINING,6,9,1,5,75034612,10a3892b,1641
135,1,1,0,5,3,65,TEST,6,9,1,1,true,872
135,1,1,0,5,3,66,TEST,3,3,0,0,true,722
135,1,1,0,5,3,67,TEST,0,10,0,1,false,1834
135,1,1,0,5,3,68,TEST,4,8,0,1,false,1147
135,1,1,0,5,3,69,TEST,5,0,1,0,false,763
135,1,1,0,5,3,70,TEST,2,11,1,1,true,659
135,1,1,0,5,3,71,TEST,1,2,1,0,false,898
135,1,1,0,5,3,72,TEST,7,1,0,0,true,724
135,1,1,0,5,4,73,TRAINING,1,2,1,6,23645710,b398012a,3420
135,1,1,0,5,4,74,TRAINING,5,0,1,4,23675410,b391082a,1875
135,1,1,0,5,4,75,TRAINING,3,3,0,0,32675410,3b91082a,2001
135,1,1,0,5,4,76,TRAINING,1,2,1,6,36275410,39b1082a,1866
135,1,1,0,5,4,77,TRAINING,4,8,0,5,36270415,39b1a820,1585
135,1,1,0,5,4,78,TRAINING,0,10,0,1,30276415,3ab19820,1761
135,1,1,0,5,4,79,TRAINING,7,1,0,2,30726415,3a1b9820,1368
135,1,1,0,5,4,80,TRAINING,0,10,0,1,40726315,8a1b9320,2241
135,1,1,0,5,4,81,TRAINING,6,9,1,4,40726513,8a1b9023,2498
135,1,1,0,5,4,82,TRAINING,2,11,1,3,40726315,8a1b9320,3048
135,1,1,0,5,4,83,TRAINING,6,9,1,4,40726513,8a1b9023,5953
135,1,1,0,5,4,84,TRAINING,5,0,1,5,40726531,8a1b9032,1977
135,1,1,0,5,4,85,TRAINING,4,8,0,0,42706531,8b1a9032,1755
135,1,1,0,5,4,86,TRAINING,3,3,0,6,42106537,8b2a9031,1640
135,1,1,0,5,4,87,TRAINING,7,1,0,2,42706531,8b1a9032,1675
135,1,1,0,5,4,88,TRAINING,2,11,1,1,42756031,8b109a32,1760
135,1,1,0,5,4,89,TEST,7,1,0,0,true,1616
135,1,1,0,5,4,90,TEST,0,10,0,0,true,4491
135,1,1,0,5,4,91,TEST,6,9,1,0,false,620
135,1,1,0,5,4,92,TEST,2,11,1,0,false,714
135,1,1,0,5,4,93,TEST,1,2,1,1,true,898
135,1,1,0,5,4,94,TEST,3,3,0,0,true,786
135,1,1,0,5,4,95,TEST,4,8,0,0,true,601
135,1,1,0,5,4,96,TEST,5,0,1,1,true,659
135,1,1,0,5,5,97,TRAINING,3,3,0,5,76105324,192a03b8,7910
135,1,1,0,5,5,98,TRAINING,5,0,1,4,70165324,1a2903b8,1843
135,1,1,0,5,5,99,TRAINING,4,8,0,7,71065324,12a903b8,1793
135,1,1,0,5,5,100,TRAINING,2,11,1,6,61075324,92a103b8,1922
135,1,1,0,5,5,101,TRAINING,0,10,0,2,71065324,12a903b8,3696
135,1,1,0,5,5,102,TRAINING,5,0,1,5,71063524,12a930b8,1537
135,1,1,0,5,5,103,TRAINING,3,3,0,4,17063524,21a930b8,2378
135,1,1,0,5,5,104,TRAINING,7,1,0,1,17603524,219a30b8,1512
135,1,1,0,5,5,105,TRAINING,7,1,0,1,67103524,912a30b8,1577
135,1,1,0,5,5,106,TRAINING,4,8,0,2,67403521,918a30b2,2433
135,1,1,0,5,5,107,TRAINING,6,9,1,0,67405321,918a03b2,1698
135,1,1,0,5,5,108,TRAINING,1,2,1,7,67403521,918a30b2,1850
135,1,1,0,5,5,109,TRAINING,2,11,1,6,67453021,91803ab2,1554
135,1,1,0,5,5,110,TRAINING,1,2,1,7,67435021,91830ab2,1922
135,1,1,0,5,5,111,TRAINING,0,10,0,5,65437021,90831ab2,1993
135,1,1,0,5,5,112,TRAINING,6,9,1,0,65347021,90381ab2,1634
135,1,1,0,5,5,113,TEST,0,10,0,0,true,975
135,1,1,0,5,5,114,TEST,7,1,0,1,false,666
135,1,1,0,5,5,115,TEST,2,11,1,0,false,777
135,1,1,0,5,5,116,TEST,1,2,1,0,false,730
135,1,1,0,5,5,117,TEST,5,0,1,1,true,707
135,1,1,0,5,5,118,TEST,4,8,0,1,false,611
135,1,1,0,5,5,119,TEST,3,3,0,0,true,601
135,1,1,0,5,5,120,TEST,6,9,1,1,true,650
135,1,1,0,5,6,121,TRAINING,0,10,0,6,23657104,b39012a8,3542
135,1,1,0,5,6,122,TRAINING,6,9,1,2,24657103,b89012a3,3753
135,1,1,0,5,6,123,TRAINING,7,1,0,7,24653107,b89032a1,7250
135,1,1,0,5,6,124,TRAINING,7,1,0,7,24603157,b89a3201,1577
135,1,1,0,5,6,125,TRAINING,3,3,0,2,24306157,b83a9201,1801
135,1,1,0,5,6,126,TRAINING,4,8,0,1,54306127,083a92b1,1585
135,1,1,0,5,6,127,TRAINING,1,2,1,7,54306721,083a91b2,1921
135,1,1,0,5,6,128,TRAINING,0,10,0,3,24306751,b83a9102,1850
135,1,1,0,5,6,129,TRAINING,2,11,1,4,64302751,983ab102,5826
135,1,1,0,5,6,130,TRAINING,3,3,0,2,67302451,913ab802,1538
135,1,1,0,5,6,131,TRAINING,1,2,1,7,67352401,9130b8a2,1512
135,1,1,0,5,6,132,TRAINING,4,8,0,5,65372401,9031b8a2,1818
135,1,1,0,5,6,133,TRAINING,5,0,1,1,05372461,a031b892,1738
135,1,1,0,5,6,134,TRAINING,5,0,1,1,15372460,2031b89a,1481
135,1,1,0,5,6,135,TRAINING,6,9,1,6,15370462,2031a89b,1544
135,1,1,0,5,6,136,TRAINING,2,11,1,3,15320467,203ba891,1569
135,1,1,0,5,6,137,TEST,0,10,0,1,false,6526
135,1,1,0,5,6,138,TEST,7,1,0,1,false,793
135,1,1,0,5,6,139,TEST,1,2,1,0,false,1626
135,1,1,0,5,6,140,TEST,5,0,1,1,true,722
135,1,1,0,5,6,141,TEST,3,3,0,1,false,739
135,1,1,0,5,6,142,TEST,2,11,1,1,true,540
135,1,1,0,5,6,143,TEST,6,9,1,1,true,563
135,1,1,0,5,6,144,TEST,4,8,0,1,false,713
135,1,1,0,5,7,145,TRAINING,1,2,1,6,34025716,38ab0129,5774
135,1,1,0,5,7,146,TRAINING,6,9,1,7,34075216,38a10b29,3052
135,1,1,0,5,7,147,TRAINING,7,1,0,5,34025716,38ab0129,9816
135,1,1,0,5,7,148,TRAINING,4,8,0,1,54023716,08ab3129,2266
135,1,1,0,5,7,149,TRAINING,3,3,0,4,54123706,082b31a9,1905
135,1,1,0,5,7,150,TRAINING,5,0,1,0,54213706,08b231a9,1744
135,1,1,0,5,7,151,TRAINING,2,11,1,1,52413706,0b8231a9,1553
135,1,1,0,5,7,152,TRAINING,3,3,0,4,52463701,0b8931a2,3433
135,1,1,0,5,7,153,TRAINING,5,0,1,3,62453701,9b8031a2,2425
135,1,1,0,5,7,154,TRAINING,1,2,1,7,67453201,91803ba2,2064
135,1,1,0,5,7,155,TRAINING,7,1,0,1,67354201,91308ba2,1913
135,1,1,0,5,7,156,TRAINING,0,10,0,6,27354601,b13089a2,2057
135,1,1,0,5,7,157,TRAINING,6,9,1,5,47352601,8130b9a2,1601
135,1,1,0,5,7,158,TRAINING,4,8,0,0,41352607,8230b9a1,2040
135,1,1,0,5,7,159,TRAINING,0,10,0,6,41253607,82b039a1,1761
135,1,1,0,5,7,160,TRAINING,2,11,1,2,41256307,82b093a1,1937
135,1,1,0,5,7,161,TEST,5,0,1,0,false,5193
135,1,1,0,5,7,162,TEST,1,2,1,0,false,1386
135,1,1,0,5,7,163,TEST,4,8,0,1,false,1347
135,1,1,0,5,7,164,TEST,6,9,1,1,true,953
135,1,1,0,5,7,165,TEST,3,3,0,0,true,1515
135,1,1,0,5,7,166,TEST,0,10,0,0,true,1738
135,1,1,0,5,7,167,TEST,7,1,0,1,false,1131
135,1,1,0,5,7,168,TEST,2,11,1,1,true,1211
135,1,1,0,5,8,169,TRAINING,5,0,1,3,72053146,1ba03289,3998
135,1,1,0,5,8,170,TRAINING,4,8,0,6,72153046,1b203a89,2099
135,1,1,0,5,8,171,TRAINING,2,11,1,1,12753046,2b103a89,3362
135,1,1,0,5,8,172,TRAINING,0,10,0,4,12750346,2b10a389,4329
135,1,1,0,5,8,173,TRAINING,3,3,0,5,12740356,2b18a309,1442
135,1,1,0,5,8,174,TRAINING,7,1,0,2,14720356,281ba309,1480
135,1,1,0,5,8,175,TRAINING,6,9,1,7,54720316,081ba329,1610
135,1,1,0,5,8,176,TRAINING,1,2,1,4,54721306,081b23a9,1618
135,1,1,0,5,8,177,TRAINING,7,1,0,2,52741306,0b1823a9,1594
135,1,1,0,5,8,178,TRAINING,4,8,0,3,56741302,091823ab,1850
135,1,1,0,5,8,179,TRAINING,1,2,1,4,65741302,901823ab,2849
135,1,1,0,5,8,180,TRAINING,0,10,0,6,75641302,109823ab,1898
135,1,1,0,5,8,181,TRAINING,2,11,1,0,25641307,b09823a1,1690
135,1,1,0,5,8,182,TRAINING,6,9,1,4,25146307,b02893a1,1666
135,1,1,0,5,8,183,TRAINING,3,3,0,5,21546307,b20893a1,1561
135,1,1,0,5,8,184,TRAINING,5,0,1,2,01546327,a20893b1,1690
135,1,1,0,5,8,185,TEST,2,11,1,1,true,3472
135,1,1,0,5,8,186,TEST,4,8,0,1,false,978
135,1,1,0,5,8,187,TEST,7,1,0,1,false,1810
135,1,1,0,5,8,188,TEST,1,2,1,1,true,1947
135,1,1,0,5,8,189,TEST,0,10,0,1,false,506
135,1,1,0,5,8,190,TEST,6,9,1,1,true,523
135,1,1,0,5,8,191,TEST,5,0,1,1,true,522
135,1,1,0,5,8,192,TEST,3,3,0,1,false,482
135,1,1,0,5,9,193,TRAINING,0,10,0,3,46305217,893a0b21,10180
135,1,1,0,5,9,194,TRAINING,0,10,0,3,16305247,293a0b81,1970
135,1,1,0,5,9,195,TRAINING,4,8,0,4,16304257,293a8b01,2121
135,1,1,0,5,9,196,TRAINING,2,11,1,5,16704253,291a8b03,1913
135,1,1,0,5,9,197,TRAINING,7,1,0,2,16734250,29138b0a,1833
135,1,1,0,5,9,198,TRAINING,6,9,1,1,16735240,29130b8a,2344
135,1,1,0,5,9,199,TRAINING,7,1,0,2,06735241,a9130b82,1786
135,1,1,0,5,9,200,TRAINING,3,3,0,0,36705241,391a0b82,4593
135,1,1,0,5,9,201,TRAINING,2,11,1,3,36725041,391b0a82,2369
135,1,1,0,5,9,202,TRAINING,1,2,1,7,36720541,391ba082,1688
135,1,1,0,5,9,203,TRAINING,6,9,1,1,46720531,891ba032,1762
135,1,1,0,5,9,204,TRAINING,5,0,1,6,46720351,891ba302,1778
135,1,1,0,5,9,205,TRAINING,5,0,1,6,46710352,8912a30b,1577
135,1,1,0,5,9,206,TRAINING,3,3,0,5,41760352,8219a30b,1593
135,1,1,0,5,9,207,TRAINING,4,8,0,0,42760351,8b19a302,1945
135,1,1,0,5,9,208,TRAINING,1,2,1,7,42750361,8b10a392,1841
135,1,1,0,5,9,209,TEST,3,3,0,1,false,3986
135,1,1,0,5,9,210,TEST,2,11,1,0,false,1242
135,1,1,0,5,9,211,TEST,6,9,1,1,true,593
135,1,1,0,5,9,212,TEST,5,0,1,0,false,515
135,1,1,0,5,9,213,TEST,7,1,0,1,false,779
135,1,1,0,5,9,214,TEST,4,8,0,0,true,763
135,1,1,0,5,9,215,TEST,1,2,1,1,true,548
135,1,1,0,5,9,216,TEST,0,10,0,0,true,690
135,1,1,0,5,10,217,TRAINING,3,3,0,1,23750146,b310a289,1787
135,1,1,0,5,10,218,TRAINING,5,0,1,3,23450176,b380a219,3376
135,1,1,0,5,10,219,TRAINING,7,1,0,6,23150476,b320a819,3218
135,1,1,0,5,10,220,TRAINING,2,11,1,0,23154076,b3208a19,2425
135,1,1,0,5,10,221,TRAINING,6,9,1,7,23054176,b3a08219,1794
135,1,1,0,5,10,222,TRAINING,4,8,0,4,23154076,b3208a19,3106
135,1,1,0,5,10,223,TRAINING,3,3,0,3,25134076,b0238a19,3323
135,1,1,0,5,10,224,TRAINING,1,2,1,2,75134026,10238ab9,2073
135,1,1,0,5,10,225,TRAINING,0,10,0,5,72134056,1b238a09,1960
135,1,1,0,5,10,226,TRAINING,7,1,0,0,72135046,1b230a89,1777
135,1,1,0,5,10,227,TRAINING,5,0,1,4,72135064,1b230a98,1585
135,1,1,0,5,10,228,TRAINING,4,8,0,7,71235064,12b30a98,2411
135,1,1,0,5,10,229,TRAINING,1,2,1,2,72135064,1b230a98,2080
135,1,1,0,5,10,230,TRAINING,2,11,1,1,72165034,1b290a38,1649
135,1,1,0,5,10,231,TRAINING,0,10,0,5,52167034,0b291a38,1650
135,1,1,0,5,10,232,TRAINING,6,9,1,3,52163074,0b293a18,2042
135,1,1,0,5,10,233,TEST,0,10,0,0,true,2688
135,1,1,0,5,10,234,TEST,6,9,1,1,true,689
135,1,1,0,5,10,235,TEST,4,8,0,1,false,512
135,1,1,0,5,10,236,TEST,1,2,1,0,false,586
135,1,1,0,5,10,237,TEST,3,3,0,0,true,659
135,1,1,0,5,10,238,TEST,7,1,0,1,false,881
135,1,1,0,5,10,239,TEST,2,11,1,0,false,563
135,1,1,0,5,10,240,TEST,5,0,1,1,true,619
135,1,1,0,5,11,241,TRAINING,0,10,0,2,71064325,12a983b0,7042
135,1,1,0,5,11,242,TRAINING,1,2,1,3,76014325,19a283b0,4337
135,1,1,0,5,11,243,TRAINING,5,0,1,7,67014325,91a283b0,2498
135,1,1,0,5,11,244,TRAINING,4,8,0,4,63014725,93a281b0,3089
135,1,1,0,5,11,245,TRAINING,6,9,1,3,13064725,23a981b0,5312
135,1,1,0,5,11,246,TRAINING,4,8,0,4,10364725,2a3981b0,2057
135,1,1,0,5,11,247,TRAINING,2,11,1,6,70364125,1a3982b0,2170
135,1,1,0,5,11,248,TRAINING,5,0,1,7,10364725,2a3981b0,2816
135,1,1,0,5,11,249,TRAINING,3,3,0,2,10367425,2a3918b0,3042
135,1,1,0,5,11,250,TRAINING,0,10,0,5,14367025,28391ab0,2481
135,1,1,0,5,11,251,TRAINING,7,1,0,0,74361025,18392ab0,1899
135,1,1,0,5,11,252,TRAINING,6,9,1,7,74351026,18302ab9,3089
135,1,1,0,5,11,253,TRAINING,7,1,0,0,74301526,183a20b9,4017
135,1,1,0,5,11,254,TRAINING,3,3,0,2,70341526,1a3820b9,2209
135,1,1,0,5,11,255,TRAINING,1,2,1,6,70342516,1a38b029,1475
135,1,1,0,5,11,256,TRAINING,2,11,1,4,50342716,0a38b129,1609
135,1,1,0,5,11,257,TEST,3,3,0,1,false,2431
135,1,1,0,5,11,258,TEST,4,8,0,0,true,2338
135,1,1,0,5,11,259,TEST,5,0,1,1,true,1595
135,1,1,0,5,11,260,TEST,0,10,0,0,true,770
135,1,1,0,5,11,261,TEST,1,2,1,1,true,1427
135,1,1,0,5,11,262,TEST,6,9,1,1,true,736
135,1,1,0,5,11,263,TEST,7,1,0,1,false,666
135,1,1,0,5,11,264,TEST,2,11,1,0,false,778
135,1,1,0,5,12,265,TRAINING,3,3,0,0,32704561,3b1a8092,6309
135,1,1,0,5,12,266,TRAINING,3,3,0,0,32764501,3b1980a2,3209
135,1,1,0,5,12,267,TRAINING,2,11,1,3,36724501,391b80a2,3946
135,1,1,0,5,12,268,TRAINING,0,10,0,6,36427501,398b10a2,2770
135,1,1,0,5,12,269,TRAINING,5,0,1,5,34627501,389b10a2,18417
135,1,1,0,5,12,270,TRAINING,4,8,0,1,34267501,38b910a2,5897
135,1,1,0,5,12,271,TRAINING,1,2,1,7,74263501,18b930a2,3426
135,1,1,0,5,12,272,TRAINING,1,2,1,7,74203561,18ba3092,1745
135,1,1,0,5,12,273,TRAINING,2,11,1,2,34207561,38ba1092,2049
135,1,1,0,5,12,274,TRAINING,7,1,0,4,34267501,38b910a2,4288
135,1,1,0,5,12,275,TRAINING,0,10,0,6,34257601,38b019a2,2489
135,1,1,0,5,12,276,TRAINING,7,1,0,4,34257106,38b012a9,1827
135,1,1,0,5,12,277,TRAINING,6,9,1,7,54237106,08b312a9,1706
135,1,1,0,5,12,278,TRAINING,6,9,1,7,54207136,08ba1239,1424
135,1,1,0,5,12,279,TRAINING,4,8,0,1,54201736,08ba2139,1787
135,1,1,0,5,12,280,TRAINING,5,0,1,3,04251736,a8b02139,1985
135,1,1,0,5,12,281,TEST,4,8,0,0,true,2128
135,1,1,0,5,12,282,TEST,2,11,1,0,false,1257
135,1,1,0,5,12,283,TEST,5,0,1,1,true,1313
135,1,1,0,5,12,284,TEST,1,2,1,1,true,1049
135,1,1,0,5,12,285,TEST,7,1,0,1,false,971
135,1,1,0,5,12,286,TEST,3,3,0,1,false,770
135,1,1,0,5,12,287,TEST,0,10,0,0,true,1145
135,1,1,0,5,12,288,TEST,6,9,1,1,true,938
135,1,1,0,5,13,289,TRAINING,4,8,0,4,17264350,21b9830a,1062
135,1,1,0,5,13,290,TRAINING,2,11,1,2,17234650,21b3890a,1387
135,1,1,0,5,13,291,TRAINING,7,1,0,1,17234056,21b38a09,1545
135,1,1,0,5,13,292,TRAINING,0,10,0,5,17264053,21b98a03,1633
135,1,1,0,5,13,293,TRAINING,0,10,0,5,17254063,21b08a93,1546
135,1,1,0,5,13,294,TRAINING,6,9,1,6,37254061,31b08a92,1588
135,1,1,0,5,13,295,TRAINING,4,8,0,4,27354061,b1308a92,1689
135,1,1,0,5,13,296,TRAINING,3,3,0,2,20354761,ba308192,1585
135,1,1,0,5,13,297,TRAINING,5,0,1,0,50324761,0a3b8192,1761
135,1,1,0,5,13,298,TRAINING,5,0,1,0,50321764,0a3b2198,1584
135,1,1,0,5,13,299,TRAINING,7,1,0,5,54321760,083b219a,1764
135,1,1,0,5,13,300,TRAINING,2,11,1,3,53421760,038b219a,1744
135,1,1,0,5,13,301,TRAINING,6,9,1,6,50421763,0a8b2193,1865
135,1,1,0,5,13,302,TRAINING,3,3,0,7,50721463,0a1b2893,1721
135,1,1,0,5,13,303,TRAINING,1,2,1,4,52701463,0b1a2893,1769
135,1,1,0,5,13,304,TRAINING,1,2,1,4,52761403,0b1928a3,1514
135,1,1,0,5,13,305,TEST,4,8,0,0,true,5855
135,1,1,0,5,13,306,TEST,3,3,0,1,false,3049
135,1,1,0,5,13,307,TEST,1,2,1,1,true,1724
135,1,1,0,5,13,308,TEST,5,0,1,0,false,725
135,1,1,0,5,13,309,TEST,7,1,0,0,true,689
135,1,1,0,5,13,310,TEST,0,10,0,1,false,707
135,1,1,0,5,13,311,TEST,6,9,1,0,false,603
135,1,1,0,5,13,312,TEST,2,11,1,1,true,883
135,1,1,0,5,14,313,TRAINING,7,1,0,5,46231750,89b3210a,23070
135,1,1,0,5,14,314,TRAINING,7,1,0,5,46251730,89b0213a,1425
135,1,1,0,5,14,315,TRAINING,1,2,1,4,46051732,89a0213b,1881
135,1,1,0,5,14,316,TRAINING,5,0,1,1,45061732,80a9213b,1313
135,1,1,0,5,14,317,TRAINING,6,9,1,0,65041732,90a8213b,1474
135,1,1,0,5,14,318,TRAINING,2,11,1,2,65241730,90b8213a,1457
135,1,1,0,5,14,319,TRAINING,6,9,1,0,65243710,90b8312a,1778
135,1,1,0,5,14,320,TRAINING,1,2,1,6,65273410,90b1382a,2010
135,1,1,0,5,14,321,TRAINING,2,11,1,2,60273415,9ab13820,2984
135,1,1,0,5,14,322,TRAINING,0,10,0,1,60275413,9ab10823,3209
135,1,1,0,5,14,323,TRAINING,0,10,0,1,50276413,0ab19823,1571
135,1,1,0,5,14,324,TRAINING,3,3,0,7,50726413,0a1b9823,1721
135,1,1,0,5,14,325,TRAINING,4,8,0,5,50276413,0ab19823,1896
135,1,1,0,5,14,326,TRAINING,3,3,0,7,60275413,9ab10823,2098
135,1,1,0,5,14,327,TRAINING,4,8,0,5,60572413,9a01b823,2561
135,1,1,0,5,14,328,TRAINING,5,0,1,6,60172453,9a21b803,4626
135,1,1,0,5,14,329,TEST,7,1,0,1,false,6103
135,1,1,0,5,14,330,TEST,6,9,1,0,false,939
135,1,1,0,5,14,331,TEST,2,11,1,0,false,2042
135,1,1,0,5,14,332,TEST,4,8,0,0,true,899
135,1,1,0,5,14,333,TEST,3,3,0,1,false,618
135,1,1,0,5,14,334,TEST,1,2,1,1,true,545
135,1,1,0,5,14,335,TEST,5,0,1,1,true,578
135,1,1,0,5,14,336,TEST,0,10,0,0,true,538
135,1,1,0,5,15,337,TRAINING,6,9,1,5,47150623,8120a9b3,49821
135,1,1,0,5,15,338,TRAINING,1,2,1,3,47510623,8102a9b3,10547
135,1,1,0,5,15,339,TRAINING,3,3,0,2,47310625,8132a9b0,7569
135,1,1,0,5,15,340,TRAINING,5,0,1,0,57310624,0132a9b8,6657
135,1,1,0,5,15,341,TRAINING,4,8,0,7,57320614,013ba928,7329
135,1,1,0,5,15,342,TRAINING,0,10,0,6,57321604,013b29a8,6057
135,1,1,0,5,15,343,TRAINING,4,8,0,7,53721604,031b29a8,6921
135,1,1,0,5,15,344,TRAINING,7,1,0,2,53712604,0312b9a8,6177
135,1,1,0,5,15,345,TRAINING,2,11,1,1,52713604,0b1239a8,7809
135,1,1,0,5,15,346,TRAINING,0,10,0,6,12753604,2b1039a8,7874
135,1,1,0,5,15,347,TRAINING,3,3,0,4,12573604,2b0139a8,9538
135,1,1,0,5,15,348,TRAINING,2,11,1,2,15273604,20b139a8,13617
135,1,1,0,5,15,349,TRAINING,6,9,1,5,45273601,80b139a2,9970
135,1,1,0,5,15,350,TRAINING,7,1,0,1,47253601,81b039a2,8618
135,1,1,0,5,15,351,TRAINING,1,2,1,4,47251603,81b029a3,6312
135,1,1,0,5,15,352,TRAINING,5,0,1,3,67251403,91b028a3,6457
135,1,1,0,5,15,353,TEST,7,1,0,0,true,8988
135,1,1,0,5,15,354,TEST,4,8,0,0,true,4673
135,1,1,0,5,15,355,TEST,3,3,0,0,true,5994
135,1,1,0,5,15,356,TEST,0,10,0,1,false,7642
135,1,1,0,5,15,357,TEST,5,0,1,1,true,8641
135,1,1,0,5,15,358,TEST,1,2,1,1,true,7332
135,1,1,0,5,15,359,TEST,6,9,1,1,true,5329
135,1,1,0,5,15,360,TEST,2,11,1,1,true,12241
135,1,1,0,5,16,361,TRAINING,1,2,1,5,43572106,8301b2a9,11781
135,1,1,0,5,16,362,TRAINING,6,9,1,7,43570126,8301a2b9,8553
135,1,1,0,5,16,363,TRAINING,0,10,0,4,42570136,8b01a239,9553
135,1,1,0,5,16,364,TRAINING,5,0,1,3,42750136,8b10a239,6441
135,1,1,0,5,16,365,TRAINING,4,8,0,2,72450136,1b80a239,8273
135,1,1,0,5,16,366,TRAINING,6,9,1,1,76450132,1980a23b,8778
135,1,1,0,5,16,367,TRAINING,7,1,0,4,06457132,a980123b,6506
135,1,1,0,5,16,368,TRAINING,5,0,1,3,06157432,a920183b,5424
135,1,1,0,5,16,369,TRAINING,0,10,0,7,26157430,b920183a,7218
135,1,1,0,5,16,370,TRAINING,4,8,0,4,26154730,b920813a,5376
135,1,1,0,5,16,371,TRAINING,2,11,1,6,36154720,392081ba,8490
135,1,1,0,5,16,372,TRAINING,1,2,1,1,31654720,329081ba,7450
135,1,1,0,5,16,373,TRAINING,7,1,0,5,31054726,32a081b9,4698
135,1,1,0,5,16,374,TRAINING,3,3,0,0,31045726,32a801b9,13282
135,1,1,0,5,16,375,TRAINING,2,11,1,6,31645720,329801ba,8442
135,1,1,0,5,16,376,TRAINING,3,3,0,0,31640725,3298a1b0,8203
135,1,1,0,5,16,377,TEST,3,3,0,0,true,4368
135,1,1,0,5,16,378,TEST,2,11,1,1,true,6994
135,1,1,0,5,16,379,TEST,1,2,1,1,true,5003
135,1,1,0,5,16,380,TEST,0,10,0,0,true,6841
135,1,1,0,5,16,381,TEST,5,0,1,1,true,4779
135,1,1,0,5,16,382,TEST,6,9,1,1,true,6512
135,1,1,0,5,16,383,TEST,7,1,0,0,true,9131
135,1,1,0,5,16,384,TEST,4,8,0,0,true,3467
135,1,1,0,5,17,385,TRAINING,6,9,1,2,50647231,0a981b32,6950
135,1,1,0,5,17,386,TRAINING,3,3,0,7,50647213,0a981b23,6217
135,1,1,0,5,17,387,TRAINING,5,0,1,0,50647123,0a9812b3,6880
135,1,1,0,5,17,388,TRAINING,4,8,0,1,54607123,089a12b3,5201
135,1,1,0,5,17,389,TRAINING,0,10,0,2,54067123,08a912b3,5642
135,1,1,0,5,17,390,TRAINING,7,1,0,4,54017623,08a219b3,6425
135,1,1,0,5,17,391,TRAINING,2,11,1,1,52017643,0ba21983,5881
135,1,1,0,5,17,392,TRAINING,5,0,1,7,32017645,3ba21980,5433
135,1,1,0,5,17,393,TRAINING,7,1,0,4,02317645,ab321980,5146
135,1,1,0,5,17,394,TRAINING,2,11,1,5,06317245,a9321b80,5872
135,1,1,0,5,17,395,TRAINING,4,8,0,6,56317240,09321b8a,5681
135,1,1,0,5,17,396,TRAINING,1,2,1,3,36517240,39021b8a,6227
135,1,1,0,5,17,397,TRAINING,6,9,1,1,36217540,39b2108a,5009
135,1,1,0,5,17,398,TRAINING,3,3,0,0,36217504,39b210a8,5513
135,1,1,0,5,17,399,TRAINING,1,2,1,4,36271504,39b120a8,10376
135,1,1,0,5,17,400,TRAINING,0,10,0,6,34271506,38b120a9,8219
135,1,1,0,5,17,401,TEST,6,9,1,1,true,4398
135,1,1,0,5,17,402,TEST,3,3,0,0,true,4084
135,1,1,0,5,17,403,TEST,4,8,0,0,true,5690
135,1,1,0,5,17,404,TEST,5,0,1,1,true,3171
135,1,1,0,5,17,405,TEST,1,2,1,1,true,6826
135,1,1,0,5,17,406,TEST,0,10,0,0,true,6155
135,1,1,0,5,17,407,TEST,2,11,1,1,true,7252
135,1,1,0,5,17,408,TEST,7,1,0,0,true,7801
135,1,1,0,5,INSTRUCT,postquestionnaire,11

rulestrategy:I had to keep notes to perform the task.
howtoimprove:different colors. these colors were hard to see and after awhile blue and purple looked pretty similar.
engagement:10
difficulty:10
physicalaids:yes