136,1,2,11,13,INSTRUCT,instruct1,14918
136,1,2,11,13,INSTRUCT,instructCatExample,14120
136,1,2,11,13,INSTRUCT,instructCatColor,5391
136,1,2,11,13,INSTRUCT,instructCatStripe,21239
136,1,2,11,13,INSTRUCT,instructDemoIntro,61955
136,1,2,11,13,INSTRUCT,instructDemo,131978
136,1,2,11,13,INSTRUCT,instructTest,47661
136,1,2,11,13,INSTRUCT,instructTest2,56383
136,1,2,11,13,INSTRUCT,instructDimColor,12739
136,1,2,11,13,INSTRUCT,instructDimBorder,3885
136,1,2,11,13,INSTRUCT,instructDimDots,2277
136,1,2,11,13,INSTRUCT,instructDimStripe,5701
136,1,2,11,13,INSTRUCT,instructDimAll,75795
136,1,2,11,13,INSTRUCT,instructFinal,29131
136,1,2,11,13,1,1,TRAINING,7,9,0,5,15236740,c8fdb9ae,2979
136,1,2,11,13,1,2,TRAINING,1,12,0,0,12536740,cf8db9ae,5242
136,1,2,11,13,1,3,TRAINING,5,8,1,1,15236740,c8fdb9ae,2503
136,1,2,11,13,1,4,TRAINING,7,9,0,5,15436720,c8adb9fe,2730
136,1,2,11,13,1,5,TRAINING,2,15,1,0,25436710,f8adb9ce,6547
136,1,2,11,13,1,6,TRAINING,4,10,1,3,25346710,f8dab9ce,2027
136,1,2,11,13,1,7,TRAINING,3,13,0,2,25346017,f8dabec9,2109
136,1,2,11,13,1,8,TRAINING,1,12,0,6,20346517,fedab8c9,1879
136,1,2,11,13,1,9,TRAINING,2,15,1,1,02346517,efdab8c9,2077
136,1,2,11,13,1,10,TRAINING,0,14,1,5,52346017,8fdabec9,1701
136,1,2,11,13,1,11,TRAINING,4,10,1,2,52436017,8fadbec9,1731
136,1,2,11,13,1,12,TRAINING,5,8,1,0,52436071,8fadbe9c,1814
136,1,2,11,13,1,13,TRAINING,3,13,0,3,52431076,8fadce9b,1891
136,1,2,11,13,1,14,TRAINING,0,14,1,4,52430176,8fadec9b,1912
136,1,2,11,13,1,15,TRAINING,6,11,0,7,25430176,f8adec9b,1957
136,1,2,11,13,1,16,TRAINING,6,11,0,7,75430126,98adecfb,1627
136,1,2,11,13,1,17,TEST,4,10,1,1,true,2374
136,1,2,11,13,1,18,TEST,7,9,0,0,true,1974
136,1,2,11,13,1,19,TEST,5,8,1,1,true,985
136,1,2,11,13,1,20,TEST,1,12,0,1,false,3043
136,1,2,11,13,1,21,TEST,3,13,0,0,true,1823
136,1,2,11,13,1,22,TEST,6,11,0,1,false,1115
136,1,2,11,13,1,23,TEST,2,15,1,1,true,816
136,1,2,11,13,1,24,TEST,0,14,1,0,false,1042
136,1,2,11,13,2,25,TRAINING,3,13,0,5,05241376,e8facd9b,13937
136,1,2,11,13,2,26,TRAINING,4,10,1,3,05142376,e8cafd9b,3056
136,1,2,11,13,2,27,TRAINING,6,11,0,6,05142367,e8cafdb9,8348
136,1,2,11,13,2,28,TRAINING,1,12,0,1,01542367,ec8afdb9,9141
136,1,2,11,13,2,29,TRAINING,0,14,1,0,01542763,ec8af9bd,7402
136,1,2,11,13,2,30,TRAINING,3,13,0,6,01542736,ec8af9db,12029
136,1,2,11,13,2,31,TRAINING,7,9,0,5,06542731,eb8af9dc,6070
136,1,2,11,13,2,32,TRAINING,4,10,1,3,01542736,ec8af9db,8368
136,1,2,11,13,2,33,TRAINING,6,11,0,7,51042736,8ceaf9db,4538
136,1,2,11,13,2,34,TRAINING,5,8,1,0,51240736,8cfae9db,2877
136,1,2,11,13,2,35,TRAINING,1,12,0,2,52140736,8fcae9db,6674
136,1,2,11,13,2,36,TRAINING,2,15,1,6,53140726,8dcae9fb,8535
136,1,2,11,13,2,37,TRAINING,0,14,1,7,53146720,8dcab9fe,7779
136,1,2,11,13,2,38,TRAINING,2,15,1,6,53641720,8dbac9fe,5297
136,1,2,11,13,2,39,TRAINING,5,8,1,0,53671420,8db9cafe,2093
136,1,2,11,13,2,40,TRAINING,7,9,0,2,53761420,8d9bcafe,2768
136,1,2,11,13,2,41,TEST,5,8,1,1,true,3832
136,1,2,11,13,2,42,TEST,7,9,0,1,false,2489
136,1,2,11,13,2,43,TEST,1,12,0,0,true,994
136,1,2,11,13,2,44,TEST,3,13,0,1,false,850
136,1,2,11,13,2,45,TEST,0,14,1,0,false,4250
136,1,2,11,13,2,46,TEST,6,11,0,1,false,4234
136,1,2,11,13,2,47,TEST,4,10,1,0,false,757
136,1,2,11,13,2,48,TEST,2,15,1,1,true,1630
136,1,2,11,13,3,49,TRAINING,0,14,1,0,05167342,e8cb9daf,5322
136,1,2,11,13,3,50,TRAINING,7,9,0,4,05267341,e8fb9dac,3299
136,1,2,11,13,3,51,TRAINING,4,10,1,6,01267345,ecfb9da8,2470
136,1,2,11,13,3,52,TRAINING,3,13,0,5,51267340,8cfb9dae,1858
136,1,2,11,13,3,53,TRAINING,1,12,0,1,61257340,bcf89dae,2922
136,1,2,11,13,3,54,TRAINING,2,15,1,2,61257304,bcf89dea,2161
136,1,2,11,13,3,55,TRAINING,4,10,1,0,41257306,acf89deb,2120
136,1,2,11,13,3,56,TRAINING,6,11,0,5,41257603,acf89bed,2045
136,1,2,11,13,3,57,TRAINING,1,12,0,2,42157603,afc89bed,1861
136,1,2,11,13,3,58,TRAINING,7,9,0,4,45127603,a8cf9bed,2407
136,1,2,11,13,3,59,TRAINING,3,13,0,3,45137602,a8cd9bef,2199
136,1,2,11,13,3,60,TRAINING,2,15,1,7,45137062,a8cd9ebf,2081
136,1,2,11,13,3,61,TRAINING,5,8,1,1,45637012,a8bd9ecf,3708
136,1,2,11,13,3,62,TRAINING,6,11,0,4,45736012,a89dbecf,1865
136,1,2,11,13,3,63,TRAINING,5,8,1,1,15736042,c89dbeaf,1642
136,1,2,11,13,3,64,TRAINING,0,14,1,3,15706342,c89ebdaf,1914
136,1,2,11,13,3,65,TEST,6,11,0,0,true,1658
136,1,2,11,13,3,66,TEST,7,9,0,1,false,1576
136,1,2,11,13,3,67,TEST,0,14,1,1,true,869
136,1,2,11,13,3,68,TEST,1,12,0,0,true,926
136,1,2,11,13,3,69,TEST,4,10,1,0,false,507
136,1,2,11,13,3,70,TEST,2,15,1,1,true,764
136,1,2,11,13,3,71,TEST,5,8,1,0,false,875
136,1,2,11,13,3,72,TEST,3,13,0,1,false,2961
136,1,2,11,13,4,73,TRAINING,6,11,0,6,14375062,cad98ebf,12553
136,1,2,11,13,4,74,TRAINING,0,14,1,5,74315062,9adc8ebf,6686
136,1,2,11,13,4,75,TRAINING,7,9,0,4,54317062,8adc9ebf,6149
136,1,2,11,13,4,76,TRAINING,4,10,1,1,54367012,8adb9ecf,4602
136,1,2,11,13,4,77,TRAINING,0,14,1,3,54307612,8ade9bcf,2165
136,1,2,11,13,4,78,TRAINING,2,15,1,7,64307512,bade98cf,1749
136,1,2,11,13,4,79,TRAINING,1,12,0,0,14307562,cade98bf,1999
136,1,2,11,13,4,80,TRAINING,6,11,0,6,14703562,ca9ed8bf,1670
136,1,2,11,13,4,81,TRAINING,5,8,1,5,14730562,ca9de8bf,1627
136,1,2,11,13,4,82,TRAINING,1,12,0,0,14720563,ca9fe8bd,2058
136,1,2,11,13,4,83,TRAINING,3,13,0,1,13720564,cd9fe8ba,1940
136,1,2,11,13,4,84,TRAINING,2,15,1,3,13720546,cd9fe8ab,2582
136,1,2,11,13,4,85,TRAINING,5,8,1,5,43720516,ad9fe8cb,1986
136,1,2,11,13,4,86,TRAINING,3,13,0,1,43720561,ad9fe8bc,2845
136,1,2,11,13,4,87,TRAINING,4,10,1,3,23740561,fd9ae8bc,3183
136,1,2,11,13,4,88,TRAINING,7,9,0,2,03742561,ed9af8bc,2375
136,1,2,11,13,4,89,TEST,4,10,1,1,true,1014
136,1,2,11,13,4,90,TEST,3,13,0,0,true,1938
136,1,2,11,13,4,91,TEST,0,14,1,1,true,1440
136,1,2,11,13,4,92,TEST,7,9,0,0,true,1325
136,1,2,11,13,4,93,TEST,6,11,0,1,false,2479
136,1,2,11,13,4,94,TEST,5,8,1,1,true,1845
136,1,2,11,13,4,95,TEST,2,15,1,1,true,1339
136,1,2,11,13,4,96,TEST,1,12,0,0,true,963
136,1,2,11,13,5,97,TRAINING,2,15,1,2,05263147,e8fbdca9,7096
136,1,2,11,13,5,98,TRAINING,3,13,0,6,05264137,e8fbacd9,3817
136,1,2,11,13,5,99,TRAINING,5,8,1,5,01264537,ecfba8d9,7727
136,1,2,11,13,5,100,TRAINING,5,8,1,5,01462537,ecabf8d9,2112
136,1,2,11,13,5,101,TRAINING,6,11,0,2,01642537,ecbaf8d9,2158
136,1,2,11,13,5,102,TRAINING,7,9,0,7,01643527,ecbad8f9,2500
136,1,2,11,13,5,103,TRAINING,3,13,0,4,01623547,ecbfd8a9,13904
136,1,2,11,13,5,104,TRAINING,4,10,1,6,01523647,ec8fdba9,6661
136,1,2,11,13,5,105,TRAINING,2,15,1,1,02513647,ef8cdba9,2359
136,1,2,11,13,5,106,TRAINING,0,14,1,5,62513047,bf8cdea9,2901
136,1,2,11,13,5,107,TRAINING,1,12,0,3,62517043,bf8c9ead,2670
136,1,2,11,13,5,108,TRAINING,6,11,0,4,72516043,9f8cbead,2155
136,1,2,11,13,5,109,TRAINING,1,12,0,3,75216043,98fcbead,3651
136,1,2,11,13,5,110,TRAINING,0,14,1,5,35216047,d8fcbea9,3589
136,1,2,11,13,5,111,TRAINING,7,9,0,7,65213047,b8fcdea9,2552
136,1,2,11,13,5,112,TRAINING,4,10,1,6,56213047,8bfcdea9,2028
136,1,2,11,13,5,113,TEST,1,12,0,0,true,2782
136,1,2,11,13,5,114,TEST,6,11,0,1,false,1299
136,1,2,11,13,5,115,TEST,2,15,1,1,true,1097
136,1,2,11,13,5,116,TEST,4,10,1,0,false,1264
136,1,2,11,13,5,117,TEST,0,14,1,0,false,952
136,1,2,11,13,5,118,TEST,7,9,0,0,true,1033
136,1,2,11,13,5,119,TEST,5,8,1,1,true,662
136,1,2,11,13,5,120,TEST,3,13,0,1,false,2616
136,1,2,11,13,6,121,TRAINING,6,11,0,4,70156324,9ec8bdfa,4119
136,1,2,11,13,6,122,TRAINING,7,9,0,0,70356124,9ed8bcfa,3689
136,1,2,11,13,6,123,TRAINING,4,10,1,1,74356120,9ad8bcfe,2745
136,1,2,11,13,6,124,TRAINING,5,8,1,3,74356210,9ad8bfce,2868
136,1,2,11,13,6,125,TRAINING,2,15,1,5,64357210,bad89fce,2035
136,1,2,11,13,6,126,TRAINING,4,10,1,1,34657210,dab89fce,2118
136,1,2,11,13,6,127,TRAINING,0,14,1,7,34651270,dab8cf9e,1991
136,1,2,11,13,6,128,TRAINING,5,8,1,3,74651230,9ab8cfde,1813
136,1,2,11,13,6,129,TRAINING,3,13,0,6,74251630,9af8cbde,2531
136,1,2,11,13,6,130,TRAINING,3,13,0,6,74256130,9af8bcde,1824
136,1,2,11,13,6,131,TRAINING,1,12,0,5,04256137,eaf8bcd9,1791
136,1,2,11,13,6,132,TRAINING,7,9,0,7,64250137,baf8ecd9,2909
136,1,2,11,13,6,133,TRAINING,1,12,0,5,54260137,8afbecd9,11361
136,1,2,11,13,6,134,TRAINING,6,11,0,1,56240137,8bfaecd9,7018
136,1,2,11,13,6,135,TRAINING,0,14,1,6,56243107,8bfadce9,10819
136,1,2,11,13,6,136,TRAINING,2,15,1,3,56423107,8bafdce9,2824
136,1,2,11,13,6,137,TEST,6,11,0,0,true,2819
136,1,2,11,13,6,138,TEST,3,13,0,0,true,1405
136,1,2,11,13,6,139,TEST,2,15,1,1,true,1641
136,1,2,11,13,6,140,TEST,1,12,0,0,true,954
136,1,2,11,13,6,141,TEST,7,9,0,0,true,2347
136,1,2,11,13,6,142,TEST,0,14,1,1,true,1371
136,1,2,11,13,6,143,TEST,5,8,1,0,false,1235
136,1,2,11,13,6,144,TEST,4,10,1,1,true,1424
136,1,2,11,13,7,145,TRAINING,6,11,0,1,26457301,fba89dec,13337
136,1,2,11,13,7,146,TRAINING,7,9,0,4,26457031,fba89edc,3373
136,1,2,11,13,7,147,TRAINING,3,13,0,0,36457021,dba89efc,3672
136,1,2,11,13,7,148,TRAINING,5,8,1,3,30457621,dea89bfc,1931
136,1,2,11,13,7,149,TRAINING,2,15,1,4,30452671,dea8fb9c,1622
136,1,2,11,13,7,150,TRAINING,2,15,1,4,30152674,dec8fb9a,2147
136,1,2,11,13,7,151,TRAINING,3,13,0,0,30172654,dec9fb8a,2859
136,1,2,11,13,7,152,TRAINING,5,8,1,6,34172650,dac9fb8e,2147
136,1,2,11,13,7,153,TRAINING,0,14,1,3,34102657,dacefb89,2629
136,1,2,11,13,7,154,TRAINING,6,11,0,5,14302657,cadefb89,1846
136,1,2,11,13,7,155,TRAINING,4,10,1,0,41302657,acdefb89,3599
136,1,2,11,13,7,156,TRAINING,7,9,0,7,45302617,a8defbc9,1946
136,1,2,11,13,7,157,TRAINING,1,12,0,6,45032617,a8edfbc9,2226
136,1,2,11,13,7,158,TRAINING,4,10,1,0,45036217,a8edbfc9,28410
136,1,2,11,13,7,159,TRAINING,1,12,0,6,45630217,a8bdefc9,1691
136,1,2,11,13,7,160,TRAINING,0,14,1,4,46530217,ab8defc9,1714
136,1,2,11,13,7,161,TEST,0,14,1,1,true,3822
136,1,2,11,13,7,162,TEST,7,9,0,0,true,1010
136,1,2,11,13,7,163,TEST,3,13,0,0,true,1248
136,1,2,11,13,7,164,TEST,5,8,1,1,true,1758
136,1,2,11,13,7,165,TEST,6,11,0,1,false,3447
136,1,2,11,13,7,166,TEST,2,15,1,1,true,883
136,1,2,11,13,7,167,TEST,4,10,1,0,false,1279
136,1,2,11,13,7,168,TEST,1,12,0,0,true,462
136,1,2,11,13,8,169,TRAINING,0,14,1,2,67053214,b9e8dfca,9411
136,1,2,11,13,8,170,TRAINING,4,10,1,7,65073214,b8e9dfca,3543
136,1,2,11,13,8,171,TRAINING,7,9,0,3,35076214,d8e9bfca,2363
136,1,2,11,13,8,172,TRAINING,3,13,0,0,35072614,d8e9fbca,2305
136,1,2,11,13,8,173,TRAINING,6,11,0,6,35072164,d8e9fcba,2112
136,1,2,11,13,8,174,TRAINING,0,14,1,2,35072461,d8e9fabc,1699
136,1,2,11,13,8,175,TRAINING,4,10,1,5,35027461,d8ef9abc,2090
136,1,2,11,13,8,176,TRAINING,2,15,1,3,35021467,d8efcab9,1802
136,1,2,11,13,8,177,TRAINING,3,13,0,7,75021463,98efcabd,2339
136,1,2,11,13,8,178,TRAINING,5,8,1,1,75120463,98cfeabd,2736
136,1,2,11,13,8,179,TRAINING,6,11,0,5,75120643,98cfebad,1898
136,1,2,11,13,8,180,TRAINING,7,9,0,2,15720643,c89febad,2399
136,1,2,11,13,8,181,TRAINING,1,12,0,0,14720653,ca9feb8d,1881
136,1,2,11,13,8,182,TRAINING,2,15,1,3,14720563,ca9fe8bd,2701
136,1,2,11,13,8,183,TRAINING,5,8,1,6,14720653,ca9feb8d,5826
136,1,2,11,13,8,184,TRAINING,1,12,0,0,14027653,caef9b8d,13039
136,1,2,11,13,8,185,TEST,1,12,0,0,true,1128
136,1,2,11,13,8,186,TEST,6,11,0,0,true,518
136,1,2,11,13,8,187,TEST,5,8,1,1,true,2159
136,1,2,11,13,8,188,TEST,4,10,1,1,true,1063
136,1,2,11,13,8,189,TEST,7,9,0,0,true,3398
136,1,2,11,13,8,190,TEST,2,15,1,0,false,1778
136,1,2,11,13,8,191,TEST,0,14,1,1,true,597
136,1,2,11,13,8,192,TEST,3,13,0,1,false,2414
136,1,2,11,13,9,193,TRAINING,1,12,0,4,36571240,db89cfae,2620
136,1,2,11,13,9,194,TRAINING,4,10,1,6,36571042,db89ceaf,1705
136,1,2,11,13,9,195,TRAINING,3,13,0,0,32571046,df89ceab,2682
136,1,2,11,13,9,196,TRAINING,4,10,1,6,32175046,dfc98eab,1645
136,1,2,11,13,9,197,TRAINING,7,9,0,3,36175042,dbc98eaf,1681
136,1,2,11,13,9,198,TRAINING,2,15,1,7,16375042,cbd98eaf,1655
136,1,2,11,13,9,199,TRAINING,6,11,0,1,56371042,8bd9ceaf,2258
136,1,2,11,13,9,200,TRAINING,0,14,1,5,56374012,8bd9aecf,1689
136,1,2,11,13,9,201,TRAINING,5,8,1,7,26374015,fbd9aec8,2195
136,1,2,11,13,9,202,TRAINING,1,12,0,3,26314075,fbdcae98,1942
136,1,2,11,13,9,203,TRAINING,5,8,1,7,46312075,abdcfe98,2201
136,1,2,11,13,9,204,TRAINING,7,9,0,6,40312675,aedcfb98,1753
136,1,2,11,13,9,205,TRAINING,0,14,1,1,40321675,aedfcb98,2756
136,1,2,11,13,9,206,TRAINING,3,13,0,2,40312675,aedcfb98,1745
136,1,2,11,13,9,207,TRAINING,2,15,1,0,20314675,fedcab98,1545
136,1,2,11,13,9,208,TRAINING,6,11,0,5,24310675,fadceb98,1749
136,1,2,11,13,9,209,TEST,3,13,0,1,false,878
136,1,2,11,13,9,210,TEST,5,8,1,0,false,889
136,1,2,11,13,9,211,TEST,7,9,0,0,true,487
136,1,2,11,13,9,212,TEST,6,11,0,0,true,572
136,1,2,11,13,9,213,TEST,2,15,1,1,true,569
136,1,2,11,13,9,214,TEST,4,10,1,1,true,468
136,1,2,11,13,9,215,TEST,1,12,0,0,true,1556
136,1,2,11,13,9,216,TEST,0,14,1,1,true,452
136,1,2,11,13,10,217,TRAINING,2,15,1,3,65724310,b89fadce,13429
136,1,2,11,13,10,218,TRAINING,3,13,0,5,61724350,bc9fad8e,1825
136,1,2,11,13,10,219,TRAINING,6,11,0,0,67124350,b9cfad8e,1842
136,1,2,11,13,10,220,TRAINING,4,10,1,4,61724350,bc9fad8e,4981
136,1,2,11,13,10,221,TRAINING,1,12,0,1,61754320,bc98adfe,2295
136,1,2,11,13,10,222,TRAINING,6,11,0,6,21754360,fc98adbe,2339
136,1,2,11,13,10,223,TRAINING,1,12,0,1,21704365,fc9eadb8,2171
136,1,2,11,13,10,224,TRAINING,4,10,1,4,21074365,fce9adb8,1708
136,1,2,11,13,10,225,TRAINING,7,9,0,3,21374065,fcd9aeb8,2036
136,1,2,11,13,10,226,TRAINING,0,14,1,5,51374062,8cd9aebf,1780
136,1,2,11,13,10,227,TRAINING,0,14,1,5,51372064,8cd9feba,1768
136,1,2,11,13,10,228,TRAINING,5,8,1,4,21375064,fcd98eba,1569
136,1,2,11,13,10,229,TRAINING,2,15,1,0,21475063,fca98ebd,2282
136,1,2,11,13,10,230,TRAINING,7,9,0,3,23475061,fda98ebc,1846
136,1,2,11,13,10,231,TRAINING,3,13,0,1,23175064,fdc98eba,5304
136,1,2,11,13,10,232,TRAINING,5,8,1,4,23475061,fda98ebc,6081
136,1,2,11,13,10,233,TEST,0,14,1,1,true,2445
136,1,2,11,13,10,234,TEST,7,9,0,0,true,1868
136,1,2,11,13,10,235,TEST,2,15,1,0,false,1661
136,1,2,11,13,10,236,TEST,3,13,0,0,true,520
136,1,2,11,13,10,237,TEST,6,11,0,1,false,772
136,1,2,11,13,10,238,TEST,1,12,0,0,true,1292
136,1,2,11,13,10,239,TEST,4,10,1,1,true,651
136,1,2,11,13,10,240,TEST,5,8,1,1,true,499
136,1,2,11,13,11,241,TRAINING,3,13,0,0,32056471,dfe8ba9c,4229
136,1,2,11,13,11,242,TRAINING,5,8,1,3,32156470,dfc8ba9e,2087
136,1,2,11,13,11,243,TRAINING,2,15,1,1,32756410,df98bace,2389
136,1,2,11,13,11,244,TRAINING,0,14,1,7,32456710,dfa8b9ce,22194
136,1,2,11,13,11,245,TRAINING,7,9,0,5,32546710,df8ab9ce,3895
136,1,2,11,13,11,246,TRAINING,3,13,0,0,32146750,dfcab98e,1758
136,1,2,11,13,11,247,TRAINING,6,11,0,3,32164750,dfcba98e,2190
136,1,2,11,13,11,248,TRAINING,1,12,0,2,32165740,dfcb89ae,1622
136,1,2,11,13,11,249,TRAINING,5,8,1,4,32165704,dfcb89ea,32881
136,1,2,11,13,11,250,TRAINING,7,9,0,3,32175604,dfc98bea,2683
136,1,2,11,13,11,251,TRAINING,0,14,1,6,32475601,dfa98bec,13602
136,1,2,11,13,11,252,TRAINING,2,15,1,1,42375601,afd98bec,1728
136,1,2,11,13,11,253,TRAINING,4,10,1,5,62375401,bfd98aec,1995
136,1,2,11,13,11,254,TRAINING,4,10,1,5,62735401,bf9d8aec,9508
136,1,2,11,13,11,255,TRAINING,6,11,0,0,67235401,b9fd8aec,7164
136,1,2,11,13,11,256,TRAINING,1,12,0,7,67230451,b9fdea8c,11938
136,1,2,11,13,11,257,TEST,2,15,1,1,true,3244
136,1,2,11,13,11,258,TEST,7,9,0,0,true,8066
136,1,2,11,13,11,259,TEST,6,11,0,0,true,1868
136,1,2,11,13,11,260,TEST,0,14,1,1,true,943
136,1,2,11,13,11,261,TEST,3,13,0,0,true,933
136,1,2,11,13,11,262,TEST,1,12,0,0,true,939
136,1,2,11,13,11,263,TEST,4,10,1,1,true,2126
136,1,2,11,13,11,264,TEST,5,8,1,1,true,1767
136,1,2,11,13,12,265,TRAINING,7,9,0,3,54370126,8ad9ecfb,8757
136,1,2,11,13,12,266,TRAINING,2,15,1,6,45370126,a8d9ecfb,5985
136,1,2,11,13,12,267,TRAINING,2,15,1,6,45376120,a8d9bcfe,2829
136,1,2,11,13,12,268,TRAINING,1,12,0,0,15376420,c8d9bafe,2723
136,1,2,11,13,12,269,TRAINING,3,13,0,1,13576420,cd89bafe,1849
136,1,2,11,13,12,270,TRAINING,5,8,1,2,13576402,cd89baef,2001
136,1,2,11,13,12,271,TRAINING,4,10,1,4,13574602,cd89abef,3982
136,1,2,11,13,12,272,TRAINING,0,14,1,5,13574062,cd89aebf,1812
136,1,2,11,13,12,273,TRAINING,0,14,1,5,53174062,8dc9aebf,1974
136,1,2,11,13,12,274,TRAINING,6,11,0,6,53172064,8dc9feba,7379
136,1,2,11,13,12,275,TRAINING,1,12,0,0,13572064,cd89feba,8666
136,1,2,11,13,12,276,TRAINING,4,10,1,4,13574062,cd89aebf,1956
136,1,2,11,13,12,277,TRAINING,5,8,1,2,17534062,c98daebf,2929
136,1,2,11,13,12,278,TRAINING,3,13,0,6,17564032,c98baedf,2551
136,1,2,11,13,12,279,TRAINING,7,9,0,1,67514032,b98caedf,2418
136,1,2,11,13,12,280,TRAINING,6,11,0,0,67524031,b98faedc,7632
136,1,2,11,13,12,281,TEST,3,13,0,0,true,3971
136,1,2,11,13,12,282,TEST,7,9,0,0,true,1399
136,1,2,11,13,12,283,TEST,5,8,1,1,true,934
136,1,2,11,13,12,284,TEST,4,10,1,1,true,632
136,1,2,11,13,12,285,TEST,2,15,1,1,true,1599
136,1,2,11,13,12,286,TEST,1,12,0,0,true,978
136,1,2,11,13,12,287,TEST,0,14,1,1,true,1103
136,1,2,11,13,12,288,TEST,6,11,0,0,true,830
136,1,2,11,13,INSTRUCT,postquestionnaire,1

rulestrategy:I tried to pick out one single distinction from the squares to help me remember. I also would say the category out loud.
howtoimprove:
engagement:9
difficulty:9
physicalaids:no