138,0,5,2,14,INSTRUCT,instruct1,10796
138,0,5,2,14,INSTRUCT,instructCatExample,7030
138,0,5,2,14,INSTRUCT,instructCatColor,5349
138,0,5,2,14,INSTRUCT,instructCatStripe,6476
138,0,5,2,14,INSTRUCT,instructDemoIntro,15993
138,0,5,2,14,INSTRUCT,instructDemo,52744
138,0,5,2,14,INSTRUCT,instructTest,11728
138,0,5,2,14,INSTRUCT,instructTest2,26734
138,0,5,2,14,INSTRUCT,instructDimColor,7927
138,0,5,2,14,INSTRUCT,instructDimBorder,4125
138,0,5,2,14,INSTRUCT,instructDimDots,1336
138,0,5,2,14,INSTRUCT,instructDimStripe,1976
138,0,5,2,14,INSTRUCT,instructDimAll,4505
138,0,5,2,14,INSTRUCT,instructFinal,8889
138,0,5,2,14,1,1,TRAINING,6,2,1,0,60143527,2bf3e7a6,4731
138,0,5,2,14,1,2,TRAINING,7,6,0,2,60743521,2b63e7af,1791
138,0,5,2,14,1,3,TRAINING,5,7,1,5,60741523,2b63f7ae,8088
138,0,5,2,14,1,4,TRAINING,3,14,1,3,60731524,2b6ef7a3,1055
138,0,5,2,14,1,5,TRAINING,1,15,0,2,60137524,2bfe67a3,1009
138,0,5,2,14,1,6,TRAINING,7,6,0,4,40137526,3bfe67a2,5155
138,0,5,2,14,1,7,TRAINING,2,10,0,0,20137546,abfe6732,3469
138,0,5,2,14,1,8,TRAINING,0,11,1,1,20637541,ab2e673f,1537
138,0,5,2,14,1,9,TRAINING,3,14,1,3,20437561,ab3e672f,1208
138,0,5,2,14,1,10,TRAINING,1,15,0,7,20637541,ab2e673f,1613
138,0,5,2,14,1,11,TRAINING,5,7,1,5,27630541,a62eb73f,4988
138,0,5,2,14,1,12,TRAINING,7,6,0,1,47630521,362eb7af,1965
138,0,5,2,14,1,13,TRAINING,5,7,1,5,47360521,36e2b7af,1822
138,0,5,2,14,1,14,TRAINING,0,11,1,3,47306521,36eb27af,1256
138,0,5,2,14,1,15,TRAINING,1,15,0,4,47301526,36ebf7a2,1064
138,0,5,2,14,1,16,TRAINING,4,3,0,0,47301625,36ebf2a7,7317
138,0,5,2,14,1,17,TEST,6,2,1,0,false,3596
138,0,5,2,14,1,18,TEST,3,14,1,1,true,1493
138,0,5,2,14,1,19,TEST,1,15,0,0,true,5632
138,0,5,2,14,1,20,TEST,5,7,1,1,true,1679
138,0,5,2,14,1,21,TEST,2,10,0,0,true,2340
138,0,5,2,14,1,22,TEST,0,11,1,0,false,2557
138,0,5,2,14,1,23,TEST,4,3,0,0,true,644
138,0,5,2,14,1,24,TEST,7,6,0,1,false,1270
138,0,5,2,14,2,25,TRAINING,4,3,0,0,42601753,3a2bf67e,84067
138,0,5,2,14,2,26,TRAINING,2,10,0,1,42605713,3a2b76fe,1149
138,0,5,2,14,2,27,TRAINING,6,2,1,2,42605731,3a2b76ef,1308
138,0,5,2,14,2,28,TRAINING,7,6,0,6,42605371,3a2b7e6f,20866
138,0,5,2,14,2,29,TRAINING,0,11,1,3,42601375,3a2bfe67,33897
138,0,5,2,14,2,30,TRAINING,3,14,1,2,42301675,3aebf267,53118
138,0,5,2,14,2,31,TRAINING,0,11,1,3,41302675,3feba267,10777
138,0,5,2,14,2,32,TRAINING,7,6,0,5,41302765,3feba627,6753
138,0,5,2,14,2,33,TRAINING,6,2,1,6,41203765,3fabe627,3717
138,0,5,2,14,2,34,TRAINING,5,7,1,7,14203765,f3abe627,8036
138,0,5,2,14,2,35,TRAINING,3,14,1,1,13204765,feab3627,4197
138,0,5,2,14,2,36,TRAINING,4,3,0,4,13264705,fea236b7,1300
138,0,5,2,14,2,37,TRAINING,4,3,0,4,13564702,fe7236ba,3510
138,0,5,2,14,2,38,TRAINING,4,3,0,4,16534702,f27e36ba,2372
138,0,5,2,14,2,39,TRAINING,4,3,0,4,16354702,f2e736ba,3281
138,0,5,2,14,2,40,TRAINING,4,3,0,4,13654702,fe2736ba,1049
138,0,5,2,14,2,41,TEST,1,15,0,0,true,5634
138,0,5,2,14,2,42,TEST,6,2,1,1,true,3606
138,0,5,2,14,2,43,TEST,4,3,0,0,true,3583
138,0,5,2,14,2,44,TEST,0,11,1,1,true,5290
138,0,5,2,14,2,45,TEST,3,14,1,1,true,5901
138,0,5,2,14,2,46,TEST,2,10,0,0,true,3758
138,0,5,2,14,2,47,TEST,5,7,1,1,true,4255
138,0,5,2,14,2,48,TEST,7,6,0,0,true,7170
138,0,5,2,14,3,49,TRAINING,6,2,1,7,42157036,3af76be2,9644
138,0,5,2,14,3,50,TRAINING,7,6,0,0,72154036,6af73be2,7039
138,0,5,2,14,3,51,TRAINING,2,10,0,1,72154306,6af73eb2,3924
138,0,5,2,14,3,52,TRAINING,2,10,0,1,72154603,6af732be,975
138,0,5,2,14,3,53,TRAINING,1,15,0,2,72154630,6af732eb,2482
138,0,5,2,14,3,54,TRAINING,5,7,1,3,72150634,6af7b2e3,2531
138,0,5,2,14,3,55,TRAINING,6,2,1,5,72153604,6af7e2b3,947
138,0,5,2,14,3,56,TRAINING,0,11,1,6,72453601,6a37e2bf,1071
138,0,5,2,14,3,57,TRAINING,0,11,1,6,32457601,ea3762bf,2155
138,0,5,2,14,3,58,TRAINING,0,11,1,6,42357601,3ae762bf,1027
138,0,5,2,14,3,59,TRAINING,0,11,1,6,24357601,a3e762bf,920
138,0,5,2,14,3,60,TRAINING,0,11,1,6,24367501,a3e267bf,1991
138,0,5,2,14,3,61,TRAINING,0,11,1,6,24567301,a3726ebf,1144
138,0,5,2,14,3,62,TRAINING,0,11,1,6,64527301,237a6ebf,2450
138,0,5,2,14,3,63,TRAINING,0,11,1,6,64127305,23fa6eb7,999
138,0,5,2,14,3,64,TRAINING,0,11,1,6,54127306,73fa6eb2,2221
138,0,5,2,14,3,65,TEST,7,6,0,0,true,6987
138,0,5,2,14,3,66,TEST,0,11,1,1,true,6067
138,0,5,2,14,3,67,TEST,5,7,1,1,true,4307
138,0,5,2,14,3,68,TEST,1,15,0,0,true,2483
138,0,5,2,14,3,69,TEST,2,10,0,0,true,2658
138,0,5,2,14,3,70,TEST,4,3,0,0,true,4221
138,0,5,2,14,3,71,TEST,3,14,1,1,true,2313
138,0,5,2,14,3,72,TEST,6,2,1,1,true,3606
138,0,5,2,14,INSTRUCT,postquestionnaire,1

rulestrategy:Total points determine category.
+1 for purple color
+1 for white border
+1 for diagonal cross

Odd numbers = A
Even numbers (and 0) = B
howtoimprove:
engagement:6
difficulty:7
physicalaids:no