140,1,0,21,12,INSTRUCT,instruct1,31062
140,1,0,21,12,INSTRUCT,instructCatExample,21021
140,1,0,21,12,INSTRUCT,instructCatColor,10462
140,1,0,21,12,INSTRUCT,instructCatStripe,20654
140,1,0,21,12,INSTRUCT,instructDemoIntro,46494
140,1,0,21,12,INSTRUCT,instructDemo,61698
140,1,0,21,12,INSTRUCT,instructTest,34854
140,1,0,21,12,INSTRUCT,instructTest2,143805
140,1,0,21,12,INSTRUCT,instructDimColor,18703
140,1,0,21,12,INSTRUCT,instructDimBorder,5055
140,1,0,21,12,INSTRUCT,instructDimDots,7024
140,1,0,21,12,INSTRUCT,instructDimStripe,9103
140,1,0,21,12,INSTRUCT,instructDimAll,19767
140,1,0,21,12,INSTRUCT,instructFinal,53958
140,1,0,21,12,1,1,TRAINING,0,6,0,1,10472653,762bea3f,6677
140,1,0,21,12,1,2,TRAINING,4,2,0,2,10475623,762b3aef,3159
140,1,0,21,12,1,3,TRAINING,4,2,0,2,70415623,b6273aef,2404
140,1,0,21,12,1,4,TRAINING,0,6,0,5,76415023,ba2736ef,4840
140,1,0,21,12,1,5,TRAINING,7,11,1,0,75416023,b327a6ef,2387
140,1,0,21,12,1,6,TRAINING,6,10,0,4,75146023,b372a6ef,2146
140,1,0,21,12,1,7,TRAINING,7,11,1,0,75046123,b362a7ef,2546
140,1,0,21,12,1,8,TRAINING,2,14,0,6,75016423,b367a2ef,2466
140,1,0,21,12,1,9,TRAINING,3,15,1,7,70516423,b637a2ef,1688
140,1,0,21,12,1,10,TRAINING,2,14,0,6,70156423,b673a2ef,1923
140,1,0,21,12,1,11,TRAINING,1,7,1,2,70146523,b672a3ef,1919
140,1,0,21,12,1,12,TRAINING,6,10,0,4,50146723,3672abef,1939
140,1,0,21,12,1,13,TRAINING,3,15,1,3,50136724,367fabe2,1908
140,1,0,21,12,1,14,TRAINING,5,3,1,0,54136720,327fabe6,1771
140,1,0,21,12,1,15,TRAINING,1,7,1,2,56134720,3a7f2be6,1677
140,1,0,21,12,1,16,TRAINING,5,3,1,0,56104723,3a762bef,1746
140,1,0,21,12,1,17,TEST,3,15,1,1,true,3423
140,1,0,21,12,1,18,TEST,1,7,1,1,true,1975
140,1,0,21,12,1,19,TEST,6,10,0,0,true,864
140,1,0,21,12,1,20,TEST,0,6,0,0,true,512
140,1,0,21,12,1,21,TEST,4,2,0,0,true,589
140,1,0,21,12,1,22,TEST,5,3,1,1,true,677
140,1,0,21,12,1,23,TEST,7,11,1,1,true,547
140,1,0,21,12,1,24,TEST,2,14,0,0,true,619
140,1,0,21,12,2,25,TRAINING,7,11,1,3,42576310,2e3baf76,1553
140,1,0,21,12,2,26,TRAINING,2,14,0,1,42573610,2e3bfa76,1530
140,1,0,21,12,2,27,TRAINING,4,2,0,0,42570613,2e3b6a7f,1756
140,1,0,21,12,2,28,TRAINING,0,6,0,5,42576013,2e3ba67f,1610
140,1,0,21,12,2,29,TRAINING,6,10,0,7,42573016,2e3bf67a,1754
140,1,0,21,12,2,30,TRAINING,5,3,1,2,72543016,be32f67a,2018
140,1,0,21,12,2,31,TRAINING,1,7,1,6,74523016,b23ef67a,1708
140,1,0,21,12,2,32,TRAINING,3,15,1,7,74526013,b23ea67f,1556
140,1,0,21,12,2,33,TRAINING,5,3,1,2,04526713,623eab7f,1682
140,1,0,21,12,2,34,TRAINING,7,11,1,5,24506713,e236ab7f,1558
140,1,0,21,12,2,35,TRAINING,0,6,0,3,64502713,a236eb7f,1716
140,1,0,21,12,2,36,TRAINING,2,14,0,1,62504713,ae362b7f,1401
140,1,0,21,12,2,37,TRAINING,4,2,0,4,62504731,ae362bf7,1709
140,1,0,21,12,2,38,TRAINING,6,10,0,2,52604731,3ea62bf7,1516
140,1,0,21,12,2,39,TRAINING,1,7,1,7,32604751,fea62b37,1538
140,1,0,21,12,2,40,TRAINING,3,15,1,0,35604721,f3a62be7,1412
140,1,0,21,12,2,41,TEST,2,14,0,0,true,774
140,1,0,21,12,2,42,TEST,4,2,0,0,true,520
140,1,0,21,12,2,43,TEST,5,3,1,1,true,636
140,1,0,21,12,2,44,TEST,7,11,1,1,true,490
140,1,0,21,12,2,45,TEST,6,10,0,0,true,698
140,1,0,21,12,2,46,TEST,3,15,1,1,true,556
140,1,0,21,12,2,47,TEST,0,6,0,0,true,435
140,1,0,21,12,2,48,TEST,1,7,1,1,true,617
140,1,0,21,12,INSTRUCT,postquestionnaire,1

rulestrategy:I looked for repetitiveness of all the possible groups as each square was highlighted. 
howtoimprove:N/A
engagement:10
difficulty:0
physicalaids:no