143,0,1,8,5,INSTRUCT,instruct1,9923
143,0,1,8,5,INSTRUCT,instructCatExample,13759
143,0,1,8,5,INSTRUCT,instructCatColor,7477
143,0,1,8,5,INSTRUCT,instructCatStripe,2686
143,0,1,8,5,INSTRUCT,instructDemoIntro,14415
143,0,1,8,5,INSTRUCT,instructDemo,105974
143,0,1,8,5,INSTRUCT,instructTest,47760
143,0,1,8,5,INSTRUCT,instructTest2,12775
143,0,1,8,5,INSTRUCT,instructDimColor,7919
143,0,1,8,5,INSTRUCT,instructDimBorder,4351
143,0,1,8,5,INSTRUCT,instructDimDots,2390
143,0,1,8,5,INSTRUCT,instructDimStripe,2520
143,0,1,8,5,INSTRUCT,instructDimAll,8794
143,0,1,8,5,INSTRUCT,instructFinal,31783
143,0,1,8,5,1,1,TRAINING,0,12,0,0,05763142,c019548d,9954
143,0,1,8,5,1,2,TRAINING,5,0,1,1,05673142,c091548d,2041
143,0,1,8,5,1,3,TRAINING,6,9,1,2,05672143,c091d485,1514
143,0,1,8,5,1,4,TRAINING,2,13,1,3,05627143,c09d1485,3179
143,0,1,8,5,1,5,TRAINING,4,8,0,0,45627103,809d14c5,5851
143,0,1,8,5,1,6,TRAINING,7,1,0,4,45027163,80cd1495,2299
143,0,1,8,5,1,7,TRAINING,3,5,0,7,41027563,84cd1095,2595
143,0,1,8,5,1,8,TRAINING,0,12,0,2,41027653,84cd1905,4418
143,0,1,8,5,1,9,TRAINING,2,13,1,3,14027653,48cd1905,1058
143,0,1,8,5,1,10,TRAINING,3,5,0,7,14025673,48cd0915,2658
143,0,1,8,5,1,11,TRAINING,7,1,0,6,04125673,c84d0915,1442
143,0,1,8,5,1,12,TRAINING,6,9,1,5,14025673,48cd0915,1226
143,0,1,8,5,1,13,TRAINING,4,8,0,1,04125673,c84d0915,1880
143,0,1,8,5,1,14,TRAINING,5,0,1,4,34125670,584d091c,1466
143,0,1,8,5,1,15,TRAINING,6,9,1,5,04125673,c84d0915,5883
143,0,1,8,5,1,16,TRAINING,4,8,0,1,04175623,c84109d5,1139
143,0,1,8,5,1,17,TEST,2,13,1,1,true,2874
143,0,1,8,5,1,18,TEST,6,9,1,1,true,2258
143,0,1,8,5,1,19,TEST,5,0,1,0,false,1459
143,0,1,8,5,1,20,TEST,3,5,0,0,true,1203
143,0,1,8,5,1,21,TEST,1,4,1,0,false,2955
143,0,1,8,5,1,22,TEST,7,1,0,1,false,746
143,0,1,8,5,1,23,TEST,0,12,0,0,true,1060
143,0,1,8,5,1,24,TEST,4,8,0,0,true,546
143,0,1,8,5,2,25,TRAINING,7,1,0,0,71320564,145dc098,4618
143,0,1,8,5,2,26,TRAINING,6,9,1,6,71320465,145dc890,7849
143,0,1,8,5,2,27,TRAINING,5,0,1,7,72310465,1d54c890,12735
143,0,1,8,5,2,28,TRAINING,4,8,0,2,72410365,1d84c590,8051
143,0,1,8,5,2,29,TRAINING,3,5,0,6,72410635,1d84c950,6545
143,0,1,8,5,2,30,TRAINING,2,13,1,1,72416035,1d849c50,1394
143,0,1,8,5,2,31,TRAINING,1,4,1,3,42716035,8d149c50,7603
143,0,1,8,5,2,32,TRAINING,0,12,0,5,42715036,8d140c59,2019
143,0,1,8,5,2,33,TRAINING,7,1,0,2,42713056,8d145c09,1147
143,0,1,8,5,2,34,TRAINING,3,5,0,4,41723056,841d5c09,5211
143,0,1,8,5,2,35,TRAINING,5,0,1,5,41723506,841d50c9,3834
143,0,1,8,5,2,36,TRAINING,4,8,0,0,46723501,891d50c4,3827
143,0,1,8,5,2,37,TRAINING,0,12,0,6,46273501,89d150c4,2194
143,0,1,8,5,2,38,TRAINING,7,1,0,3,46372501,8951d0c4,5386
143,0,1,8,5,2,39,TRAINING,1,4,1,7,45372601,8051d9c4,2298
143,0,1,8,5,2,40,TRAINING,2,13,1,0,25374601,d05189c4,3643
143,0,1,8,5,2,41,TEST,4,8,0,0,true,2723
143,0,1,8,5,2,42,TEST,0,12,0,0,true,1235
143,0,1,8,5,2,43,TEST,6,9,1,1,true,1243
143,0,1,8,5,2,44,TEST,7,1,0,0,true,2940
143,0,1,8,5,2,45,TEST,1,4,1,1,true,3835
143,0,1,8,5,2,46,TEST,5,0,1,1,true,1259
143,0,1,8,5,2,47,TEST,3,5,0,0,true,2691
143,0,1,8,5,2,48,TEST,2,13,1,0,false,971
143,0,1,8,5,3,49,TRAINING,5,0,1,2,36512704,5904d1c8,43204
143,0,1,8,5,3,50,TRAINING,4,8,0,7,31562704,5409d1c8,2947
143,0,1,8,5,3,51,TRAINING,1,4,1,1,61532704,9405d1c8,5443
143,0,1,8,5,3,52,TRAINING,0,12,0,3,61502734,940cd158,1370
143,0,1,8,5,3,53,TRAINING,7,1,0,2,61702534,941cd058,7603
143,0,1,8,5,3,54,TRAINING,3,5,0,5,61702354,941cd508,3801
143,0,1,8,5,3,55,TRAINING,6,9,1,0,61752304,9410d5c8,1090
143,0,1,8,5,3,56,TRAINING,2,13,1,4,61702354,941cd508,994
143,0,1,8,5,3,57,TRAINING,6,9,1,0,65702314,901cd548,1859
143,0,1,8,5,3,58,TRAINING,7,1,0,1,67502314,910cd548,1906
143,0,1,8,5,3,59,TRAINING,5,0,1,2,67542310,9108d54c,1059
143,0,1,8,5,3,60,TRAINING,3,5,0,5,67542301,9108d5c4,1731
143,0,1,8,5,3,61,TRAINING,1,4,1,0,17542306,4108d5c9,5659
143,0,1,8,5,3,62,TRAINING,7,1,0,1,17502346,410cd589,1667
143,0,1,8,5,3,63,TRAINING,4,8,0,6,17052346,41c0d589,1387
143,0,1,8,5,3,64,TRAINING,6,9,1,7,17032546,41c5d089,7155
143,0,1,8,5,3,65,TEST,1,4,1,1,true,1963
143,0,1,8,5,3,66,TEST,2,13,1,0,false,2522
143,0,1,8,5,3,67,TEST,4,8,0,0,true,899
143,0,1,8,5,3,68,TEST,3,5,0,0,true,2572
143,0,1,8,5,3,69,TEST,0,12,0,0,true,2675
143,0,1,8,5,3,70,TEST,7,1,0,1,false,1067
143,0,1,8,5,3,71,TEST,6,9,1,0,false,3955
143,0,1,8,5,3,72,TEST,5,0,1,1,true,1395
143,0,1,8,5,4,73,TRAINING,7,1,0,0,70235614,1cd50948,8603
143,0,1,8,5,4,74,TRAINING,5,0,1,4,70325614,1c5d0948,2971
143,0,1,8,5,4,75,TRAINING,0,12,0,1,70125634,1c4d0958,4363
143,0,1,8,5,4,76,TRAINING,0,12,0,1,70165234,1c490d58,3786
143,0,1,8,5,4,77,TRAINING,1,4,1,2,20165734,dc490158,6771
143,0,1,8,5,4,78,TRAINING,4,8,0,3,20145736,dc480159,3835
143,0,1,8,5,4,79,TRAINING,3,5,0,6,20147536,dc481059,8562
143,0,1,8,5,4,80,TRAINING,3,5,0,6,26147530,d948105c,3234
143,0,1,8,5,4,81,TRAINING,2,13,1,0,26147035,d9481c50,25104
143,0,1,8,5,4,82,TRAINING,6,9,1,1,26157034,d9401c58,101982
143,0,1,8,5,4,83,TRAINING,4,8,0,7,26057134,d9c01458,11155
143,0,1,8,5,4,84,TRAINING,5,0,1,3,26053174,d9c05418,5931
143,0,1,8,5,4,85,TRAINING,0,12,0,2,36052174,59c0d418,3162
143,0,1,8,5,4,86,TRAINING,3,5,0,0,36052714,59c0d148,4570
143,0,1,8,5,4,87,TRAINING,0,12,0,2,36054712,59c0814d,4698
143,0,1,8,5,4,88,TRAINING,1,4,1,6,36045712,59c8014d,3667
143,0,1,8,5,4,89,TEST,1,4,1,1,true,7420
143,0,1,8,5,4,90,TEST,3,5,0,0,true,3546
143,0,1,8,5,4,91,TEST,4,8,0,0,true,3004
143,0,1,8,5,4,92,TEST,5,0,1,1,true,4434
143,0,1,8,5,4,93,TEST,7,1,0,0,true,1539
143,0,1,8,5,4,94,TEST,6,9,1,1,true,3043
143,0,1,8,5,4,95,TEST,0,12,0,0,true,6930
143,0,1,8,5,4,96,TEST,2,13,1,1,true,3620
143,0,1,8,5,5,97,TRAINING,4,8,0,0,40615723,8c9401d5,6299
143,0,1,8,5,5,98,TRAINING,5,0,1,1,45610723,8094c1d5,3891
143,0,1,8,5,5,99,TRAINING,7,1,0,5,45310726,8054c1d9,1330
143,0,1,8,5,5,100,TRAINING,0,12,0,6,45312706,8054d1c9,3858
143,0,1,8,5,5,101,TRAINING,3,5,0,2,54312706,0854d1c9,3330
143,0,1,8,5,5,102,TRAINING,6,9,1,7,54372106,0851d4c9,4666
143,0,1,8,5,5,103,TRAINING,2,13,1,5,54371206,08514dc9,1851
143,0,1,8,5,5,104,TRAINING,1,4,1,6,54370216,0851cd49,3187
143,0,1,8,5,5,105,TRAINING,4,8,0,1,04375216,c8510d49,2811
143,0,1,8,5,5,106,TRAINING,2,13,1,5,64375210,98510d4c,955
143,0,1,8,5,5,107,TRAINING,7,1,0,3,34675210,58910d4c,1811
143,0,1,8,5,5,108,TRAINING,3,5,0,0,30675214,5c910d48,1179
143,0,1,8,5,5,109,TRAINING,5,0,1,4,34675210,58910d4c,13131
143,0,1,8,5,5,110,TRAINING,4,8,0,3,37645210,51980d4c,1106
143,0,1,8,5,5,111,TRAINING,0,12,0,7,17645230,41980d5c,986
143,0,1,8,5,5,112,TRAINING,1,4,1,0,17645320,419805dc,1082
143,0,1,8,5,5,113,TEST,6,9,1,1,true,5323
143,0,1,8,5,5,114,TEST,7,1,0,0,true,4674
143,0,1,8,5,5,115,TEST,3,5,0,0,true,4515
143,0,1,8,5,5,116,TEST,2,13,1,1,true,3283
143,0,1,8,5,5,117,TEST,5,0,1,1,true,4403
143,0,1,8,5,5,118,TEST,1,4,1,1,true,6779
143,0,1,8,5,5,119,TEST,4,8,0,0,true,2627
143,0,1,8,5,5,120,TEST,0,12,0,0,true,4203
143,0,1,8,5,INSTRUCT,postquestionnaire,1

rulestrategy:I just gave up and memorized them, took the time to repeat three times out loud blue, yellow-  B, purple line white- B.
howtoimprove:
engagement:8
difficulty:10
physicalaids:no