144,0,4,19,7,INSTRUCT,instruct1,18950
144,0,4,19,7,INSTRUCT,instructCatExample,20154
144,0,4,19,7,INSTRUCT,instructCatColor,10843
144,0,4,19,7,INSTRUCT,instructCatStripe,17511
144,0,4,19,7,INSTRUCT,instructDemoIntro,54906
144,0,4,19,7,INSTRUCT,instructDemo,86610
144,0,4,19,7,INSTRUCT,instructTest,35584
144,0,4,19,7,INSTRUCT,instructTest2,44953
144,0,4,19,7,INSTRUCT,instructDimColor,13807
144,0,4,19,7,INSTRUCT,instructDimBorder,5216
144,0,4,19,7,INSTRUCT,instructDimDots,4271
144,0,4,19,7,INSTRUCT,instructDimStripe,3992
144,0,4,19,7,INSTRUCT,instructDimAll,7349
144,0,4,19,7,INSTRUCT,instructFinal,47329
144,0,4,19,7,1,1,TRAINING,6,1,0,0,63457201,12540376,4932
144,0,4,19,7,1,2,TRAINING,2,3,1,5,60457231,17540326,1375
144,0,4,19,7,1,3,TRAINING,3,2,0,6,60157234,17640325,3659
144,0,4,19,7,1,4,TRAINING,1,6,0,2,06157234,71640325,4954
144,0,4,19,7,1,5,TRAINING,2,3,1,5,76150234,01647325,4026
144,0,4,19,7,1,6,TRAINING,5,4,0,3,74150236,05647321,1946
144,0,4,19,7,1,7,TRAINING,7,0,1,0,76150234,01647325,3842
144,0,4,19,7,1,8,TRAINING,6,1,0,1,76154230,01645327,6368
144,0,4,19,7,1,9,TRAINING,0,7,1,7,76152430,01643527,8491
144,0,4,19,7,1,10,TRAINING,2,3,1,2,76251430,01346527,3798
144,0,4,19,7,1,11,TRAINING,6,1,0,1,46251730,51346027,3616
144,0,4,19,7,1,12,TRAINING,4,5,1,7,06251734,71346025,2849
144,0,4,19,7,1,13,TRAINING,2,3,1,2,06271534,71306425,1185
144,0,4,19,7,1,14,TRAINING,0,7,1,0,06271354,71306245,971
144,0,4,19,7,1,15,TRAINING,6,1,0,1,06271534,71306425,4363
144,0,4,19,7,1,16,TRAINING,7,0,1,3,06271435,71306524,1850
144,0,4,19,7,1,17,TEST,3,2,0,1,false,5695
144,0,4,19,7,1,18,TEST,7,0,1,1,true,2209
144,0,4,19,7,1,19,TEST,1,6,0,1,false,978
144,0,4,19,7,1,20,TEST,0,7,1,0,false,1900
144,0,4,19,7,1,21,TEST,5,4,0,1,false,1588
144,0,4,19,7,1,22,TEST,6,1,0,0,true,1267
144,0,4,19,7,1,23,TEST,2,3,1,0,false,1027
144,0,4,19,7,1,24,TEST,4,5,1,1,true,4435
144,0,4,19,7,2,25,TRAINING,2,3,1,5,37014256,20765341,4192
144,0,4,19,7,2,26,TRAINING,0,7,1,2,37064251,20715346,2242
144,0,4,19,7,2,27,TRAINING,6,1,0,3,37064215,20715364,1004
144,0,4,19,7,2,28,TRAINING,7,0,1,1,37064251,20715346,1657
144,0,4,19,7,2,29,TRAINING,3,2,0,0,37460251,20517346,1153
144,0,4,19,7,2,30,TRAINING,6,1,0,3,37160254,20617345,7434
144,0,4,19,7,2,31,TRAINING,3,2,0,0,35160274,24617305,1080
144,0,4,19,7,2,32,TRAINING,0,7,1,4,35160247,24617350,15489
144,0,4,19,7,2,33,TRAINING,2,3,1,5,35610247,24167350,1644
144,0,4,19,7,2,34,TRAINING,4,5,1,1,34610257,25167340,1361
144,0,4,19,7,2,35,TRAINING,6,1,0,2,34650217,25147360,1571
144,0,4,19,7,2,36,TRAINING,1,6,0,4,34651207,25146370,1595
144,0,4,19,7,2,37,TRAINING,7,0,1,7,32651407,23146570,1465
144,0,4,19,7,2,38,TRAINING,6,1,0,2,32651047,23146750,2098
144,0,4,19,7,2,39,TRAINING,7,0,1,7,32650147,23147650,1666
144,0,4,19,7,2,40,TRAINING,2,3,1,1,52630147,43127650,1121
144,0,4,19,7,2,41,TEST,2,3,1,1,true,9675
144,0,4,19,7,2,42,TEST,6,1,0,0,true,4004
144,0,4,19,7,2,43,TEST,1,6,0,1,false,1131
144,0,4,19,7,2,44,TEST,7,0,1,0,false,915
144,0,4,19,7,2,45,TEST,5,4,0,1,false,1163
144,0,4,19,7,2,46,TEST,4,5,1,1,true,699
144,0,4,19,7,2,47,TEST,3,2,0,1,false,716
144,0,4,19,7,2,48,TEST,0,7,1,1,true,908
144,0,4,19,7,3,49,TRAINING,7,0,1,4,30127546,27630451,4283
144,0,4,19,7,3,50,TRAINING,6,1,0,7,30127456,27630541,2715
144,0,4,19,7,3,51,TRAINING,7,0,1,4,30217456,27360541,3169
144,0,4,19,7,3,52,TRAINING,5,4,0,6,10237456,67320541,7954
144,0,4,19,7,3,53,TRAINING,6,1,0,5,10237654,67320145,14185
144,0,4,19,7,3,54,TRAINING,7,0,1,4,10437652,67520143,1194
144,0,4,19,7,3,55,TRAINING,7,0,1,4,10457632,67540123,10235
144,0,4,19,7,3,56,TRAINING,6,1,0,6,10457362,67540213,5033
144,0,4,19,7,3,57,TRAINING,1,6,0,0,10457263,67540312,7139
144,0,4,19,7,3,58,TRAINING,0,7,1,1,10547263,67450312,2667
144,0,4,19,7,3,59,TRAINING,0,7,1,1,10542763,67453012,7185
144,0,4,19,7,3,60,TRAINING,7,0,1,5,30542761,27453016,1226
144,0,4,19,7,3,61,TRAINING,2,3,1,4,30562741,27413056,15043
144,0,4,19,7,3,62,TRAINING,6,1,0,3,03562741,72413056,3033
144,0,4,19,7,3,63,TRAINING,4,5,1,6,01562743,76413052,1425
144,0,4,19,7,3,64,TRAINING,0,7,1,0,03562741,72413056,3986
144,0,4,19,7,3,65,TEST,1,6,0,0,true,3836
144,0,4,19,7,3,66,TEST,3,2,0,0,true,1028
144,0,4,19,7,3,67,TEST,6,1,0,0,true,4656
144,0,4,19,7,3,68,TEST,7,0,1,1,true,2804
144,0,4,19,7,3,69,TEST,5,4,0,0,true,4091
144,0,4,19,7,3,70,TEST,0,7,1,1,true,5299
144,0,4,19,7,3,71,TEST,2,3,1,1,true,1691
144,0,4,19,7,3,72,TEST,4,5,1,1,true,1971
144,0,4,19,7,4,73,TRAINING,7,0,1,6,35261470,24316507,8486
144,0,4,19,7,4,74,TRAINING,6,1,0,4,35216470,24361507,6078
144,0,4,19,7,4,75,TRAINING,1,6,0,3,30216475,27361504,9979
144,0,4,19,7,4,76,TRAINING,6,1,0,4,35216470,24361507,12892
144,0,4,19,7,4,77,TRAINING,2,3,1,2,75216430,04361527,3587
144,0,4,19,7,4,78,TRAINING,7,0,1,0,75216403,04361572,14435
144,0,4,19,7,4,79,TRAINING,6,1,0,4,75236401,04321576,1899
144,0,4,19,7,4,80,TRAINING,5,4,0,2,72536401,03421576,2690
144,0,4,19,7,4,81,TRAINING,3,2,0,3,72536410,03421567,2098
144,0,4,19,7,4,82,TRAINING,0,7,1,7,72531460,03426517,1938
144,0,4,19,7,4,83,TRAINING,2,3,1,0,27531460,30426517,1228
144,0,4,19,7,4,84,TRAINING,4,5,1,2,27431560,30526417,1298
144,0,4,19,7,4,85,TRAINING,4,5,1,2,27461530,30516427,8547
144,0,4,19,7,4,86,TRAINING,1,6,0,4,23461570,32516407,2138
144,0,4,19,7,4,87,TRAINING,6,1,0,3,03461572,72516403,5555
144,0,4,19,7,4,88,TRAINING,7,0,1,6,04361572,75216403,3281
144,0,4,19,7,4,89,TEST,5,4,0,0,true,10261
144,0,4,19,7,4,90,TEST,6,1,0,0,true,10371
144,0,4,19,7,4,91,TEST,0,7,1,1,true,3706
144,0,4,19,7,4,92,TEST,4,5,1,1,true,2322
144,0,4,19,7,4,93,TEST,3,2,0,0,true,7134
144,0,4,19,7,4,94,TEST,2,3,1,1,true,3146
144,0,4,19,7,4,95,TEST,1,6,0,0,true,14019
144,0,4,19,7,4,96,TEST,7,0,1,1,true,2748
144,0,4,19,7,INSTRUCT,postquestionnaire,4

rulestrategy:I memorized the rule simple white is B, simple orange is A and the others were the opposite: complicated white is not B, etc. 
howtoimprove:no
engagement:9
difficulty:10
physicalaids:no