147,0,2,1,6,INSTRUCT,instruct1,16811
147,0,2,1,6,INSTRUCT,instructCatExample,16440
147,0,2,1,6,INSTRUCT,instructCatColor,8195
147,0,2,1,6,INSTRUCT,instructCatStripe,20037
147,0,2,1,6,INSTRUCT,instructDemoIntro,20121
147,0,2,1,6,INSTRUCT,instructDemo,65601
147,0,2,1,6,INSTRUCT,instructTest,25780
147,0,2,1,6,INSTRUCT,instructTest2,29034
147,0,2,1,6,INSTRUCT,instructDimColor,31310
147,0,2,1,6,INSTRUCT,instructDimBorder,6348
147,0,2,1,6,INSTRUCT,instructDimDots,6027
147,0,2,1,6,INSTRUCT,instructDimStripe,13077
147,0,2,1,6,INSTRUCT,instructDimAll,14962
147,0,2,1,6,INSTRUCT,instructFinal,13956
147,0,2,1,6,1,1,TRAINING,6,0,0,0,65472013,0c842ae6,3600
147,0,2,1,6,1,2,TRAINING,7,4,0,3,65472310,0c8426ea,2664
147,0,2,1,6,1,3,TRAINING,4,8,1,2,60472315,0a8426ec,5103
147,0,2,1,6,1,4,TRAINING,5,12,1,7,06472315,a08426ec,1003
147,0,2,1,6,1,5,TRAINING,2,2,1,4,16472305,e08426ac,4207
147,0,2,1,6,1,6,TRAINING,3,6,0,1,13472605,e68420ac,5227
147,0,2,1,6,1,7,TRAINING,1,14,0,0,13452607,e68c20a4,1294
147,0,2,1,6,1,8,TRAINING,0,10,1,6,13452706,e68c24a0,2908
147,0,2,1,6,1,9,TRAINING,6,0,0,3,13462705,e68024ac,4093
147,0,2,1,6,1,10,TRAINING,7,4,0,0,73462105,46802eac,1171
147,0,2,1,6,1,11,TRAINING,4,8,1,2,72463105,42806eac,1167
147,0,2,1,6,1,12,TRAINING,5,12,1,7,72403165,428a6e0c,996
147,0,2,1,6,1,13,TRAINING,3,6,0,3,72430165,4286ae0c,4810
147,0,2,1,6,1,14,TRAINING,2,2,1,1,72034165,42a68e0c,2026
147,0,2,1,6,1,15,TRAINING,1,14,0,5,72034156,42a68ec0,2355
147,0,2,1,6,1,16,TRAINING,4,8,1,4,62034157,02a68ec4,1280
147,0,2,1,6,1,17,TEST,3,6,0,0,true,4510
147,0,2,1,6,1,18,TEST,0,10,1,1,true,2696
147,0,2,1,6,1,19,TEST,1,14,0,1,false,5184
147,0,2,1,6,1,20,TEST,4,8,1,0,false,799
147,0,2,1,6,1,21,TEST,7,4,0,0,true,1818
147,0,2,1,6,1,22,TEST,6,0,0,0,true,807
147,0,2,1,6,1,23,TEST,2,2,1,1,true,1168
147,0,2,1,6,1,24,TEST,5,12,1,1,true,2646
147,0,2,1,6,2,25,TRAINING,6,0,0,3,47261530,8420ec6a,4338
147,0,2,1,6,2,26,TRAINING,7,4,0,4,41267530,8e204c6a,1328
147,0,2,1,6,2,27,TRAINING,3,6,0,6,45267130,8c204e6a,1572
147,0,2,1,6,2,28,TRAINING,2,2,1,2,46257130,802c4e6a,1314
147,0,2,1,6,2,29,TRAINING,4,8,1,0,47256130,842c0e6a,1120
147,0,2,1,6,2,30,TRAINING,5,12,1,3,47256103,842c0ea6,1544
147,0,2,1,6,2,31,TRAINING,1,14,0,5,47356102,846c0ea2,7999
147,0,2,1,6,2,32,TRAINING,0,10,1,6,74356102,486c0ea2,954
147,0,2,1,6,2,33,TRAINING,4,8,1,1,64357102,086c4ea2,3596
147,0,2,1,6,2,34,TRAINING,5,12,1,3,64157302,08ec46a2,967
147,0,2,1,6,2,35,TRAINING,1,14,0,2,34157602,68ec40a2,1161
147,0,2,1,6,2,36,TRAINING,0,10,1,7,34157620,68ec402a,1179
147,0,2,1,6,2,37,TRAINING,6,0,0,3,34167520,68e04c2a,1365
147,0,2,1,6,2,38,TRAINING,7,4,0,2,34761520,6840ec2a,1313
147,0,2,1,6,2,39,TRAINING,2,2,1,6,34761025,6840ea2c,2867
147,0,2,1,6,2,40,TRAINING,3,6,0,3,64731025,0846ea2c,1881
147,0,2,1,6,2,41,TEST,3,6,0,1,false,2944
147,0,2,1,6,2,42,TEST,1,14,0,1,false,5643
147,0,2,1,6,2,43,TEST,0,10,1,0,false,4502
147,0,2,1,6,2,44,TEST,6,0,0,0,true,1574
147,0,2,1,6,2,45,TEST,4,8,1,1,true,973
147,0,2,1,6,2,46,TEST,5,12,1,1,true,1556
147,0,2,1,6,2,47,TEST,7,4,0,0,true,2257
147,0,2,1,6,2,48,TEST,2,2,1,1,true,1052
147,0,2,1,6,3,49,TRAINING,6,0,0,6,20471365,2a84e60c,3658
147,0,2,1,6,3,50,TRAINING,7,4,0,3,20471563,2a84ec06,1342
147,0,2,1,6,3,51,TRAINING,3,6,0,7,20174563,2ae48c06,1411
147,0,2,1,6,3,52,TRAINING,2,2,1,6,60174523,0ae48c26,1361
147,0,2,1,6,3,53,TRAINING,4,8,1,4,06174523,a0e48c26,1344
147,0,2,1,6,3,54,TRAINING,5,12,1,2,06574123,a0c48e26,1361
147,0,2,1,6,3,55,TRAINING,1,14,0,5,36574120,60c48e2a,1776
147,0,2,1,6,3,56,TRAINING,0,10,1,3,36504127,60ca8e24,3297
147,0,2,1,6,3,57,TRAINING,2,2,1,6,56304127,c06a8e24,2922
147,0,2,1,6,3,58,TRAINING,0,10,1,3,56304721,c06a842e,1768
147,0,2,1,6,3,59,TRAINING,2,2,1,6,56301724,c06ae428,1247
147,0,2,1,6,3,60,TRAINING,3,6,0,2,16305724,e06ac428,6126
147,0,2,1,6,3,61,TRAINING,1,14,0,5,76305124,406ace28,3329
147,0,2,1,6,3,62,TRAINING,0,10,1,7,76345120,4068ce2a,2353
147,0,2,1,6,3,63,TRAINING,1,14,0,5,67345120,0468ce2a,2565
147,0,2,1,6,3,64,TRAINING,1,14,0,5,67354120,046c8e2a,2298
147,0,2,1,6,3,65,TEST,2,2,1,0,false,3373
147,0,2,1,6,3,66,TEST,0,10,1,1,true,2878
147,0,2,1,6,3,67,TEST,7,4,0,0,true,1475
147,0,2,1,6,3,68,TEST,6,0,0,0,true,956
147,0,2,1,6,3,69,TEST,4,8,1,1,true,1687
147,0,2,1,6,3,70,TEST,1,14,0,0,true,1509
147,0,2,1,6,3,71,TEST,3,6,0,0,true,5526
147,0,2,1,6,3,72,TEST,5,12,1,1,true,1511
147,0,2,1,6,4,73,TRAINING,1,14,0,7,20546731,2ac8046e,5494
147,0,2,1,6,4,74,TRAINING,3,6,0,6,25046731,2ca8046e,1325
147,0,2,1,6,4,75,TRAINING,2,2,1,0,26045731,20a8c46e,1606
147,0,2,1,6,4,76,TRAINING,6,0,0,1,26047531,20a84c6e,1168
147,0,2,1,6,4,77,TRAINING,1,14,0,7,26407531,208a4c6e,1637
147,0,2,1,6,4,78,TRAINING,5,12,1,5,26307541,206a4c8e,1263
147,0,2,1,6,4,79,TRAINING,0,10,1,4,26370541,2064ac8e,1377
147,0,2,1,6,4,80,TRAINING,4,8,1,1,24370561,2864ac0e,1068
147,0,2,1,6,4,81,TRAINING,5,12,1,5,24730561,2846ac0e,1068
147,0,2,1,6,4,82,TRAINING,1,14,0,6,24730516,2846ace0,989
147,0,2,1,6,4,83,TRAINING,6,0,0,7,23740516,2648ace0,1150
147,0,2,1,6,4,84,TRAINING,7,4,0,2,23750416,264ca8e0,1311
147,0,2,1,6,4,85,TRAINING,3,6,0,1,53720416,c642a8e0,1150
147,0,2,1,6,4,86,TRAINING,2,2,1,3,53720146,c642ae80,1038
147,0,2,1,6,4,87,TRAINING,4,8,1,6,53027146,c6a24e80,1362
147,0,2,1,6,4,88,TRAINING,1,14,0,1,51027346,cea24680,1085
147,0,2,1,6,4,89,TEST,7,4,0,0,true,2019
147,0,2,1,6,4,90,TEST,4,8,1,1,true,1120
147,0,2,1,6,4,91,TEST,3,6,0,0,true,2762
147,0,2,1,6,4,92,TEST,2,2,1,1,true,1200
147,0,2,1,6,4,93,TEST,0,10,1,1,true,2160
147,0,2,1,6,4,94,TEST,6,0,0,0,true,1249
147,0,2,1,6,4,95,TEST,5,12,1,1,true,1119
147,0,2,1,6,4,96,TEST,1,14,0,0,true,938
147,0,2,1,6,5,97,TRAINING,1,14,0,7,70625431,4a02c86e,3026
147,0,2,1,6,5,98,TRAINING,4,8,1,3,70645231,4a08c26e,1263
147,0,2,1,6,5,99,TRAINING,2,2,1,5,75640231,4c08a26e,1683
147,0,2,1,6,5,100,TRAINING,3,6,0,0,35640271,6c08a24e,2117
147,0,2,1,6,5,101,TRAINING,2,2,1,5,35647201,6c0842ae,1280
147,0,2,1,6,5,102,TRAINING,4,8,1,3,35640271,6c08a24e,985
147,0,2,1,6,5,103,TRAINING,1,14,0,0,15640273,ec08a246,1481
147,0,2,1,6,5,104,TRAINING,2,2,1,5,10645273,ea08c246,2001
147,0,2,1,6,5,105,TRAINING,7,4,0,6,10643275,ea08624c,1161
147,0,2,1,6,5,106,TRAINING,0,10,1,1,10543276,eac86240,1018
147,0,2,1,6,5,107,TRAINING,5,12,1,0,50143276,cae86240,1199
147,0,2,1,6,5,108,TRAINING,1,14,0,2,50163274,cae06248,1101
147,0,2,1,6,5,109,TRAINING,2,2,1,4,50162374,cae02648,1573
147,0,2,1,6,5,110,TRAINING,3,6,0,5,56102374,c0ea2648,1508
147,0,2,1,6,5,111,TRAINING,7,4,0,6,50162374,cae02648,1248
147,0,2,1,6,5,112,TRAINING,4,8,1,7,10562374,eac02648,1141
147,0,2,1,6,5,113,TEST,3,6,0,0,true,8865
147,0,2,1,6,5,114,TEST,4,8,1,1,true,1393
147,0,2,1,6,5,115,TEST,7,4,0,0,true,1178
147,0,2,1,6,5,116,TEST,0,10,1,1,true,2988
147,0,2,1,6,5,117,TEST,5,12,1,1,true,946
147,0,2,1,6,5,118,TEST,2,2,1,1,true,4172
147,0,2,1,6,5,119,TEST,6,0,0,0,true,1363
147,0,2,1,6,5,120,TEST,1,14,0,0,true,3331
147,0,2,1,6,INSTRUCT,postquestionnaire,1

rulestrategy:The purples were all A except for the plain dotted surface. The blues were all B except for the dotted surface with the line. Whew!
howtoimprove:No, it was just the right amount of challenging. Did I mention it was fun too?
engagement:10
difficulty:7
physicalaids:no