148,0,5,2,4,INSTRUCT,instruct1,35590
148,0,5,2,4,INSTRUCT,instructCatExample,22789
148,0,5,2,4,INSTRUCT,instructCatColor,8088
148,0,5,2,4,INSTRUCT,instructCatStripe,9537
148,0,5,2,4,INSTRUCT,instructDemoIntro,27572
148,0,5,2,4,INSTRUCT,instructDemo,71592
148,0,5,2,4,INSTRUCT,instructTest,34025
148,0,5,2,4,INSTRUCT,instructTest2,47918
148,0,5,2,4,INSTRUCT,instructDimColor,50544
148,0,5,2,4,INSTRUCT,instructDimBorder,3466
148,0,5,2,4,INSTRUCT,instructDimDots,4259
148,0,5,2,4,INSTRUCT,instructDimStripe,3757
148,0,5,2,4,INSTRUCT,instructDimAll,7317
148,0,5,2,4,INSTRUCT,instructFinal,41768
148,0,5,2,4,1,1,TRAINING,4,0,0,0,46015723,018c459d,6391
148,0,5,2,4,1,2,TRAINING,6,1,1,1,46715023,015c489d,1384
148,0,5,2,4,1,3,TRAINING,5,4,1,4,46705123,01584c9d,2114
148,0,5,2,4,1,4,TRAINING,1,12,0,0,16705423,c158409d,1352
148,0,5,2,4,1,5,TRAINING,5,4,1,4,16735420,c15d4098,1100
148,0,5,2,4,1,6,TRAINING,2,9,0,6,13765420,cd514098,1531
148,0,5,2,4,1,7,TRAINING,0,8,1,7,17365420,c5d14098,2281
148,0,5,2,4,1,8,TRAINING,7,5,0,1,37165420,d5c14098,2690
148,0,5,2,4,1,9,TRAINING,6,1,1,3,37465120,d5014c98,5215
148,0,5,2,4,1,10,TRAINING,3,13,1,0,37564120,d5410c98,1613
148,0,5,2,4,1,11,TRAINING,1,12,0,4,37561420,d541c098,1332
148,0,5,2,4,1,12,TRAINING,4,0,0,1,34561720,d041c598,2330
148,0,5,2,4,1,13,TRAINING,5,4,1,0,54361720,40d1c598,2912
148,0,5,2,4,1,14,TRAINING,6,1,1,7,54301726,40d8c591,3717
148,0,5,2,4,1,15,TRAINING,7,5,0,5,51304726,4cd80591,1879
148,0,5,2,4,1,16,TRAINING,2,9,0,6,31504726,dc480591,2931
148,0,5,2,4,1,17,TEST,3,13,1,1,true,1792
148,0,5,2,4,1,18,TEST,5,4,1,0,false,1841
148,0,5,2,4,1,19,TEST,4,0,0,0,true,2397
148,0,5,2,4,1,20,TEST,2,9,0,0,true,1469
148,0,5,2,4,1,21,TEST,0,8,1,1,true,821
148,0,5,2,4,1,22,TEST,6,1,1,1,true,2383
148,0,5,2,4,1,23,TEST,7,5,0,0,true,737
148,0,5,2,4,1,24,TEST,1,12,0,0,true,785
148,0,5,2,4,2,25,TRAINING,3,13,1,0,37012465,d58c9014,1250
148,0,5,2,4,2,26,TRAINING,7,5,0,1,37014265,d58c0914,1470
148,0,5,2,4,2,27,TRAINING,0,8,1,2,37012465,d58c9014,1732
148,0,5,2,4,2,28,TRAINING,1,12,0,5,37042165,d5809c14,1294
148,0,5,2,4,2,29,TRAINING,2,9,0,4,47032165,058d9c14,1817
148,0,5,2,4,2,30,TRAINING,6,1,1,1,46032175,018d9c54,1832
148,0,5,2,4,2,31,TRAINING,5,4,1,2,46532170,014d9c58,1095
148,0,5,2,4,2,32,TRAINING,4,0,0,7,06532174,814d9c50,1350
148,0,5,2,4,2,33,TRAINING,7,5,0,6,06512374,814c9d50,1041
148,0,5,2,4,2,34,TRAINING,6,1,1,5,03512674,8d4c9150,1197
148,0,5,2,4,2,35,TRAINING,2,9,0,4,43512670,0d4c9158,1604
148,0,5,2,4,2,36,TRAINING,3,13,1,6,47512630,054c91d8,1107
148,0,5,2,4,2,37,TRAINING,0,8,1,7,41572630,0c4591d8,928
148,0,5,2,4,2,38,TRAINING,1,12,0,1,41527630,0c4951d8,976
148,0,5,2,4,2,39,TRAINING,4,0,0,0,41257630,0c9451d8,970
148,0,5,2,4,2,40,TRAINING,7,5,0,4,41237650,0c9d5148,1081
148,0,5,2,4,2,41,TEST,6,1,1,0,false,2367
148,0,5,2,4,2,42,TEST,1,12,0,0,true,1714
148,0,5,2,4,2,43,TEST,5,4,1,1,true,841
148,0,5,2,4,2,44,TEST,4,0,0,1,false,941
148,0,5,2,4,2,45,TEST,3,13,1,0,false,584
148,0,5,2,4,2,46,TEST,7,5,0,1,false,652
148,0,5,2,4,2,47,TEST,0,8,1,0,false,420
148,0,5,2,4,2,48,TEST,2,9,0,1,false,560
148,0,5,2,4,3,49,TRAINING,0,8,1,0,06457321,81045d9c,4153
148,0,5,2,4,3,50,TRAINING,6,1,1,1,06453721,8104d59c,2206
148,0,5,2,4,3,51,TRAINING,4,0,0,2,06435721,810d459c,4481
148,0,5,2,4,3,52,TRAINING,3,13,1,4,06453721,8104d59c,6650
148,0,5,2,4,3,53,TRAINING,2,9,0,0,26453701,9104d58c,1858
148,0,5,2,4,3,54,TRAINING,3,13,1,4,20453761,9804d51c,4342
148,0,5,2,4,3,55,TRAINING,1,12,0,2,20153764,98c4d510,1671
148,0,5,2,4,3,56,TRAINING,5,4,1,3,02153764,89c4d510,1362
148,0,5,2,4,3,57,TRAINING,7,5,0,6,02153674,89c4d150,6919
148,0,5,2,4,3,58,TRAINING,6,1,1,5,04153672,80c4d159,9474
148,0,5,2,4,3,59,TRAINING,3,13,1,4,04513672,804cd159,5091
148,0,5,2,4,3,60,TRAINING,6,1,1,5,04523671,8049d15c,1386
148,0,5,2,4,3,61,TRAINING,4,0,0,1,04573621,8045d19c,1491
148,0,5,2,4,3,62,TRAINING,5,4,1,2,04573612,8045d1c9,981
148,0,5,2,4,3,63,TRAINING,1,12,0,6,04573216,8045d9c1,973
148,0,5,2,4,3,64,TRAINING,0,8,1,0,04523716,8049d5c1,1264
148,0,5,2,4,3,65,TEST,3,13,1,0,false,2019
148,0,5,2,4,3,66,TEST,6,1,1,1,true,2344
148,0,5,2,4,3,67,TEST,4,0,0,0,true,1041
148,0,5,2,4,3,68,TEST,5,4,1,1,true,1933
148,0,5,2,4,3,69,TEST,0,8,1,0,false,1066
148,0,5,2,4,3,70,TEST,7,5,0,0,true,815
148,0,5,2,4,3,71,TEST,2,9,0,0,true,965
148,0,5,2,4,3,72,TEST,1,12,0,1,false,539
148,0,5,2,4,4,73,TRAINING,5,4,1,0,56047213,418059cd,3693
148,0,5,2,4,4,74,TRAINING,1,12,0,4,56041273,4180c95d,1200
148,0,5,2,4,4,75,TRAINING,3,13,1,6,56041237,4180c9d5,1378
148,0,5,2,4,4,76,TRAINING,7,5,0,7,52041637,4980c1d5,1203
148,0,5,2,4,4,77,TRAINING,1,12,0,1,51042637,4c8091d5,15091
148,0,5,2,4,4,78,TRAINING,7,5,0,7,41052637,0c8491d5,1039
148,0,5,2,4,4,79,TRAINING,3,13,1,6,41056237,0c8419d5,6124
148,0,5,2,4,4,80,TRAINING,5,4,1,3,41052637,0c8491d5,1007
148,0,5,2,4,4,81,TRAINING,6,1,1,5,41250637,0c9481d5,9255
148,0,5,2,4,4,82,TRAINING,0,8,1,0,01254637,8c9401d5,1713
148,0,5,2,4,4,83,TRAINING,4,0,0,4,01754632,8c5401d9,4671
148,0,5,2,4,4,84,TRAINING,7,5,0,2,05714632,845c01d9,2288
148,0,5,2,4,4,85,TRAINING,6,1,1,1,06714532,815c04d9,923
148,0,5,2,4,4,86,TRAINING,6,1,1,1,06741532,8150c4d9,5580
148,0,5,2,4,4,87,TRAINING,2,9,0,6,06741523,8150c49d,1701
148,0,5,2,4,4,88,TRAINING,3,13,1,7,76041523,5180c49d,2829
148,0,5,2,4,4,89,TEST,2,9,0,0,true,937
148,0,5,2,4,4,90,TEST,1,12,0,1,false,542
148,0,5,2,4,4,91,TEST,4,0,0,0,true,471
148,0,5,2,4,4,92,TEST,7,5,0,1,false,444
148,0,5,2,4,4,93,TEST,6,1,1,0,false,523
148,0,5,2,4,4,94,TEST,0,8,1,0,false,1550
148,0,5,2,4,4,95,TEST,5,4,1,1,true,569
148,0,5,2,4,4,96,TEST,3,13,1,0,false,506
148,0,5,2,4,5,97,TRAINING,7,5,0,4,10457326,c8045d91,14550
148,0,5,2,4,5,98,TRAINING,5,4,1,3,40157326,08c45d91,11517
148,0,5,2,4,5,99,TRAINING,3,13,1,7,40157623,08c4519d,1733
148,0,5,2,4,5,100,TRAINING,1,12,0,2,40157263,08c4591d,1359
148,0,5,2,4,5,101,TRAINING,6,1,1,6,47150263,05c4891d,8409
148,0,5,2,4,5,102,TRAINING,0,8,1,4,45170263,04c5891d,1145
148,0,5,2,4,5,103,TRAINING,6,1,1,6,45130267,04cd8915,2168
148,0,5,2,4,5,104,TRAINING,0,8,1,4,25130467,94cd8015,1452
148,0,5,2,4,5,105,TRAINING,7,5,0,7,25310467,94dc8015,5870
148,0,5,2,4,5,106,TRAINING,1,12,0,3,25410367,940c8d15,1146
148,0,5,2,4,5,107,TRAINING,3,13,1,6,25410637,940c81d5,8084
148,0,5,2,4,5,108,TRAINING,5,4,1,1,05412637,840c91d5,1048
148,0,5,2,4,5,109,TRAINING,6,1,1,5,05142637,84c091d5,3831
148,0,5,2,4,5,110,TRAINING,0,8,1,0,05147632,84c051d9,2231
148,0,5,2,4,5,111,TRAINING,6,1,1,5,02147635,89c051d4,3621
148,0,5,2,4,5,112,TRAINING,7,5,0,4,01247635,8c9051d4,2820
148,0,5,2,4,5,113,TEST,4,0,0,0,true,4635
148,0,5,2,4,5,114,TEST,6,1,1,1,true,4063
148,0,5,2,4,5,115,TEST,1,12,0,0,true,6504
148,0,5,2,4,5,116,TEST,7,5,0,0,true,1405
148,0,5,2,4,5,117,TEST,5,4,1,1,true,538
148,0,5,2,4,5,118,TEST,2,9,0,0,true,1613
148,0,5,2,4,5,119,TEST,0,8,1,1,true,2030
148,0,5,2,4,5,120,TEST,3,13,1,1,true,976
148,0,5,2,4,6,121,TRAINING,7,5,0,1,27350614,95d481c0,2680
148,0,5,2,4,6,122,TRAINING,6,1,1,5,57320614,45d981c0,9534
148,0,5,2,4,6,123,TRAINING,0,8,1,7,57324610,45d901c8,6767
148,0,5,2,4,6,124,TRAINING,0,8,1,7,75324610,54d901c8,16096
148,0,5,2,4,6,125,TRAINING,4,0,0,4,71324650,5cd90148,3944
148,0,5,2,4,6,126,TRAINING,2,9,0,3,31724650,dc590148,4337
148,0,5,2,4,6,127,TRAINING,3,13,1,0,36724150,d1590c48,6295
148,0,5,2,4,6,128,TRAINING,5,4,1,6,36024157,d1890c45,3037
148,0,5,2,4,6,129,TRAINING,1,12,0,5,36074152,d1850c49,1977
148,0,5,2,4,6,130,TRAINING,7,5,0,3,36072154,d1859c40,1921
148,0,5,2,4,6,131,TRAINING,4,0,0,7,35072164,d4859c10,11919
148,0,5,2,4,6,132,TRAINING,0,8,1,2,31072564,dc859410,2340
148,0,5,2,4,6,133,TRAINING,2,9,0,5,31075264,dc854910,5281
148,0,5,2,4,6,134,TRAINING,4,0,0,1,34075261,d085491c,6062
148,0,5,2,4,6,135,TRAINING,1,12,0,7,34570261,d045891c,10704
148,0,5,2,4,6,136,TRAINING,3,13,1,0,34270561,d095841c,7827
148,0,5,2,4,6,137,TEST,1,12,0,1,false,7684
148,0,5,2,4,6,138,TEST,3,13,1,1,true,9264
148,0,5,2,4,6,139,TEST,5,4,1,0,false,5684
148,0,5,2,4,6,140,TEST,6,1,1,1,true,2686
148,0,5,2,4,6,141,TEST,0,8,1,1,true,6467
148,0,5,2,4,6,142,TEST,4,0,0,0,true,932
148,0,5,2,4,6,143,TEST,7,5,0,0,true,1863
148,0,5,2,4,6,144,TEST,2,9,0,0,true,4784
148,0,5,2,4,7,145,TRAINING,7,5,0,6,23605471,9d18405c,2321
148,0,5,2,4,7,146,TRAINING,3,13,1,1,13605472,cd184059,4154
148,0,5,2,4,7,147,TRAINING,1,12,0,2,63105472,1dc84059,1625
148,0,5,2,4,7,148,TRAINING,5,4,1,4,63125470,1dc94058,1178
148,0,5,2,4,7,149,TRAINING,6,1,1,0,62135470,19cd4058,2960
148,0,5,2,4,7,150,TRAINING,4,0,0,2,62435170,190d4c58,2656
148,0,5,2,4,7,151,TRAINING,2,9,0,1,62415370,190c4d58,964
148,0,5,2,4,7,152,TRAINING,0,8,1,7,62475310,19054dc8,4209
148,0,5,2,4,7,153,TRAINING,7,5,0,3,62473510,1905d4c8,2802
148,0,5,2,4,7,154,TRAINING,5,4,1,6,62473150,1905dc48,3908
148,0,5,2,4,7,155,TRAINING,1,12,0,1,61473250,1c05d948,1737
148,0,5,2,4,7,156,TRAINING,3,13,1,4,61423750,1c09d548,1653
148,0,5,2,4,7,157,TRAINING,6,1,1,0,61473250,1c05d948,1887
148,0,5,2,4,7,158,TRAINING,4,0,0,2,67413250,150cd948,2793
148,0,5,2,4,7,159,TRAINING,0,8,1,7,67431250,150dc948,1036
148,0,5,2,4,7,160,TRAINING,2,9,0,0,27431650,950dc148,8054
148,0,5,2,4,7,161,TEST,6,1,1,1,true,2662
148,0,5,2,4,7,162,TEST,1,12,0,0,true,4545
148,0,5,2,4,7,163,TEST,5,4,1,1,true,4537
148,0,5,2,4,7,164,TEST,0,8,1,1,true,5930
148,0,5,2,4,7,165,TEST,3,13,1,1,true,4007
148,0,5,2,4,7,166,TEST,7,5,0,0,true,2309
148,0,5,2,4,7,167,TEST,4,0,0,0,true,4903
148,0,5,2,4,7,168,TEST,2,9,0,0,true,4422
148,0,5,2,4,8,169,TRAINING,7,5,0,0,71230456,5c9d8041,3309
148,0,5,2,4,8,170,TRAINING,1,12,0,1,71230465,5c9d8014,4912
148,0,5,2,4,8,171,TRAINING,3,13,1,6,71260435,5c9180d4,3163
148,0,5,2,4,8,172,TRAINING,5,4,1,7,71620435,5c1980d4,1435
148,0,5,2,4,8,173,TRAINING,6,1,1,2,21670435,9c1580d4,1676
148,0,5,2,4,8,174,TRAINING,0,8,1,4,21630475,9c1d8054,4230
148,0,5,2,4,8,175,TRAINING,4,0,0,5,23610475,9d1c8054,1185
148,0,5,2,4,8,176,TRAINING,2,9,0,2,63210475,1d9c8054,1607
148,0,5,2,4,8,177,TRAINING,7,5,0,1,67210435,159c80d4,2225
148,0,5,2,4,8,178,TRAINING,5,4,1,3,67250431,159480dc,2086
148,0,5,2,4,8,179,TRAINING,1,12,0,4,67251430,1594c0d8,3824
148,0,5,2,4,8,180,TRAINING,3,13,1,6,47251630,0594c1d8,2176
148,0,5,2,4,8,181,TRAINING,2,9,0,2,47201635,0598c1d4,4271
148,0,5,2,4,8,182,TRAINING,4,0,0,4,17204635,c59801d4,1124
148,0,5,2,4,8,183,TRAINING,0,8,1,6,17234605,c59d0184,2591
148,0,5,2,4,8,184,TRAINING,7,5,0,1,57234601,459d018c,1009
148,0,5,2,4,8,185,TEST,3,13,1,1,true,5771
148,0,5,2,4,8,186,TEST,4,0,0,0,true,3573
148,0,5,2,4,8,187,TEST,0,8,1,1,true,4120
148,0,5,2,4,8,188,TEST,2,9,0,0,true,6083
148,0,5,2,4,8,189,TEST,6,1,1,1,true,2559
148,0,5,2,4,8,190,TEST,7,5,0,0,true,1249
148,0,5,2,4,8,191,TEST,5,4,1,1,true,2291
148,0,5,2,4,8,192,TEST,1,12,0,0,true,1256
148,0,5,2,4,INSTRUCT,postquestionnaire,2

rulestrategy:I memorized the pattern.First I divided the boxes into striped and non striped. Then I learned that you could pick one box, and if the square and border color were exactly opposite they would be in the same group.  If the box only has one different characteristic then it is in a different group.
howtoimprove:No it worked perfectly for me. Thank you for allowing me to participate.
engagement:10
difficulty:8
physicalaids:no