149,1,2,9,2,INSTRUCT,instruct1,12080
149,1,2,9,2,INSTRUCT,instructCatExample,9786
149,1,2,9,2,INSTRUCT,instructCatColor,6896
149,1,2,9,2,INSTRUCT,instructCatStripe,14130
149,1,2,9,2,INSTRUCT,instructDemoIntro,27093
149,1,2,9,2,INSTRUCT,instructDemo,68304
149,1,2,9,2,INSTRUCT,instructTest,38703
149,1,2,9,2,INSTRUCT,instructTest2,35897
149,1,2,9,2,INSTRUCT,instructDimColor,14444
149,1,2,9,2,INSTRUCT,instructDimBorder,6096
149,1,2,9,2,INSTRUCT,instructDimDots,3258
149,1,2,9,2,INSTRUCT,instructDimStripe,5085
149,1,2,9,2,INSTRUCT,instructDimAll,4502
149,1,2,9,2,INSTRUCT,instructFinal,40318
149,1,2,9,2,1,1,TRAINING,5,14,1,6,63047251,428c60ea,1803
149,1,2,9,2,1,2,TRAINING,7,6,0,4,63047152,428c6ae0,1537
149,1,2,9,2,1,3,TRAINING,1,10,0,5,03647152,824c6ae0,1425
149,1,2,9,2,1,4,TRAINING,0,8,1,1,30647152,284c6ae0,1817
149,1,2,9,2,1,5,TRAINING,2,0,1,7,30674152,2846cae0,1481
149,1,2,9,2,1,6,TRAINING,4,12,1,4,70634152,6842cae0,1553
149,1,2,9,2,1,7,TRAINING,7,6,0,0,70364152,6824cae0,1664
149,1,2,9,2,1,8,TRAINING,0,8,1,1,70354162,682eca40,1514
149,1,2,9,2,1,9,TRAINING,6,4,0,6,70314562,682ace40,1642
149,1,2,9,2,1,10,TRAINING,1,10,0,3,70214563,680ace42,2144
149,1,2,9,2,1,11,TRAINING,3,2,0,7,70514263,68eac042,1999
149,1,2,9,2,1,12,TRAINING,2,0,1,5,07514263,86eac042,1653
149,1,2,9,2,1,13,TRAINING,5,14,1,2,67514203,46eac082,2408
149,1,2,9,2,1,14,TRAINING,6,4,0,0,67513204,46ea208c,5552
149,1,2,9,2,1,15,TRAINING,3,2,0,7,67514203,46eac082,1496
149,1,2,9,2,1,16,TRAINING,4,12,1,4,62514703,40eac682,2441
149,1,2,9,2,1,17,TEST,5,14,1,0,false,6638
149,1,2,9,2,1,18,TEST,4,12,1,1,true,888
149,1,2,9,2,1,19,TEST,1,10,0,0,true,1072
149,1,2,9,2,1,20,TEST,2,0,1,1,true,1153
149,1,2,9,2,1,21,TEST,6,4,0,1,false,2976
149,1,2,9,2,1,22,TEST,0,8,1,1,true,659
149,1,2,9,2,1,23,TEST,3,2,0,0,true,611
149,1,2,9,2,1,24,TEST,7,6,0,0,true,985
149,1,2,9,2,2,25,TRAINING,0,8,1,2,21053647,0a8e24c6,2842
149,1,2,9,2,2,26,TRAINING,6,4,0,5,27053641,068e24ca,1625
149,1,2,9,2,2,27,TRAINING,5,14,1,1,25073641,0e8624ca,1777
149,1,2,9,2,2,28,TRAINING,0,8,1,2,15073642,ae8624c0,1497
149,1,2,9,2,2,29,TRAINING,2,0,1,7,15073462,ae862c40,1569
149,1,2,9,2,2,30,TRAINING,5,14,1,1,75013462,6e8a2c40,1997
149,1,2,9,2,2,31,TRAINING,7,6,0,0,75310462,6e2a8c40,2125
149,1,2,9,2,2,32,TRAINING,1,10,0,3,75013462,6e8a2c40,4491
149,1,2,9,2,2,33,TRAINING,3,2,0,4,74013562,6c8a2e40,3004
149,1,2,9,2,2,34,TRAINING,6,4,0,0,64013572,4c8a2e60,1932
149,1,2,9,2,2,35,TRAINING,3,2,0,4,64713502,4c6a2e80,2083
149,1,2,9,2,2,36,TRAINING,7,6,0,3,64173502,4ca62e80,2040
149,1,2,9,2,2,37,TRAINING,2,0,1,6,64173520,4ca62e08,1432
149,1,2,9,2,2,38,TRAINING,1,10,0,2,46173520,c4a62e08,2361
149,1,2,9,2,2,39,TRAINING,4,12,1,0,46137520,c4a26e08,1681
149,1,2,9,2,2,40,TRAINING,4,12,1,0,46130527,c4a28e06,1749
149,1,2,9,2,2,41,TEST,0,8,1,1,true,2449
149,1,2,9,2,2,42,TEST,1,10,0,0,true,864
149,1,2,9,2,2,43,TEST,5,14,1,0,false,1902
149,1,2,9,2,2,44,TEST,4,12,1,1,true,1739
149,1,2,9,2,2,45,TEST,7,6,0,0,true,653
149,1,2,9,2,2,46,TEST,6,4,0,0,true,2145
149,1,2,9,2,2,47,TEST,2,0,1,1,true,530
149,1,2,9,2,2,48,TEST,3,2,0,0,true,578
149,1,2,9,2,3,49,TRAINING,3,2,0,6,12567034,a0e4682c,1921
149,1,2,9,2,3,50,TRAINING,6,4,0,3,12560734,a0e4862c,3256
149,1,2,9,2,3,51,TRAINING,1,10,0,0,15260734,ae04862c,2489
149,1,2,9,2,3,52,TRAINING,5,14,1,1,15260437,ae048c26,3378
149,1,2,9,2,3,53,TRAINING,5,14,1,1,15260473,ae048c62,1833
149,1,2,9,2,3,54,TRAINING,0,8,1,4,15360472,ae248c60,2913
149,1,2,9,2,3,55,TRAINING,6,4,0,3,25360471,0e248c6a,2897
149,1,2,9,2,3,56,TRAINING,3,2,0,2,45360271,ce24806a,2145
149,1,2,9,2,3,57,TRAINING,4,12,1,0,45360172,ce248a60,2849
149,1,2,9,2,3,58,TRAINING,7,6,0,6,41360572,ca248e60,2777
149,1,2,9,2,3,59,TRAINING,2,0,1,7,45360172,ce248a60,1729
149,1,2,9,2,3,60,TRAINING,7,6,0,6,45160372,cea48260,2452
149,1,2,9,2,3,61,TRAINING,2,0,1,7,41560372,cae48260,1601
149,1,2,9,2,3,62,TRAINING,4,12,1,0,41530672,cae28460,2262
149,1,2,9,2,3,63,TRAINING,0,8,1,4,43510672,c2ea8460,1446
149,1,2,9,2,3,64,TRAINING,1,10,0,3,43510627,c2ea8406,1546
149,1,2,9,2,3,65,TEST,4,12,1,1,true,2462
149,1,2,9,2,3,66,TEST,2,0,1,1,true,1028
149,1,2,9,2,3,67,TEST,7,6,0,0,true,1308
149,1,2,9,2,3,68,TEST,6,4,0,1,false,978
149,1,2,9,2,3,69,TEST,5,14,1,0,false,2570
149,1,2,9,2,3,70,TEST,3,2,0,0,true,1403
149,1,2,9,2,3,71,TEST,0,8,1,1,true,1513
149,1,2,9,2,3,72,TEST,1,10,0,0,true,913
149,1,2,9,2,4,73,TRAINING,1,10,0,0,16725340,a460e2c8,3019
149,1,2,9,2,4,74,TRAINING,7,6,0,2,16725430,a460ec28,2584
149,1,2,9,2,4,75,TRAINING,0,8,1,7,13725460,a260ec48,1697
149,1,2,9,2,4,76,TRAINING,3,2,0,1,63725410,4260eca8,2385
149,1,2,9,2,4,77,TRAINING,7,6,0,2,63715420,426aec08,2009
149,1,2,9,2,4,78,TRAINING,4,12,1,6,63715240,426ae0c8,3089
149,1,2,9,2,4,79,TRAINING,5,14,1,5,63712540,426a0ec8,2008
149,1,2,9,2,4,80,TRAINING,0,8,1,7,61732540,4a620ec8,2280
149,1,2,9,2,4,81,TRAINING,2,0,1,4,61742530,4a6c0e28,1689
149,1,2,9,2,4,82,TRAINING,1,10,0,0,16742530,a46c0e28,2531
149,1,2,9,2,4,83,TRAINING,4,12,1,3,16742035,a46c082e,1737
149,1,2,9,2,4,84,TRAINING,2,0,1,4,16742305,a46c028e,1945
149,1,2,9,2,4,85,TRAINING,3,2,0,5,15742306,ae6c0284,2049
149,1,2,9,2,4,86,TRAINING,6,4,0,7,15472306,aec60284,1657
149,1,2,9,2,4,87,TRAINING,6,4,0,7,45172306,cea60284,1673
149,1,2,9,2,4,88,TRAINING,5,14,1,1,35172406,2ea60c84,1573
149,1,2,9,2,4,89,TEST,2,0,1,1,true,1629
149,1,2,9,2,4,90,TEST,0,8,1,1,true,1370
149,1,2,9,2,4,91,TEST,3,2,0,0,true,9536
149,1,2,9,2,4,92,TEST,6,4,0,0,true,4040
149,1,2,9,2,4,93,TEST,1,10,0,0,true,1082
149,1,2,9,2,4,94,TEST,7,6,0,0,true,1680
149,1,2,9,2,4,95,TEST,4,12,1,1,true,632
149,1,2,9,2,4,96,TEST,5,14,1,1,true,938
149,1,2,9,2,5,97,TRAINING,6,4,0,0,62031745,4082a6ce,2431
149,1,2,9,2,5,98,TRAINING,4,12,1,1,64031725,4c82a60e,5016
149,1,2,9,2,5,99,TRAINING,0,8,1,2,64031752,4c82a6e0,1816
149,1,2,9,2,5,100,TRAINING,3,2,0,3,64031257,4c82a0e6,1872
149,1,2,9,2,5,101,TRAINING,2,0,1,7,64031752,4c82a6e0,1850
149,1,2,9,2,5,102,TRAINING,1,10,0,4,54031762,ec82a640,2255
149,1,2,9,2,5,103,TRAINING,3,2,0,3,56031742,e482a6c0,1953
149,1,2,9,2,5,104,TRAINING,2,0,1,7,56731042,e462a8c0,1929
149,1,2,9,2,5,105,TRAINING,0,8,1,4,56730142,e4628ac0,1696
149,1,2,9,2,5,106,TRAINING,7,6,0,2,54730162,ec628a40,3809
149,1,2,9,2,5,107,TRAINING,1,10,0,5,34750162,2c6e8a40,4466
149,1,2,9,2,5,108,TRAINING,6,4,0,6,32750164,206e8a4c,1873
149,1,2,9,2,5,109,TRAINING,7,6,0,2,32740165,206c8a4e,2442
149,1,2,9,2,5,110,TRAINING,4,12,1,3,30742165,286c0a4e,1649
149,1,2,9,2,5,111,TRAINING,5,14,1,7,60742135,486c0a2e,1290
149,1,2,9,2,5,112,TRAINING,5,14,1,7,20746135,086c4a2e,1873
149,1,2,9,2,5,113,TEST,0,8,1,1,true,2006
149,1,2,9,2,5,114,TEST,1,10,0,0,true,753
149,1,2,9,2,5,115,TEST,2,0,1,1,true,858
149,1,2,9,2,5,116,TEST,3,2,0,0,true,4711
149,1,2,9,2,5,117,TEST,4,12,1,1,true,3510
149,1,2,9,2,5,118,TEST,5,14,1,1,true,640
149,1,2,9,2,5,119,TEST,7,6,0,0,true,2714
149,1,2,9,2,5,120,TEST,6,4,0,0,true,505
149,1,2,9,2,INSTRUCT,postquestionnaire,2

rulestrategy:i did not use anything to help me in the task
howtoimprove:nope
engagement:10
difficulty:8
physicalaids:no