150,1,4,14,9,INSTRUCT,instruct1,11601
150,1,4,14,9,INSTRUCT,instructCatExample,11346
150,1,4,14,9,INSTRUCT,instructCatColor,2760
150,1,4,14,9,INSTRUCT,instructCatStripe,4670
150,1,4,14,9,INSTRUCT,instructDemoIntro,13385
150,1,4,14,9,INSTRUCT,instructDemo,92317
150,1,4,14,9,INSTRUCT,instructTest,22537
150,1,4,14,9,INSTRUCT,instructTest2,15774
150,1,4,14,9,INSTRUCT,instructDimColor,14420
150,1,4,14,9,INSTRUCT,instructDimBorder,2336
150,1,4,14,9,INSTRUCT,instructDimDots,4624
150,1,4,14,9,INSTRUCT,instructDimStripe,2980
150,1,4,14,9,INSTRUCT,instructDimAll,3843
150,1,4,14,9,INSTRUCT,instructFinal,8213
150,1,4,14,9,1,1,TRAINING,1,1,0,6,65342017,f93d751b,6823
150,1,4,14,9,1,2,TRAINING,4,13,1,3,75342016,b93d751f,2189
150,1,4,14,9,1,3,TRAINING,2,7,1,4,35742016,39bd751f,1809
150,1,4,14,9,1,4,TRAINING,3,3,0,6,15742036,19bd753f,1869
150,1,4,14,9,1,5,TRAINING,2,7,1,4,15702436,19b57d3f,1953
150,1,4,14,9,1,6,TRAINING,5,9,0,1,75102436,b9157d3f,1834
150,1,4,14,9,1,7,TRAINING,6,15,0,7,15702436,19b57d3f,1646
150,1,4,14,9,1,8,TRAINING,7,11,1,6,15302476,19357dbf,3608
150,1,4,14,9,1,9,TRAINING,3,3,0,1,13502476,13957dbf,2132
150,1,4,14,9,1,10,TRAINING,6,15,0,5,13502674,13957fbd,1715
150,1,4,14,9,1,11,TRAINING,0,5,1,6,13572604,139b7f5d,1825
150,1,4,14,9,1,12,TRAINING,1,1,0,0,13542607,139d7f5b,2041
150,1,4,14,9,1,13,TRAINING,0,5,1,6,17542603,1b9d7f53,2380
150,1,4,14,9,1,14,TRAINING,5,9,0,2,17542306,1b9d735f,1879
150,1,4,14,9,1,15,TRAINING,7,11,1,1,17542603,1b9d7f53,2912
150,1,4,14,9,1,16,TRAINING,4,13,1,0,47512603,db917f53,1827
150,1,4,14,9,1,17,TEST,7,11,1,1,true,2076
150,1,4,14,9,1,18,TEST,1,1,0,0,true,3051
150,1,4,14,9,1,19,TEST,0,5,1,1,true,1976
150,1,4,14,9,1,20,TEST,4,13,1,1,true,1823
150,1,4,14,9,1,21,TEST,6,15,0,0,true,1328
150,1,4,14,9,1,22,TEST,5,9,0,0,true,865
150,1,4,14,9,1,23,TEST,2,7,1,1,true,1757
150,1,4,14,9,1,24,TEST,3,3,0,0,true,2231
150,1,4,14,9,2,25,TRAINING,1,1,0,4,76321045,bf3715d9,16239
150,1,4,14,9,2,26,TRAINING,2,7,1,3,76521043,bf9715d3,1781
150,1,4,14,9,2,27,TRAINING,4,13,1,6,76321045,bf3715d9,2053
150,1,4,14,9,2,28,TRAINING,5,9,0,7,71326045,b137f5d9,1789
150,1,4,14,9,2,29,TRAINING,2,7,1,1,72316045,b731f5d9,1896
150,1,4,14,9,2,30,TRAINING,3,3,0,0,32716045,37b1f5d9,2338
150,1,4,14,9,2,31,TRAINING,6,15,0,4,32716540,37b1f9d5,1809
150,1,4,14,9,2,32,TRAINING,1,1,0,3,32716504,37b1f95d,3307
150,1,4,14,9,2,33,TRAINING,3,3,0,7,42716503,d7b1f953,3148
150,1,4,14,9,2,34,TRAINING,7,11,1,6,42016573,d751f9b3,2700
150,1,4,14,9,2,35,TRAINING,0,5,1,3,42106573,d715f9b3,2422
150,1,4,14,9,2,36,TRAINING,5,9,0,1,45106273,d915f7b3,2684
150,1,4,14,9,2,37,TRAINING,0,5,1,3,45106237,d915f73b,1989
150,1,4,14,9,2,38,TRAINING,4,13,1,7,75106234,b915f73d,4605
150,1,4,14,9,2,39,TRAINING,6,15,0,4,25106734,7915fb3d,1908
150,1,4,14,9,2,40,TRAINING,7,11,1,5,25306714,7935fb1d,2375
150,1,4,14,9,2,41,TEST,0,5,1,1,true,1899
150,1,4,14,9,2,42,TEST,6,15,0,0,true,16049
150,1,4,14,9,2,43,TEST,7,11,1,0,false,804
150,1,4,14,9,2,44,TEST,2,7,1,1,true,7092
150,1,4,14,9,2,45,TEST,3,3,0,0,true,1443
150,1,4,14,9,2,46,TEST,4,13,1,0,false,7945
150,1,4,14,9,2,47,TEST,1,1,0,0,true,860
150,1,4,14,9,2,48,TEST,5,9,0,0,true,3437
150,1,4,14,9,3,49,TRAINING,2,7,1,1,42031675,d7531fb9,1904
150,1,4,14,9,3,50,TRAINING,2,7,1,1,42031765,d7531bf9,1746
150,1,4,14,9,3,51,TRAINING,3,3,0,3,42037165,d753b1f9,1779
150,1,4,14,9,3,52,TRAINING,1,1,0,5,52037164,9753b1fd,1450
150,1,4,14,9,3,53,TRAINING,0,5,1,2,56037124,9f53b17d,1738
150,1,4,14,9,3,54,TRAINING,4,13,1,4,56034127,9f53d17b,5925
150,1,4,14,9,3,55,TRAINING,0,5,1,2,36054127,3f59d17b,2689
150,1,4,14,9,3,56,TRAINING,5,9,0,5,36014527,3f51d97b,1724
150,1,4,14,9,3,57,TRAINING,5,9,0,5,46013527,df51397b,1406
150,1,4,14,9,3,58,TRAINING,7,11,1,0,76013524,bf51397d,2448
150,1,4,14,9,3,59,TRAINING,7,11,1,0,76213504,bf71395d,2218
150,1,4,14,9,3,60,TRAINING,1,1,0,3,76213540,bf7139d5,2239
150,1,4,14,9,3,61,TRAINING,4,13,1,4,76214530,bf71d935,2166
150,1,4,14,9,3,62,TRAINING,6,15,0,1,56214730,9f71db35,1956
150,1,4,14,9,3,63,TRAINING,6,15,0,1,56124730,9f17db35,2821
150,1,4,14,9,3,64,TRAINING,3,3,0,6,56120734,9f175b3d,3883
150,1,4,14,9,3,65,TEST,7,11,1,0,false,9084
150,1,4,14,9,3,66,TEST,0,5,1,1,true,921
150,1,4,14,9,3,67,TEST,3,3,0,0,true,2318
150,1,4,14,9,3,68,TEST,1,1,0,0,true,416
150,1,4,14,9,3,69,TEST,2,7,1,1,true,1506
150,1,4,14,9,3,70,TEST,6,15,0,1,false,2117
150,1,4,14,9,3,71,TEST,5,9,0,1,false,435
150,1,4,14,9,3,72,TEST,4,13,1,0,false,738
150,1,4,14,9,4,73,TRAINING,1,1,0,2,30154762,3519dbf7,44110
150,1,4,14,9,4,74,TRAINING,4,13,1,4,30154672,3519dfb7,1929
150,1,4,14,9,4,75,TRAINING,5,9,0,3,03154672,5319dfb7,1955
150,1,4,14,9,4,76,TRAINING,5,9,0,3,03154276,5319d7bf,1432
150,1,4,14,9,4,77,TRAINING,1,1,0,5,03254176,5379d1bf,1674
150,1,4,14,9,4,78,TRAINING,3,3,0,1,03254167,5379d1fb,1555
150,1,4,14,9,4,79,TRAINING,7,11,1,4,03257164,5379b1fd,1653
150,1,4,14,9,4,80,TRAINING,3,3,0,1,03527164,5397b1fd,1847
150,1,4,14,9,4,81,TRAINING,2,7,1,3,03527614,5397bf1d,2457
150,1,4,14,9,4,82,TRAINING,6,15,0,4,03526714,5397fb1d,1932
150,1,4,14,9,4,83,TRAINING,4,13,1,7,05326714,5937fb1d,1797
150,1,4,14,9,4,84,TRAINING,0,5,1,0,05326174,5937f1bd,1887
150,1,4,14,9,4,85,TRAINING,6,15,0,4,02356174,5739f1bd,3767
150,1,4,14,9,4,86,TRAINING,0,5,1,0,02376154,573bf19d,1858
150,1,4,14,9,4,87,TRAINING,7,11,1,5,02316754,5731fb9d,1894
150,1,4,14,9,4,88,TRAINING,2,7,1,1,02136754,5713fb9d,2637
150,1,4,14,9,4,89,TEST,1,1,0,0,true,933
150,1,4,14,9,4,90,TEST,7,11,1,1,true,2567
150,1,4,14,9,4,91,TEST,5,9,0,0,true,597
150,1,4,14,9,4,92,TEST,4,13,1,1,true,1914
150,1,4,14,9,4,93,TEST,2,7,1,1,true,2932
150,1,4,14,9,4,94,TEST,0,5,1,1,true,1250
150,1,4,14,9,4,95,TEST,6,15,0,0,true,1112
150,1,4,14,9,4,96,TEST,3,3,0,1,false,1200
150,1,4,14,9,5,97,TRAINING,6,15,0,1,06752134,5fb9713d,257918
150,1,4,14,9,5,98,TRAINING,6,15,0,1,06572134,5f9b713d,1577
150,1,4,14,9,5,99,TRAINING,7,11,1,3,06574132,5f9bd137,1930
150,1,4,14,9,5,100,TRAINING,5,9,0,5,06174532,5f1bd937,1607
150,1,4,14,9,5,101,TRAINING,1,1,0,2,06173542,5f1b39d7,1623
150,1,4,14,9,5,102,TRAINING,7,11,1,3,46173502,df1b3957,1587
150,1,4,14,9,5,103,TRAINING,3,3,0,4,46173052,df1b3597,1786
150,1,4,14,9,5,104,TRAINING,1,1,0,2,46173025,df1b3579,1676
150,1,4,14,9,5,105,TRAINING,5,9,0,0,56173024,9f1b357d,1980
150,1,4,14,9,5,106,TRAINING,4,13,1,7,56172034,9f1b753d,1847
150,1,4,14,9,5,107,TRAINING,0,5,1,3,56102734,9f157b3d,4376
150,1,4,14,9,5,108,TRAINING,2,7,1,4,57102634,9b157f3d,1883
150,1,4,14,9,5,109,TRAINING,2,7,1,4,51702634,91b57f3d,1784
150,1,4,14,9,5,110,TRAINING,3,3,0,6,51402637,91d57f3b,3464
150,1,4,14,9,5,111,TRAINING,0,5,1,0,01452637,51d97f3b,2270
150,1,4,14,9,5,112,TRAINING,4,13,1,2,05412637,59d17f3b,4017
150,1,4,14,9,5,113,TEST,2,7,1,1,true,4668
150,1,4,14,9,5,114,TEST,6,15,0,0,true,2883
150,1,4,14,9,5,115,TEST,3,3,0,0,true,1794
150,1,4,14,9,5,116,TEST,0,5,1,1,true,608
150,1,4,14,9,5,117,TEST,5,9,0,0,true,1958
150,1,4,14,9,5,118,TEST,1,1,0,0,true,1446
150,1,4,14,9,5,119,TEST,7,11,1,1,true,3592
150,1,4,14,9,5,120,TEST,4,13,1,1,true,1159
150,1,4,14,9,6,121,TRAINING,2,7,1,2,01264573,517fd9b3,32975
150,1,4,14,9,6,122,TRAINING,7,11,1,3,01274563,517bd9f3,9392
150,1,4,14,9,6,123,TRAINING,6,15,0,0,61274503,f17bd953,5059
150,1,4,14,9,6,124,TRAINING,2,7,1,4,61472503,f1db7953,3861
150,1,4,14,9,6,125,TRAINING,0,5,1,2,61072543,f15b79d3,3684
150,1,4,14,9,6,126,TRAINING,5,9,0,7,61072345,f15b73d9,4683
150,1,4,14,9,6,127,TRAINING,0,5,1,2,61072435,f15b7d39,5037
150,1,4,14,9,6,128,TRAINING,6,15,0,0,61073425,f15b3d79,11539
150,1,4,14,9,6,129,TRAINING,4,13,1,4,61074325,f15bd379,2140
150,1,4,14,9,6,130,TRAINING,3,3,0,6,61074235,f15bd739,3613
150,1,4,14,9,6,131,TRAINING,1,1,0,7,65074231,f95bd731,3249
150,1,4,14,9,6,132,TRAINING,7,11,1,3,45076231,d95bf731,9205
150,1,4,14,9,6,133,TRAINING,4,13,1,0,43076251,d35bf791,2488
150,1,4,14,9,6,134,TRAINING,1,1,0,7,43076521,d35bf971,3974
150,1,4,14,9,6,135,TRAINING,3,3,0,1,43056721,d359fb71,6460
150,1,4,14,9,6,136,TRAINING,5,9,0,3,03456721,53d9fb71,4212
150,1,4,14,9,6,137,TEST,7,11,1,1,true,2222
150,1,4,14,9,6,138,TEST,0,5,1,1,true,2486
150,1,4,14,9,6,139,TEST,1,1,0,0,true,3300
150,1,4,14,9,6,140,TEST,5,9,0,0,true,1946
150,1,4,14,9,6,141,TEST,3,3,0,0,true,4221
150,1,4,14,9,6,142,TEST,6,15,0,0,true,1918
150,1,4,14,9,6,143,TEST,2,7,1,1,true,2186
150,1,4,14,9,6,144,TEST,4,13,1,1,true,7401
150,1,4,14,9,INSTRUCT,postquestionnaire,1

rulestrategy:All the blank squares are A. All the just diagonals are B. Blue roughs are B, Purple roughs are A. Purple both are B, Blue both are A.
howtoimprove:
engagement:10
difficulty:9
physicalaids:yes