152,1,1,11,3,INSTRUCT,instruct1,16933
152,1,1,11,3,INSTRUCT,instructCatExample,11277
152,1,1,11,3,INSTRUCT,instructCatColor,5973
152,1,1,11,3,INSTRUCT,instructCatStripe,10423
152,1,1,11,3,INSTRUCT,instructDemoIntro,20846
152,1,1,11,3,INSTRUCT,instructDemo,70104
152,1,1,11,3,INSTRUCT,instructTest,25766
152,1,1,11,3,INSTRUCT,instructTest2,26829
152,1,1,11,3,INSTRUCT,instructDimColor,8867
152,1,1,11,3,INSTRUCT,instructDimBorder,3612
152,1,1,11,3,INSTRUCT,instructDimDots,2658
152,1,1,11,3,INSTRUCT,instructDimStripe,3187
152,1,1,11,3,INSTRUCT,instructDimAll,19852
152,1,1,11,3,INSTRUCT,instructFinal,13589
152,1,1,11,3,1,1,TRAINING,7,4,0,2,13760524,10463527,3441
152,1,1,11,3,1,2,TRAINING,6,6,1,3,13760254,10463257,3000
152,1,1,11,3,1,3,TRAINING,1,1,1,0,13764250,10467253,2888
152,1,1,11,3,1,4,TRAINING,5,5,1,6,12764350,12467053,2235
152,1,1,11,3,1,5,TRAINING,0,3,0,5,12764053,12467350,1946
152,1,1,11,3,1,6,TRAINING,2,2,1,1,12364057,12067354,2415
152,1,1,11,3,1,7,TRAINING,3,0,0,2,12367054,12064357,2496
152,1,1,11,3,1,8,TRAINING,1,1,1,0,12367045,12064375,2067
152,1,1,11,3,1,9,TRAINING,6,6,1,3,17362045,14062375,4355
152,1,1,11,3,1,10,TRAINING,4,7,0,6,17062345,14362075,1840
152,1,1,11,3,1,11,TRAINING,0,3,0,1,10762345,13462075,1917
152,1,1,11,3,1,12,TRAINING,5,5,1,7,70162345,43162075,1728
152,1,1,11,3,1,13,TRAINING,2,2,1,4,30162745,03162475,1494
152,1,1,11,3,1,14,TRAINING,3,0,0,0,31062745,01362475,1795
152,1,1,11,3,1,15,TRAINING,7,4,0,5,35062741,05362471,1635
152,1,1,11,3,1,16,TRAINING,4,7,0,6,36052741,06352471,1712
152,1,1,11,3,1,17,TEST,3,0,0,0,true,1533
152,1,1,11,3,1,18,TEST,7,4,0,1,false,3474
152,1,1,11,3,1,19,TEST,1,1,1,1,true,873
152,1,1,11,3,1,20,TEST,2,2,1,1,true,711
152,1,1,11,3,1,21,TEST,4,7,0,0,true,2322
152,1,1,11,3,1,22,TEST,5,5,1,1,true,1866
152,1,1,11,3,1,23,TEST,6,6,1,1,true,1338
152,1,1,11,3,1,24,TEST,0,3,0,1,false,1867
152,1,1,11,3,2,25,TRAINING,4,7,0,7,35107264,05134267,1698
152,1,1,11,3,2,26,TRAINING,1,1,1,2,05137264,35104267,2273
152,1,1,11,3,2,27,TRAINING,7,4,0,4,02137564,32104567,2714
152,1,1,11,3,2,28,TRAINING,4,7,0,3,02147563,32174560,2249
152,1,1,11,3,2,29,TRAINING,3,0,0,7,52147063,52174360,2094
152,1,1,11,3,2,30,TRAINING,7,4,0,4,52147603,52174630,2030
152,1,1,11,3,2,31,TRAINING,6,6,1,5,50147623,53174620,1762
152,1,1,11,3,2,32,TRAINING,1,1,1,2,20147653,23174650,1954
152,1,1,11,3,2,33,TRAINING,0,3,0,1,30147652,03174652,1961
152,1,1,11,3,2,34,TRAINING,6,6,1,7,30147256,03174256,1870
152,1,1,11,3,2,35,TRAINING,2,2,1,5,10347256,13074256,1746
152,1,1,11,3,2,36,TRAINING,0,3,0,1,70341256,43071256,2141
152,1,1,11,3,2,37,TRAINING,5,5,1,2,70541236,43571206,1840
152,1,1,11,3,2,38,TRAINING,2,2,1,5,40571236,73541206,1707
152,1,1,11,3,2,39,TRAINING,5,5,1,2,46571230,76541203,1800
152,1,1,11,3,2,40,TRAINING,3,0,0,6,06571234,36541207,1640
152,1,1,11,3,2,41,TEST,7,4,0,1,false,1656
152,1,1,11,3,2,42,TEST,0,3,0,0,true,1058
152,1,1,11,3,2,43,TEST,6,6,1,1,true,1174
152,1,1,11,3,2,44,TEST,2,2,1,1,true,597
152,1,1,11,3,2,45,TEST,4,7,0,0,true,828
152,1,1,11,3,2,46,TEST,1,1,1,1,true,1749
152,1,1,11,3,2,47,TEST,5,5,1,1,true,643
152,1,1,11,3,2,48,TEST,3,0,0,0,true,773
152,1,1,11,3,3,49,TRAINING,3,0,0,7,60712543,63412570,1605
152,1,1,11,3,3,50,TRAINING,7,4,0,2,50712643,53412670,2011
152,1,1,11,3,3,51,TRAINING,6,6,1,0,60712543,63412570,1915
152,1,1,11,3,3,52,TRAINING,3,0,0,7,65712043,65412370,4686
152,1,1,11,3,3,53,TRAINING,5,5,1,4,62715043,62415370,1887
152,1,1,11,3,3,54,TRAINING,4,7,0,6,67215043,64215370,2171
152,1,1,11,3,3,55,TRAINING,1,1,1,3,62715043,62415370,1923
152,1,1,11,3,3,56,TRAINING,2,2,1,4,65712043,65412370,1909
152,1,1,11,3,3,57,TRAINING,4,7,0,6,65312047,65012374,1672
152,1,1,11,3,3,58,TRAINING,0,3,0,5,67312045,64012375,2691
152,1,1,11,3,3,59,TRAINING,2,2,1,4,37612045,04612375,1830
152,1,1,11,3,3,60,TRAINING,0,3,0,5,37642015,04672315,1566
152,1,1,11,3,3,61,TRAINING,1,1,1,1,31642075,01672345,1542
152,1,1,11,3,3,62,TRAINING,5,5,1,7,31672045,01642375,1540
152,1,1,11,3,3,63,TRAINING,6,6,1,2,31672405,01642735,2258
152,1,1,11,3,3,64,TRAINING,7,4,0,3,32671405,02641735,1982
152,1,1,11,3,3,65,TEST,1,1,1,1,true,740
152,1,1,11,3,3,66,TEST,3,0,0,0,true,808
152,1,1,11,3,3,67,TEST,0,3,0,1,false,3310
152,1,1,11,3,3,68,TEST,4,7,0,0,true,2152
152,1,1,11,3,3,69,TEST,2,2,1,0,false,514
152,1,1,11,3,3,70,TEST,5,5,1,1,true,1236
152,1,1,11,3,3,71,TEST,6,6,1,1,true,2565
152,1,1,11,3,3,72,TEST,7,4,0,0,true,687
152,1,1,11,3,4,73,TRAINING,7,4,0,5,26051734,26351407,2989
152,1,1,11,3,4,74,TRAINING,0,3,0,2,26031754,26301457,2953
152,1,1,11,3,4,75,TRAINING,3,0,0,3,62031754,62301457,2586
152,1,1,11,3,4,76,TRAINING,7,4,0,5,52031764,52301467,2584
152,1,1,11,3,4,77,TRAINING,6,6,1,1,56031724,56301427,2391
152,1,1,11,3,4,78,TRAINING,4,7,0,7,56231704,56201437,2084
152,1,1,11,3,4,79,TRAINING,5,5,1,2,26531704,26501437,2554
152,1,1,11,3,4,80,TRAINING,0,3,0,6,76531204,46501237,1702
152,1,1,11,3,4,81,TRAINING,1,1,1,4,36571204,06541237,1904
152,1,1,11,3,4,82,TRAINING,4,7,0,0,46571203,76541230,2317
152,1,1,11,3,4,83,TRAINING,2,2,1,7,46571302,76541032,3415
152,1,1,11,3,4,84,TRAINING,2,2,1,7,46531702,76501432,1880
152,1,1,11,3,4,85,TRAINING,6,6,1,1,46731502,76401532,1964
152,1,1,11,3,4,86,TRAINING,1,1,1,3,46713502,76410532,1722
152,1,1,11,3,4,87,TRAINING,3,0,0,4,46013572,76310542,1796
152,1,1,11,3,4,88,TRAINING,5,5,1,5,64013572,67310542,2074
152,1,1,11,3,4,89,TEST,5,5,1,1,true,5196
152,1,1,11,3,4,90,TEST,6,6,1,1,true,3461
152,1,1,11,3,4,91,TEST,0,3,0,0,true,2775
152,1,1,11,3,4,92,TEST,7,4,0,0,true,2445
152,1,1,11,3,4,93,TEST,4,7,0,0,true,3295
152,1,1,11,3,4,94,TEST,2,2,1,1,true,3028
152,1,1,11,3,4,95,TEST,3,0,0,0,true,2189
152,1,1,11,3,4,96,TEST,1,1,1,1,true,2046
152,1,1,11,3,5,97,TRAINING,2,2,1,2,43217560,70214563,1560
152,1,1,11,3,5,98,TRAINING,6,6,1,7,43217506,70214536,2389
152,1,1,11,3,5,99,TRAINING,1,1,1,3,73214506,40217536,2298
152,1,1,11,3,5,100,TRAINING,3,0,0,1,73215406,40215736,2068
152,1,1,11,3,5,101,TRAINING,2,2,1,2,73214506,40217536,1987
152,1,1,11,3,5,102,TRAINING,4,7,0,4,73214605,40217635,1944
152,1,1,11,3,5,103,TRAINING,0,3,0,6,71234605,41207635,2314
152,1,1,11,3,5,104,TRAINING,7,4,0,0,71324605,41027635,2641
152,1,1,11,3,5,105,TRAINING,0,3,0,6,71326405,41026735,2056
152,1,1,11,3,5,106,TRAINING,5,5,1,7,71623405,41620735,1826
152,1,1,11,3,5,107,TRAINING,4,7,0,2,71423605,41720635,1683
152,1,1,11,3,5,108,TRAINING,5,5,1,7,70423615,43720615,1820
152,1,1,11,3,5,109,TRAINING,7,4,0,0,70421635,43721605,1942
152,1,1,11,3,5,110,TRAINING,1,1,1,4,73421605,40721635,1720
152,1,1,11,3,5,111,TRAINING,6,6,1,2,73621405,40621735,1919
152,1,1,11,3,5,112,TRAINING,3,0,0,1,73621450,40621753,2200
152,1,1,11,3,5,113,TEST,5,5,1,1,true,5713
152,1,1,11,3,5,114,TEST,4,7,0,0,true,4123
152,1,1,11,3,5,115,TEST,6,6,1,1,true,2905
152,1,1,11,3,5,116,TEST,3,0,0,0,true,2200
152,1,1,11,3,5,117,TEST,0,3,0,0,true,3835
152,1,1,11,3,5,118,TEST,7,4,0,0,true,2156
152,1,1,11,3,5,119,TEST,1,1,1,1,true,2434
152,1,1,11,3,5,120,TEST,2,2,1,1,true,1692
152,1,1,11,3,INSTRUCT,postquestionnaire,3

rulestrategy:Memorization with code words. For example, if A was a purple square with white border, I would memorize "purple white." Or if A was a yellow border with dots, I would memorize, "purple white, yellow dots." I only memorized A squares.
howtoimprove:No
engagement:8
difficulty:7
physicalaids:no