153,0,4,9,9,INSTRUCT,instruct1,11410
153,0,4,9,9,INSTRUCT,instructCatExample,12056
153,0,4,9,9,INSTRUCT,instructCatColor,8032
153,0,4,9,9,INSTRUCT,instructCatStripe,14388
153,0,4,9,9,INSTRUCT,instructDemoIntro,29913
153,0,4,9,9,INSTRUCT,instructDemo,109423
153,0,4,9,9,INSTRUCT,instructTest,33749
153,0,4,9,9,INSTRUCT,instructTest2,36447
153,0,4,9,9,INSTRUCT,instructDimColor,17373
153,0,4,9,9,INSTRUCT,instructDimBorder,3697
153,0,4,9,9,INSTRUCT,instructDimDots,3669
153,0,4,9,9,INSTRUCT,instructDimStripe,3796
153,0,4,9,9,INSTRUCT,instructDimAll,12167
153,0,4,9,9,INSTRUCT,instructFinal,24722
153,0,4,9,9,1,1,TRAINING,3,9,0,5,72456310,db75f913,9160
153,0,4,9,9,1,2,TRAINING,2,11,1,6,71456320,d175f9b3,11927
153,0,4,9,9,1,3,TRAINING,7,13,1,7,01456327,3175f9bd,4924
153,0,4,9,9,1,4,TRAINING,1,1,0,1,51406327,5173f9bd,7424
153,0,4,9,9,1,5,TRAINING,5,5,0,0,51460327,517f39bd,11426
153,0,4,9,9,1,6,TRAINING,4,7,1,3,51640327,51f739bd,9958
153,0,4,9,9,1,7,TRAINING,6,15,0,2,51642307,51f7b93d,3163
153,0,4,9,9,1,8,TRAINING,2,11,1,4,71642305,d1f7b935,2676
153,0,4,9,9,1,9,TRAINING,5,5,0,3,71652304,d1f5b937,5567
153,0,4,9,9,1,10,TRAINING,1,1,0,1,41652307,71f5b93d,5512
153,0,4,9,9,1,11,TRAINING,6,15,0,7,41752306,71d5b93f,2724
153,0,4,9,9,1,12,TRAINING,2,11,1,4,71452306,d175b93f,1834
153,0,4,9,9,1,13,TRAINING,7,13,1,0,74152306,d715b93f,2169
153,0,4,9,9,1,14,TRAINING,5,5,0,2,74512306,d751b93f,1507
153,0,4,9,9,1,15,TRAINING,3,9,0,5,74502316,d753b91f,1106
153,0,4,9,9,1,16,TRAINING,1,1,0,6,74562310,d75fb913,1013
153,0,4,9,9,1,17,TEST,1,1,0,0,true,3315
153,0,4,9,9,1,18,TEST,5,5,0,0,true,1927
153,0,4,9,9,1,19,TEST,6,15,0,1,false,1223
153,0,4,9,9,1,20,TEST,3,9,0,0,true,3068
153,0,4,9,9,1,21,TEST,0,3,1,1,true,1795
153,0,4,9,9,1,22,TEST,7,13,1,0,false,1511
153,0,4,9,9,1,23,TEST,2,11,1,0,false,992
153,0,4,9,9,1,24,TEST,4,7,1,1,true,1536
153,0,4,9,9,2,25,TRAINING,3,9,0,1,63104257,f9137b5d,11482
153,0,4,9,9,2,26,TRAINING,0,3,1,2,63014257,f9317b5d,3078
153,0,4,9,9,2,27,TRAINING,1,1,0,3,63017254,f931db57,19335
153,0,4,9,9,2,28,TRAINING,2,11,1,5,63017245,f931db75,4912
153,0,4,9,9,2,29,TRAINING,7,13,1,6,63014275,f9317bd5,13012
153,0,4,9,9,2,30,TRAINING,6,15,0,0,60314275,f3917bd5,5362
153,0,4,9,9,2,31,TRAINING,5,5,0,7,60341275,f3971bd5,20591
153,0,4,9,9,2,32,TRAINING,4,7,1,1,64301275,f7931bd5,2756
153,0,4,9,9,2,33,TRAINING,3,9,0,2,74301265,d7931bf5,6573
153,0,4,9,9,2,34,TRAINING,1,1,0,3,74310265,d7913bf5,2238
153,0,4,9,9,2,35,TRAINING,2,11,1,5,64310275,f7913bd5,12000
153,0,4,9,9,2,36,TRAINING,0,3,1,4,64310257,f7913b5d,2169
153,0,4,9,9,2,37,TRAINING,7,13,1,7,64130257,f7193b5d,14163
153,0,4,9,9,2,38,TRAINING,5,5,0,6,62130457,fb19375d,2223
153,0,4,9,9,2,39,TRAINING,6,15,0,0,62140357,fb17395d,8917
153,0,4,9,9,2,40,TRAINING,4,7,1,3,62041357,fb37195d,2100
153,0,4,9,9,2,41,TEST,7,13,1,1,true,8043
153,0,4,9,9,2,42,TEST,2,11,1,1,true,2330
153,0,4,9,9,2,43,TEST,0,3,1,1,true,1165
153,0,4,9,9,2,44,TEST,6,15,0,1,false,7576
153,0,4,9,9,2,45,TEST,1,1,0,0,true,3562
153,0,4,9,9,2,46,TEST,4,7,1,0,false,1763
153,0,4,9,9,2,47,TEST,5,5,0,0,true,5682
153,0,4,9,9,2,48,TEST,3,9,0,0,true,968
153,0,4,9,9,3,49,TRAINING,3,9,0,4,41723650,71db9f53,5167
153,0,4,9,9,3,50,TRAINING,1,1,0,1,41723605,71db9f35,1230
153,0,4,9,9,3,51,TRAINING,2,11,1,2,41273605,71bd9f35,6667
153,0,4,9,9,3,52,TRAINING,0,3,1,6,41263705,71bf9d35,1084
153,0,4,9,9,3,53,TRAINING,7,13,1,5,41236705,71b9fd35,25264
153,0,4,9,9,3,54,TRAINING,6,15,0,4,51236704,51b9fd37,1169
153,0,4,9,9,3,55,TRAINING,4,7,1,7,51326704,519bfd37,5541
153,0,4,9,9,3,56,TRAINING,5,5,0,0,51326074,519bf3d7,4301
153,0,4,9,9,3,57,TRAINING,3,9,0,1,53126074,591bf3d7,7781
153,0,4,9,9,3,58,TRAINING,1,1,0,2,53106274,5913fbd7,1365
153,0,4,9,9,3,59,TRAINING,0,3,1,3,53104276,59137bdf,972
153,0,4,9,9,3,60,TRAINING,4,7,1,4,53104726,59137dbf,1715
153,0,4,9,9,3,61,TRAINING,7,13,1,5,63104725,f9137db5,13856
153,0,4,9,9,3,62,TRAINING,5,5,0,7,61304725,f1937db5,3599
153,0,4,9,9,3,63,TRAINING,4,7,1,4,62304715,fb937d15,2388
153,0,4,9,9,3,64,TRAINING,6,15,0,0,61304725,f1937db5,6941
153,0,4,9,9,3,65,TEST,3,9,0,0,true,1286
153,0,4,9,9,3,66,TEST,5,5,0,0,true,783
153,0,4,9,9,3,67,TEST,2,11,1,1,true,694
153,0,4,9,9,3,68,TEST,4,7,1,1,true,7199
153,0,4,9,9,3,69,TEST,1,1,0,0,true,1491
153,0,4,9,9,3,70,TEST,0,3,1,1,true,708
153,0,4,9,9,3,71,TEST,6,15,0,1,false,3302
153,0,4,9,9,3,72,TEST,7,13,1,1,true,4342
153,0,4,9,9,4,73,TRAINING,1,1,0,1,41237065,71b9d3f5,1237
153,0,4,9,9,4,74,TRAINING,3,9,0,3,41537062,7159d3fb,1050
153,0,4,9,9,4,75,TRAINING,0,3,1,5,41735062,71d953fb,1941
153,0,4,9,9,4,76,TRAINING,2,11,1,7,46735012,7fd9531b,1745
153,0,4,9,9,4,77,TRAINING,7,13,1,3,46375012,7f9d531b,12040
153,0,4,9,9,4,78,TRAINING,5,5,0,2,46573012,7f5d931b,3871
153,0,4,9,9,4,79,TRAINING,4,7,1,0,42573016,7b5d931f,3655
153,0,4,9,9,4,80,TRAINING,6,15,0,7,42537016,7b59d31f,3678
153,0,4,9,9,4,81,TRAINING,7,13,1,4,42137056,7b19d35f,9489
153,0,4,9,9,4,82,TRAINING,6,15,0,7,41237056,71b9d35f,5309
153,0,4,9,9,4,83,TRAINING,4,7,1,0,42137056,7b19d35f,8315
153,0,4,9,9,4,84,TRAINING,0,3,1,5,42731056,7bd9135f,11647
153,0,4,9,9,4,85,TRAINING,6,15,0,7,42371056,7b9d135f,4091
153,0,4,9,9,4,86,TRAINING,5,5,0,6,41372056,719db35f,19629
153,0,4,9,9,4,87,TRAINING,4,7,1,0,41327056,719bd35f,2188
153,0,4,9,9,4,88,TRAINING,6,15,0,7,43127056,791bd35f,6056
153,0,4,9,9,4,89,TEST,5,5,0,0,true,13595
153,0,4,9,9,4,90,TEST,1,1,0,0,true,715
153,0,4,9,9,4,91,TEST,4,7,1,1,true,2226
153,0,4,9,9,4,92,TEST,0,3,1,1,true,1342
153,0,4,9,9,4,93,TEST,3,9,0,0,true,734
153,0,4,9,9,4,94,TEST,7,13,1,1,true,7520
153,0,4,9,9,4,95,TEST,6,15,0,0,true,1399
153,0,4,9,9,4,96,TEST,2,11,1,1,true,1162
153,0,4,9,9,5,97,TRAINING,3,9,0,6,52467031,5b7fd391,4845
153,0,4,9,9,5,98,TRAINING,1,1,0,7,72465031,db7f5391,1497
153,0,4,9,9,5,99,TRAINING,2,11,1,1,52467031,5b7fd391,1347
153,0,4,9,9,5,100,TRAINING,0,3,1,3,52407631,5b73df91,1701
153,0,4,9,9,5,101,TRAINING,4,7,1,2,62407531,fb73d591,5254
153,0,4,9,9,5,102,TRAINING,6,15,0,0,62401537,fb73159d,1841
153,0,4,9,9,5,103,TRAINING,5,5,0,5,67401532,fd73159b,10175
153,0,4,9,9,5,104,TRAINING,7,13,1,6,63401572,f97315db,4896
153,0,4,9,9,5,105,TRAINING,3,9,0,1,63041572,f93715db,3161
153,0,4,9,9,5,106,TRAINING,1,1,0,7,63042571,f937b5d1,2185
153,0,4,9,9,5,107,TRAINING,2,11,1,2,63240571,f9b735d1,1277
153,0,4,9,9,5,108,TRAINING,0,3,1,4,63240751,f9b73d51,1050
153,0,4,9,9,5,109,TRAINING,4,7,1,1,64230751,f7b93d51,7408
153,0,4,9,9,5,110,TRAINING,5,5,0,0,54230761,57b93df1,3456
153,0,4,9,9,5,111,TRAINING,6,15,0,6,54210763,57b13df9,5491
153,0,4,9,9,5,112,TRAINING,7,13,1,5,54120763,571b3df9,1236
153,0,4,9,9,5,113,TEST,6,15,0,0,true,8623
153,0,4,9,9,5,114,TEST,1,1,0,0,true,816
153,0,4,9,9,5,115,TEST,7,13,1,1,true,7315
153,0,4,9,9,5,116,TEST,4,7,1,1,true,2321
153,0,4,9,9,5,117,TEST,2,11,1,1,true,1075
153,0,4,9,9,5,118,TEST,5,5,0,0,true,10450
153,0,4,9,9,5,119,TEST,0,3,1,1,true,1543
153,0,4,9,9,5,120,TEST,3,9,0,0,true,781
153,0,4,9,9,INSTRUCT,postquestionnaire,2

rulestrategy:squares without diagonals were easy, then with the diagonals i had to say rough purple is b, so smooth purple is a, so rough blue is a, so smooth blue is b. the squares were organized in opposition, that made it easier
howtoimprove:i don't
engagement:6
difficulty:8
physicalaids:no