154,1,4,16,10,INSTRUCT,instruct1,16787
154,1,4,16,10,INSTRUCT,instructCatExample,28643
154,1,4,16,10,INSTRUCT,instructCatColor,12149
154,1,4,16,10,INSTRUCT,instructCatStripe,35987
154,1,4,16,10,INSTRUCT,instructDemoIntro,4613
154,1,4,16,10,INSTRUCT,instructDemo,33162
154,1,4,16,10,INSTRUCT,instructTest,37157
154,1,4,16,10,INSTRUCT,instructTest2,2278
154,1,4,16,10,INSTRUCT,instructDimColor,13166
154,1,4,16,10,INSTRUCT,instructDimBorder,6405
154,1,4,16,10,INSTRUCT,instructDimDots,3224
154,1,4,16,10,INSTRUCT,instructDimStripe,2023
154,1,4,16,10,INSTRUCT,instructDimAll,4973
154,1,4,16,10,INSTRUCT,instructFinal,2750
154,1,4,16,10,1,1,TRAINING,2,1,1,5,50461273,f573d1b9,2018
154,1,4,16,10,1,2,TRAINING,6,3,0,3,50463271,f57391bd,4767
154,1,4,16,10,1,3,TRAINING,4,7,1,2,30465271,9573f1bd,2499
154,1,4,16,10,1,4,TRAINING,5,15,0,4,70465231,b573f19d,2212
154,1,4,16,10,1,5,TRAINING,3,9,0,6,20465731,1573fb9d,2561
154,1,4,16,10,1,6,TRAINING,3,9,0,6,20165734,15d3fb97,1747
154,1,4,16,10,1,7,TRAINING,0,5,1,1,20156734,15df3b97,2065
154,1,4,16,10,1,8,TRAINING,7,11,1,5,20154736,15df7b93,1906
154,1,4,16,10,1,9,TRAINING,1,13,0,7,20654731,153f7b9d,1866
154,1,4,16,10,1,10,TRAINING,7,11,1,5,20645731,1537fb9d,1938
154,1,4,16,10,1,11,TRAINING,6,3,0,3,20465731,1573fb9d,1891
154,1,4,16,10,1,12,TRAINING,1,13,0,7,40265731,7513fb9d,1929
154,1,4,16,10,1,13,TRAINING,2,1,1,2,47265031,7b13f59d,1834
154,1,4,16,10,1,14,TRAINING,0,5,1,5,47256031,7b1f359d,2139
154,1,4,16,10,1,15,TRAINING,5,15,0,0,57246031,fb17359d,2346
154,1,4,16,10,1,16,TRAINING,4,7,1,3,57243061,fb17953d,1971
154,1,4,16,10,1,17,TEST,6,3,0,0,true,4201
154,1,4,16,10,1,18,TEST,3,9,0,0,true,3636
154,1,4,16,10,1,19,TEST,5,15,0,1,false,4010
154,1,4,16,10,1,20,TEST,4,7,1,1,true,1835
154,1,4,16,10,1,21,TEST,1,13,0,0,true,2348
154,1,4,16,10,1,22,TEST,0,5,1,0,false,1100
154,1,4,16,10,1,23,TEST,7,11,1,0,false,3907
154,1,4,16,10,1,24,TEST,2,1,1,0,false,2051
154,1,4,16,10,2,25,TRAINING,3,9,0,6,62174035,31db759f,1754
154,1,4,16,10,2,26,TRAINING,5,15,0,3,62154037,31df759b,2034
154,1,4,16,10,2,27,TRAINING,5,15,0,3,12654037,d13f759b,1856
154,1,4,16,10,2,28,TRAINING,1,13,0,0,12354067,d19f753b,2819
154,1,4,16,10,2,29,TRAINING,6,3,0,6,14352067,d79f153b,2290
154,1,4,16,10,2,30,TRAINING,4,7,1,1,14372065,d79b153f,2049
154,1,4,16,10,2,31,TRAINING,2,1,1,0,24371065,179bd53f,2129
154,1,4,16,10,2,32,TRAINING,4,7,1,1,24371560,179bdf35,2380
154,1,4,16,10,2,33,TRAINING,1,13,0,5,24375160,179bfd35,2080
154,1,4,16,10,2,34,TRAINING,7,11,1,3,24375106,179bfd53,2321
154,1,4,16,10,2,35,TRAINING,0,5,1,0,04375126,579bfd13,2258
154,1,4,16,10,2,36,TRAINING,2,1,1,4,04372156,579b1df3,2160
154,1,4,16,10,2,37,TRAINING,0,5,1,0,04312756,579d1bf3,2178
154,1,4,16,10,2,38,TRAINING,6,3,0,7,03412756,597d1bf3,2338
154,1,4,16,10,2,39,TRAINING,7,11,1,5,03214756,591d7bf3,2042
154,1,4,16,10,2,40,TRAINING,3,9,0,0,30214756,951d7bf3,2370
154,1,4,16,10,2,41,TEST,2,1,1,0,false,2410
154,1,4,16,10,2,42,TEST,4,7,1,1,true,2075
154,1,4,16,10,2,43,TEST,0,5,1,1,true,1930
154,1,4,16,10,2,44,TEST,3,9,0,0,true,1196
154,1,4,16,10,2,45,TEST,5,15,0,0,true,867
154,1,4,16,10,2,46,TEST,7,11,1,0,false,1147
154,1,4,16,10,2,47,TEST,6,3,0,1,false,1212
154,1,4,16,10,2,48,TEST,1,13,0,0,true,2043
154,1,4,16,10,3,49,TRAINING,5,15,0,1,75643201,bf37915d,1562
154,1,4,16,10,3,50,TRAINING,4,7,1,3,75642301,bf37195d,2049
154,1,4,16,10,3,51,TRAINING,2,1,1,0,25647301,1f37b95d,1820
154,1,4,16,10,3,52,TRAINING,6,3,0,2,25641307,1f37d95b,2441
154,1,4,16,10,3,53,TRAINING,0,5,1,6,25671304,1f3bd957,2074
154,1,4,16,10,3,54,TRAINING,4,7,1,5,25671403,1f3bd759,1738
154,1,4,16,10,3,55,TRAINING,0,5,1,6,25673401,1f3b975d,1953
154,1,4,16,10,3,56,TRAINING,1,13,0,7,26573401,13fb975d,2298
154,1,4,16,10,3,57,TRAINING,7,11,1,3,56273401,f31b975d,4450
154,1,4,16,10,3,58,TRAINING,2,1,1,0,26573401,13fb975d,7074
154,1,4,16,10,3,59,TRAINING,5,15,0,2,24573601,17fb935d,1906
154,1,4,16,10,3,60,TRAINING,6,3,0,5,24573610,17fb93d5,1929
154,1,4,16,10,3,61,TRAINING,1,13,0,0,14573620,d7fb9315,2778
154,1,4,16,10,3,62,TRAINING,7,11,1,2,14753620,d7bf9315,1931
154,1,4,16,10,3,63,TRAINING,3,9,0,3,14735620,d7b9f315,2168
154,1,4,16,10,3,64,TRAINING,3,9,0,3,14730625,d7b9531f,1810
154,1,4,16,10,3,65,TEST,7,11,1,1,true,2417
154,1,4,16,10,3,66,TEST,1,13,0,0,true,1578
154,1,4,16,10,3,67,TEST,2,1,1,1,true,2132
154,1,4,16,10,3,68,TEST,4,7,1,1,true,1014
154,1,4,16,10,3,69,TEST,3,9,0,0,true,1305
154,1,4,16,10,3,70,TEST,5,15,0,0,true,3315
154,1,4,16,10,3,71,TEST,6,3,0,1,false,1314
154,1,4,16,10,3,72,TEST,0,5,1,1,true,1316
154,1,4,16,10,4,73,TRAINING,6,3,0,5,42315670,719df3b5,1694
154,1,4,16,10,4,74,TRAINING,2,1,1,1,42135670,71d9f3b5,1889
154,1,4,16,10,4,75,TRAINING,6,3,0,5,72135640,b1d9f375,2002
154,1,4,16,10,4,76,TRAINING,5,15,0,4,32175640,91dbf375,2082
154,1,4,16,10,4,77,TRAINING,3,9,0,0,37125640,9bd1f375,2618
154,1,4,16,10,4,78,TRAINING,7,11,1,1,37625140,9b31fd75,1682
154,1,4,16,10,4,79,TRAINING,4,7,1,3,37645120,9b37fd15,1728
154,1,4,16,10,4,80,TRAINING,2,1,1,6,37145620,9bd7f315,1954
154,1,4,16,10,4,81,TRAINING,0,5,1,0,07145623,5bd7f319,1802
154,1,4,16,10,4,82,TRAINING,4,7,1,3,05147623,5fd7b319,2073
154,1,4,16,10,4,83,TRAINING,7,11,1,2,05741623,5fb7d319,1875
154,1,4,16,10,4,84,TRAINING,3,9,0,1,03741625,59b7d31f,1851
154,1,4,16,10,4,85,TRAINING,0,5,1,0,03746125,59b73d1f,2106
154,1,4,16,10,4,86,TRAINING,1,13,0,5,03745126,59b7fd13,2210
154,1,4,16,10,4,87,TRAINING,1,13,0,5,03725146,59b1fd73,1609
154,1,4,16,10,4,88,TRAINING,5,15,0,2,03527146,59f1bd73,2354
154,1,4,16,10,4,89,TEST,7,11,1,1,true,3351
154,1,4,16,10,4,90,TEST,5,15,0,0,true,1267
154,1,4,16,10,4,91,TEST,1,13,0,0,true,861
154,1,4,16,10,4,92,TEST,3,9,0,0,true,827
154,1,4,16,10,4,93,TEST,6,3,0,1,false,1011
154,1,4,16,10,4,94,TEST,4,7,1,1,true,668
154,1,4,16,10,4,95,TEST,0,5,1,1,true,652
154,1,4,16,10,4,96,TEST,2,1,1,1,true,611
154,1,4,16,10,5,97,TRAINING,3,9,0,0,32107456,91d5b7f3,1600
154,1,4,16,10,5,98,TRAINING,2,1,1,1,32107465,91d5b73f,1857
154,1,4,16,10,5,99,TRAINING,0,5,1,3,32105467,91d5f73b,2002
154,1,4,16,10,5,100,TRAINING,2,1,1,1,32104567,91d57f3b,2089
154,1,4,16,10,5,101,TRAINING,1,13,0,2,32105467,91d5f73b,1994
154,1,4,16,10,5,102,TRAINING,1,13,0,2,32104567,91d57f3b,2266
154,1,4,16,10,5,103,TRAINING,6,3,0,6,32105467,91d5f73b,1994
154,1,4,16,10,5,104,TRAINING,4,7,1,4,32104567,91d57f3b,2099
154,1,4,16,10,5,105,TRAINING,5,15,0,5,12304567,d1957f3b,1842
154,1,4,16,10,5,106,TRAINING,4,7,1,4,12304576,d1957fb3,2395
154,1,4,16,10,5,107,TRAINING,7,11,1,7,12304567,d1957f3b,2097
154,1,4,16,10,5,108,TRAINING,3,9,0,2,10324567,d5917f3b,1922
154,1,4,16,10,5,109,TRAINING,5,15,0,6,10324657,d59173fb,1962
154,1,4,16,10,5,110,TRAINING,7,11,1,7,20314657,159d73fb,2018
154,1,4,16,10,5,111,TRAINING,0,5,1,1,30214657,951d73fb,2410
154,1,4,16,10,5,112,TRAINING,6,3,0,5,40213657,751d93fb,2210
154,1,4,16,10,5,113,TEST,4,7,1,1,true,3626
154,1,4,16,10,5,114,TEST,2,1,1,0,false,2580
154,1,4,16,10,5,115,TEST,0,5,1,0,false,890
154,1,4,16,10,5,116,TEST,6,3,0,0,true,1851
154,1,4,16,10,5,117,TEST,7,11,1,1,true,1228
154,1,4,16,10,5,118,TEST,1,13,0,0,true,1667
154,1,4,16,10,5,119,TEST,3,9,0,0,true,892
154,1,4,16,10,5,120,TEST,5,15,0,1,false,1228
154,1,4,16,10,6,121,TRAINING,4,7,1,2,52430716,f1795bd3,1426
154,1,4,16,10,6,122,TRAINING,3,9,0,3,52430617,f17953db,1744
154,1,4,16,10,6,123,TRAINING,3,9,0,3,52437610,f179b3d5,1473
154,1,4,16,10,6,124,TRAINING,1,13,0,6,02437615,5179b3df,2187
154,1,4,16,10,6,125,TRAINING,4,7,1,2,62437015,3179b5df,2154
154,1,4,16,10,6,126,TRAINING,5,15,0,7,72436015,b17935df,2250
154,1,4,16,10,6,127,TRAINING,6,3,0,4,72416035,b17d359f,2146
154,1,4,16,10,6,128,TRAINING,5,15,0,7,72146035,b1d7359f,2050
154,1,4,16,10,6,129,TRAINING,0,5,1,5,32146075,91d735bf,1940
154,1,4,16,10,6,130,TRAINING,0,5,1,5,42136075,71d935bf,1698
154,1,4,16,10,6,131,TRAINING,2,1,1,1,42163075,71d395bf,2082
154,1,4,16,10,6,132,TRAINING,7,11,1,6,42153076,71df95b3,1914
154,1,4,16,10,6,133,TRAINING,2,1,1,1,42150376,71df59b3,2050
154,1,4,16,10,6,134,TRAINING,1,13,0,2,42156370,71df39b5,1857
154,1,4,16,10,6,135,TRAINING,6,3,0,4,42176350,71db39f5,2058
154,1,4,16,10,6,136,TRAINING,7,11,1,0,72146350,b1d739f5,2187
154,1,4,16,10,6,137,TEST,3,9,0,0,true,1403
154,1,4,16,10,6,138,TEST,1,13,0,0,true,1218
154,1,4,16,10,6,139,TEST,4,7,1,1,true,1193
154,1,4,16,10,6,140,TEST,6,3,0,1,false,2023
154,1,4,16,10,6,141,TEST,0,5,1,1,true,876
154,1,4,16,10,6,142,TEST,2,1,1,0,false,1620
154,1,4,16,10,6,143,TEST,7,11,1,0,false,811
154,1,4,16,10,6,144,TEST,5,15,0,0,true,1025
154,1,4,16,10,7,145,TRAINING,3,9,0,6,54072631,f75b139d,1790
154,1,4,16,10,7,146,TRAINING,6,3,0,5,54027631,f751b39d,1874
154,1,4,16,10,7,147,TRAINING,2,1,1,3,57024631,fb51739d,2032
154,1,4,16,10,7,148,TRAINING,1,13,0,7,47025631,7b51f39d,1908
154,1,4,16,10,7,149,TRAINING,3,9,0,6,40725631,75b1f39d,2056
154,1,4,16,10,7,150,TRAINING,2,1,1,3,47025631,7b51f39d,1962
154,1,4,16,10,7,151,TRAINING,7,11,1,1,07425631,5b71f39d,1834
154,1,4,16,10,7,152,TRAINING,5,15,0,7,07421635,5b71d39f,2184
154,1,4,16,10,7,153,TRAINING,0,5,1,0,07421365,5b71d93f,2258
154,1,4,16,10,7,154,TRAINING,1,13,0,4,04721365,57b1d93f,2369
154,1,4,16,10,7,155,TRAINING,6,3,0,3,04761325,57b3d91f,1826
154,1,4,16,10,7,156,TRAINING,4,7,1,1,54761320,f7b3d915,2162
154,1,4,16,10,7,157,TRAINING,4,7,1,1,54762310,f7b319d5,1554
154,1,4,16,10,7,158,TRAINING,5,15,0,5,34762510,97b31fd5,2627
154,1,4,16,10,7,159,TRAINING,7,11,1,2,34726510,97b13fd5,1970
154,1,4,16,10,7,160,TRAINING,0,5,1,3,34706512,97b53fd1,1698
154,1,4,16,10,7,161,TEST,6,3,0,0,true,1592
154,1,4,16,10,7,162,TEST,0,5,1,1,true,1555
154,1,4,16,10,7,163,TEST,7,11,1,0,false,1204
154,1,4,16,10,7,164,TEST,3,9,0,0,true,1052
154,1,4,16,10,7,165,TEST,1,13,0,0,true,1324
154,1,4,16,10,7,166,TEST,2,1,1,1,true,1212
154,1,4,16,10,7,167,TEST,5,15,0,1,false,2684
154,1,4,16,10,7,168,TEST,4,7,1,1,true,804
154,1,4,16,10,8,169,TRAINING,5,15,0,0,52463701,f1739b5d,1569
154,1,4,16,10,8,170,TRAINING,1,13,0,7,57463201,fb73915d,2368
154,1,4,16,10,8,171,TRAINING,4,7,1,2,53467201,f973b15d,2010
154,1,4,16,10,8,172,TRAINING,5,15,0,0,53460271,f97351bd,2169
154,1,4,16,10,8,173,TRAINING,7,11,1,6,53462071,f97315bd,2050
154,1,4,16,10,8,174,TRAINING,6,3,0,3,53062471,f95317bd,2306
154,1,4,16,10,8,175,TRAINING,6,3,0,3,53462071,f97315bd,2218
154,1,4,16,10,8,176,TRAINING,2,1,1,4,53462701,f9731b5d,2404
154,1,4,16,10,8,177,TRAINING,4,7,1,2,51462703,fd731b59,2401
154,1,4,16,10,8,178,TRAINING,0,5,1,6,56412703,f37d1b59,1866
154,1,4,16,10,8,179,TRAINING,3,9,0,7,56417203,f37db159,1793
154,1,4,16,10,8,180,TRAINING,3,9,0,7,51467203,fd73b159,1658
154,1,4,16,10,8,181,TRAINING,1,13,0,1,51427603,fd71b359,2302
154,1,4,16,10,8,182,TRAINING,0,5,1,6,71425603,bd71f359,2058
154,1,4,16,10,8,183,TRAINING,2,1,1,3,71426503,bd713f59,2403
154,1,4,16,10,8,184,TRAINING,7,11,1,0,71425603,bd71f359,2002
154,1,4,16,10,8,185,TEST,7,11,1,0,false,1920
154,1,4,16,10,8,186,TEST,0,5,1,1,true,892
154,1,4,16,10,8,187,TEST,6,3,0,0,true,2738
154,1,4,16,10,8,188,TEST,1,13,0,1,false,2452
154,1,4,16,10,8,189,TEST,3,9,0,1,false,1796
154,1,4,16,10,8,190,TEST,5,15,0,0,true,1140
154,1,4,16,10,8,191,TEST,4,7,1,0,false,939
154,1,4,16,10,8,192,TEST,2,1,1,1,true,1468
154,1,4,16,10,9,193,TRAINING,3,9,0,4,47103562,7bd59f31,2140
154,1,4,16,10,9,194,TRAINING,6,3,0,6,47103265,7bd5913f,1857
154,1,4,16,10,9,195,TRAINING,1,13,0,7,47503261,7bf5913d,1850
154,1,4,16,10,9,196,TRAINING,7,11,1,2,45703261,7fb5913d,1801
154,1,4,16,10,9,197,TRAINING,6,3,0,6,42703561,71b59f3d,1809
154,1,4,16,10,9,198,TRAINING,7,11,1,2,42753061,71bf953d,2171
154,1,4,16,10,9,199,TRAINING,1,13,0,7,24753061,17bf953d,1921
154,1,4,16,10,9,200,TRAINING,3,9,0,4,42753061,71bf953d,1913
154,1,4,16,10,9,201,TRAINING,0,5,1,5,24753061,17bf953d,1842
154,1,4,16,10,9,202,TRAINING,5,15,0,3,21753064,1dbf9537,2204
154,1,4,16,10,9,203,TRAINING,2,1,1,7,41753062,7dbf9531,1691
154,1,4,16,10,9,204,TRAINING,0,5,1,5,41756032,7dbf3591,1923
154,1,4,16,10,9,205,TRAINING,4,7,1,4,61754032,3dbf7591,2265
154,1,4,16,10,9,206,TRAINING,5,15,0,3,61754023,3dbf7519,2336
154,1,4,16,10,9,207,TRAINING,2,1,1,1,62754013,31bf75d9,1923
154,1,4,16,10,9,208,TRAINING,4,7,1,7,62753014,31bf95d7,2336
154,1,4,16,10,9,209,TEST,5,15,0,1,false,2530
154,1,4,16,10,9,210,TEST,0,5,1,1,true,675
154,1,4,16,10,9,211,TEST,6,3,0,1,false,771
154,1,4,16,10,9,212,TEST,7,11,1,0,false,1284
154,1,4,16,10,9,213,TEST,2,1,1,1,true,939
154,1,4,16,10,9,214,TEST,4,7,1,1,true,795
154,1,4,16,10,9,215,TEST,1,13,0,0,true,1604
154,1,4,16,10,9,216,TEST,3,9,0,0,true,2763
154,1,4,16,10,10,217,TRAINING,4,7,1,3,52647301,f137b95d,1902
154,1,4,16,10,10,218,TRAINING,6,3,0,1,56247301,f317b95d,14465
154,1,4,16,10,10,219,TRAINING,5,15,0,7,16247305,d317b95f,2231
154,1,4,16,10,10,220,TRAINING,1,13,0,5,36247105,9317bd5f,1529
154,1,4,16,10,10,221,TRAINING,7,11,1,4,34267105,9713bd5f,2185
154,1,4,16,10,10,222,TRAINING,4,7,1,1,34627105,9731bd5f,2088
154,1,4,16,10,10,223,TRAINING,2,1,1,3,54627103,f731bd59,2201
154,1,4,16,10,10,224,TRAINING,3,9,0,2,54327106,f791bd53,1874
154,1,4,16,10,10,225,TRAINING,7,11,1,4,14327506,d791bf53,2114
154,1,4,16,10,10,226,TRAINING,0,5,1,1,10327546,d591bf73,1986
154,1,4,16,10,10,227,TRAINING,6,3,0,7,20317546,159dbf73,2218
154,1,4,16,10,10,228,TRAINING,0,5,1,1,20517346,15fdb973,2041
154,1,4,16,10,10,229,TRAINING,2,1,1,0,20517436,15fdb793,2472
154,1,4,16,10,10,230,TRAINING,5,15,0,6,20317456,159db7f3,2169
154,1,4,16,10,10,231,TRAINING,3,9,0,1,23017456,195db7f3,1802
154,1,4,16,10,10,232,TRAINING,1,13,0,3,03217456,591db7f3,1937
154,1,4,16,10,10,233,TEST,4,7,1,1,true,1410
154,1,4,16,10,10,234,TEST,7,11,1,0,false,1508
154,1,4,16,10,10,235,TEST,2,1,1,1,true,1060
154,1,4,16,10,10,236,TEST,6,3,0,1,false,931
154,1,4,16,10,10,237,TEST,1,13,0,0,true,1044
154,1,4,16,10,10,238,TEST,5,15,0,0,true,1099
154,1,4,16,10,10,239,TEST,3,9,0,0,true,1141
154,1,4,16,10,10,240,TEST,0,5,1,1,true,1508
154,1,4,16,10,11,241,TRAINING,6,3,0,3,43765120,79b3fd15,2045
154,1,4,16,10,11,242,TRAINING,2,1,1,6,43760125,79b35d1f,1978
154,1,4,16,10,11,243,TRAINING,4,7,1,5,13760425,d9b3571f,1746
154,1,4,16,10,11,244,TRAINING,1,13,0,0,13750426,d9bf5713,2442
154,1,4,16,10,11,245,TRAINING,5,15,0,3,13650427,d93f571b,2194
154,1,4,16,10,11,246,TRAINING,3,9,0,1,13250467,d91f573b,2001
154,1,4,16,10,11,247,TRAINING,0,5,1,4,13250476,d91f57b3,2305
154,1,4,16,10,11,248,TRAINING,6,3,0,0,63250471,391f57bd,2217
154,1,4,16,10,11,249,TRAINING,5,15,0,6,63270451,391b57fd,2371
154,1,4,16,10,11,250,TRAINING,3,9,0,1,63470251,397b51fd,2050
154,1,4,16,10,11,251,TRAINING,0,5,1,4,13470256,d97b51f3,2303
154,1,4,16,10,11,252,TRAINING,7,11,1,6,13450276,d97f51b3,2176
154,1,4,16,10,11,253,TRAINING,7,11,1,6,13650274,d93f51b7,1866
154,1,4,16,10,11,254,TRAINING,2,1,1,5,13605274,d935f1b7,2098
154,1,4,16,10,11,255,TRAINING,4,7,1,7,15603274,df3591b7,2337
154,1,4,16,10,11,256,TRAINING,1,13,0,0,15063274,df5391b7,2201
154,1,4,16,10,11,257,TEST,7,11,1,0,false,2267
154,1,4,16,10,11,258,TEST,5,15,0,1,false,884
154,1,4,16,10,11,259,TEST,3,9,0,1,false,796
154,1,4,16,10,11,260,TEST,6,3,0,1,false,692
154,1,4,16,10,11,261,TEST,0,5,1,1,true,900
154,1,4,16,10,11,262,TEST,2,1,1,1,true,667
154,1,4,16,10,11,263,TEST,4,7,1,1,true,620
154,1,4,16,10,11,264,TEST,1,13,0,1,false,763
154,1,4,16,10,12,265,TRAINING,7,11,1,5,12506743,d1f53b79,1687
154,1,4,16,10,12,266,TRAINING,6,3,0,0,62501743,31f5db79,2154
154,1,4,16,10,12,267,TRAINING,6,3,0,0,61502743,3df51b79,1600
154,1,4,16,10,12,268,TRAINING,7,11,1,5,61502734,3df51b97,1931
154,1,4,16,10,12,269,TRAINING,2,1,1,4,61052734,3d5f1b97,1897
154,1,4,16,10,12,270,TRAINING,1,13,0,1,61032754,3d591bf7,2057
154,1,4,16,10,12,271,TRAINING,0,5,1,6,61532704,3df91b57,1730
154,1,4,16,10,12,272,TRAINING,5,15,0,2,61534702,3df97b51,1961
154,1,4,16,10,12,273,TRAINING,4,7,1,7,61532704,3df91b57,1754
154,1,4,16,10,12,274,TRAINING,5,15,0,2,60532714,35f91bd7,2537
154,1,4,16,10,12,275,TRAINING,3,9,0,3,60531724,35f9db17,1993
154,1,4,16,10,12,276,TRAINING,3,9,0,3,60532714,35f91bd7,2017
154,1,4,16,10,12,277,TRAINING,1,13,0,6,67532014,3bf915d7,1922
154,1,4,16,10,12,278,TRAINING,4,7,1,4,67534012,3bf975d1,1915
154,1,4,16,10,12,279,TRAINING,0,5,1,7,67534210,3bf971d5,2275
154,1,4,16,10,12,280,TRAINING,2,1,1,5,67514230,3bfd7195,1897
154,1,4,16,10,12,281,TEST,4,7,1,1,true,2620
154,1,4,16,10,12,282,TEST,5,15,0,0,true,1746
154,1,4,16,10,12,283,TEST,2,1,1,0,false,1196
154,1,4,16,10,12,284,TEST,7,11,1,0,false,980
154,1,4,16,10,12,285,TEST,6,3,0,1,false,1196
154,1,4,16,10,12,286,TEST,1,13,0,0,true,1076
154,1,4,16,10,12,287,TEST,3,9,0,0,true,715
154,1,4,16,10,12,288,TEST,0,5,1,1,true,1965
154,1,4,16,10,13,289,TRAINING,4,7,1,2,17452603,db7f1359,1980
154,1,4,16,10,13,290,TRAINING,1,13,0,0,17450623,db7f5319,2194
154,1,4,16,10,13,291,TRAINING,0,5,1,4,13450627,d97f531b,2322
154,1,4,16,10,13,292,TRAINING,7,11,1,7,14350627,d79f531b,2186
154,1,4,16,10,13,293,TRAINING,0,5,1,4,14650327,d73f591b,2304
154,1,4,16,10,13,294,TRAINING,3,9,0,3,14630527,d7395f1b,2329
154,1,4,16,10,13,295,TRAINING,4,7,1,1,14630257,d73951fb,1858
154,1,4,16,10,13,296,TRAINING,6,3,0,2,14630275,d73951bf,1937
154,1,4,16,10,13,297,TRAINING,6,3,0,2,24630175,17395dbf,2051
154,1,4,16,10,13,298,TRAINING,5,15,0,1,25630174,1f395db7,2264
154,1,4,16,10,13,299,TRAINING,3,9,0,7,25640173,1f375db9,2330
154,1,4,16,10,13,300,TRAINING,5,15,0,1,25610473,1f3d57b9,2049
154,1,4,16,10,13,301,TRAINING,1,13,0,3,25710463,1fbd5739,2425
154,1,4,16,10,13,302,TRAINING,2,1,1,5,45710263,7fbd5139,2332
154,1,4,16,10,13,303,TRAINING,7,11,1,2,65710243,3fbd5179,2129
154,1,4,16,10,13,304,TRAINING,2,1,1,5,45710263,7fbd5139,2307
154,1,4,16,10,13,305,TEST,1,13,0,0,true,1419
154,1,4,16,10,13,306,TEST,2,1,1,0,false,1268
154,1,4,16,10,13,307,TEST,4,7,1,1,true,1085
154,1,4,16,10,13,308,TEST,5,15,0,1,false,803
154,1,4,16,10,13,309,TEST,6,3,0,1,false,995
154,1,4,16,10,13,310,TEST,3,9,0,0,true,2716
154,1,4,16,10,13,311,TEST,7,11,1,0,false,979
154,1,4,16,10,13,312,TEST,0,5,1,1,true,1756
154,1,4,16,10,14,313,TRAINING,1,13,0,1,01523674,5df193b7,1592
154,1,4,16,10,14,314,TRAINING,0,5,1,0,01423675,5d7193bf,2090
154,1,4,16,10,14,315,TRAINING,7,11,1,2,01723645,5db1937f,1802
154,1,4,16,10,14,316,TRAINING,5,15,0,7,01743625,5db7931f,2177
154,1,4,16,10,14,317,TRAINING,0,5,1,5,61743025,3db7951f,2106
154,1,4,16,10,14,318,TRAINING,3,9,0,4,41763025,7db3951f,1996
154,1,4,16,10,14,319,TRAINING,5,15,0,7,14763025,d7b3951f,2049
154,1,4,16,10,14,320,TRAINING,4,7,1,1,04763125,57b39d1f,1953
154,1,4,16,10,14,321,TRAINING,6,3,0,3,74063125,b7539d1f,2297
154,1,4,16,10,14,322,TRAINING,1,13,0,5,74360125,b7935d1f,1915
154,1,4,16,10,14,323,TRAINING,2,1,1,6,74063125,b7539d1f,2042
154,1,4,16,10,14,324,TRAINING,4,7,1,1,74603125,b7359d1f,1945
154,1,4,16,10,14,325,TRAINING,2,1,1,6,74630125,b7395d1f,2154
154,1,4,16,10,14,326,TRAINING,3,9,0,4,74603125,b7359d1f,2048
154,1,4,16,10,14,327,TRAINING,7,11,1,0,74603521,b7359f1d,1962
154,1,4,16,10,14,328,TRAINING,6,3,0,2,74613520,b73d9f15,1849
154,1,4,16,10,14,329,TEST,0,5,1,1,true,1684
154,1,4,16,10,14,330,TEST,5,15,0,1,false,1132
154,1,4,16,10,14,331,TEST,4,7,1,1,true,644
154,1,4,16,10,14,332,TEST,7,11,1,0,false,1483
154,1,4,16,10,14,333,TEST,1,13,0,0,true,1779
154,1,4,16,10,14,334,TEST,2,1,1,1,true,2133
154,1,4,16,10,14,335,TEST,6,3,0,1,false,1324
154,1,4,16,10,14,336,TEST,3,9,0,0,true,1084
154,1,4,16,10,15,337,TRAINING,2,1,1,1,62430571,31795fbd,2292
154,1,4,16,10,15,338,TRAINING,3,9,0,3,62034571,31597fbd,2227
154,1,4,16,10,15,339,TRAINING,5,15,0,0,52034671,f15973bd,2106
154,1,4,16,10,15,340,TRAINING,4,7,1,6,52037641,f159b37d,1810
154,1,4,16,10,15,341,TRAINING,6,3,0,3,52067341,f153b97d,1915
154,1,4,16,10,15,342,TRAINING,3,9,0,5,52760341,f1b3597d,1817
154,1,4,16,10,15,343,TRAINING,0,5,1,4,51760342,fdb35971,2099
154,1,4,16,10,15,344,TRAINING,1,13,0,1,51460372,fd7359b1,1737
154,1,4,16,10,15,345,TRAINING,0,5,1,4,51360472,fd9357b1,2090
154,1,4,16,10,15,346,TRAINING,4,7,1,5,51760432,fdb35791,1746
154,1,4,16,10,15,347,TRAINING,2,1,1,6,51760423,fdb35719,1850
154,1,4,16,10,15,348,TRAINING,1,13,0,1,51730426,fdb95713,1945
154,1,4,16,10,15,349,TRAINING,7,11,1,7,51630427,fd39571b,2043
154,1,4,16,10,15,350,TRAINING,5,15,0,0,51634027,fd39751b,2105
154,1,4,16,10,15,351,TRAINING,7,11,1,7,54631027,f739d51b,2183
154,1,4,16,10,15,352,TRAINING,6,3,0,2,52631047,f139d57b,2011
154,1,4,16,10,15,353,TEST,5,15,0,0,true,1873
154,1,4,16,10,15,354,TEST,3,9,0,0,true,1203
154,1,4,16,10,15,355,TEST,6,3,0,1,false,1508
154,1,4,16,10,15,356,TEST,4,7,1,1,true,1444
154,1,4,16,10,15,357,TEST,0,5,1,1,true,947
154,1,4,16,10,15,358,TEST,2,1,1,1,true,893
154,1,4,16,10,15,359,TEST,1,13,0,0,true,2395
154,1,4,16,10,15,360,TEST,7,11,1,0,false,700
154,1,4,16,10,16,361,TRAINING,6,3,0,0,62341507,3197df5b,2753
154,1,4,16,10,16,362,TRAINING,5,15,0,5,62371504,319bdf57,2169
154,1,4,16,10,16,363,TRAINING,6,3,0,0,62071534,315bdf97,2250
154,1,4,16,10,16,364,TRAINING,7,11,1,3,62073514,315b9fd7,2329
154,1,4,16,10,16,365,TRAINING,3,9,0,4,62573014,31fb95d7,2242
154,1,4,16,10,16,366,TRAINING,2,1,1,1,62573041,31fb957d,2946
154,1,4,16,10,16,367,TRAINING,7,11,1,6,62543071,31f795bd,4274
154,1,4,16,10,16,368,TRAINING,3,9,0,4,62503471,31f597bd,8161
154,1,4,16,10,16,369,TRAINING,1,13,0,7,62053471,315f97bd,2138
154,1,4,16,10,16,370,TRAINING,0,5,1,2,65023471,3f5197bd,2073
154,1,4,16,10,16,371,TRAINING,2,1,1,1,62053471,315f97bd,2026
154,1,4,16,10,16,372,TRAINING,0,5,1,2,62053741,315f9b7d,5978
154,1,4,16,10,16,373,TRAINING,1,13,0,7,62054731,315f7b9d,2050
154,1,4,16,10,16,374,TRAINING,4,7,1,1,64052731,375f1b9d,1769
154,1,4,16,10,16,375,TRAINING,5,15,0,3,64352701,379f1b5d,8195
154,1,4,16,10,16,376,TRAINING,4,7,1,1,64357201,379fb15d,1948
154,1,4,16,10,16,377,TEST,6,3,0,1,false,1394
154,1,4,16,10,16,378,TEST,4,7,1,1,true,868
154,1,4,16,10,16,379,TEST,0,5,1,1,true,1061
154,1,4,16,10,16,380,TEST,5,15,0,0,true,1435
154,1,4,16,10,16,381,TEST,3,9,0,0,true,635
154,1,4,16,10,16,382,TEST,2,1,1,1,true,1828
154,1,4,16,10,16,383,TEST,7,11,1,1,true,2764
154,1,4,16,10,16,384,TEST,1,13,0,1,false,1268
154,1,4,16,10,17,385,TRAINING,0,5,1,3,47605231,7b35f19d,3014
154,1,4,16,10,17,386,TRAINING,2,1,1,5,57604231,fb35719d,3506
154,1,4,16,10,17,387,TRAINING,3,9,0,6,57406231,fb75319d,2426
154,1,4,16,10,17,388,TRAINING,4,7,1,1,54706231,f7b5319d,2291
154,1,4,16,10,17,389,TRAINING,1,13,0,7,54206731,f7153b9d,2464
154,1,4,16,10,17,390,TRAINING,5,15,0,0,54602731,f7351b9d,2778
154,1,4,16,10,17,391,TRAINING,6,3,0,4,54206731,f7153b9d,2386
154,1,4,16,10,17,392,TRAINING,5,15,0,0,54216730,f71d3b95,2394
154,1,4,16,10,17,393,TRAINING,4,7,1,1,54716230,f7bd3195,2747
154,1,4,16,10,17,394,TRAINING,3,9,0,4,54713260,f7bd9135,2834
154,1,4,16,10,17,395,TRAINING,0,5,1,7,14753260,d7bf9135,2843
154,1,4,16,10,17,396,TRAINING,6,3,0,6,14723560,d7b19f35,3011
154,1,4,16,10,17,397,TRAINING,2,1,1,3,14327560,d791bf35,4702
154,1,4,16,10,17,398,TRAINING,7,11,1,4,14527360,d7f1b935,3803
154,1,4,16,10,17,399,TRAINING,1,13,0,0,10527364,d5f1b937,1849
154,1,4,16,10,17,400,TRAINING,7,11,1,4,10537264,d5f9b137,2026
154,1,4,16,10,17,401,TEST,4,7,1,1,true,1323
154,1,4,16,10,17,402,TEST,7,11,1,0,false,1188
154,1,4,16,10,17,403,TEST,2,1,1,1,true,1106
154,1,4,16,10,17,404,TEST,0,5,1,1,true,803
154,1,4,16,10,17,405,TEST,6,3,0,1,false,939
154,1,4,16,10,17,406,TEST,1,13,0,0,true,1451
154,1,4,16,10,17,407,TEST,3,9,0,0,true,916
154,1,4,16,10,17,408,TEST,5,15,0,0,true,651
154,1,4,16,10,18,409,TRAINING,1,13,0,4,40631527,7539df1b,2087
154,1,4,16,10,18,410,TRAINING,5,15,0,2,40531627,75f9d31b,2073
154,1,4,16,10,18,411,TRAINING,0,5,1,6,42531607,71f9d35b,2226
154,1,4,16,10,18,412,TRAINING,6,3,0,5,41532607,7df9135b,1586
154,1,4,16,10,18,413,TRAINING,5,15,0,1,45132607,7fd9135b,1897
154,1,4,16,10,18,414,TRAINING,0,5,1,6,45123607,7fd1935b,1777
154,1,4,16,10,18,415,TRAINING,1,13,0,5,45623107,7f319d5b,2163
154,1,4,16,10,18,416,TRAINING,4,7,1,4,35624107,9f317d5b,1330
154,1,4,16,10,18,417,TRAINING,2,1,1,3,30624157,95317dfb,3419
154,1,4,16,10,18,418,TRAINING,7,11,1,7,10624357,d53179fb,1994
154,1,4,16,10,18,419,TRAINING,3,9,0,6,10624537,d5317f9b,1739
154,1,4,16,10,18,420,TRAINING,2,1,1,3,40621537,7531df9b,2130
154,1,4,16,10,18,421,TRAINING,4,7,1,2,60421537,3571df9b,1562
154,1,4,16,10,18,422,TRAINING,6,3,0,0,63421507,3971df5b,2063
154,1,4,16,10,18,423,TRAINING,3,9,0,6,60421537,3571df9b,2265
154,1,4,16,10,18,424,TRAINING,7,11,1,7,60451237,357fd19b,2243
154,1,4,16,10,18,425,TEST,4,7,1,1,true,1778
154,1,4,16,10,18,426,TEST,2,1,1,1,true,1003
154,1,4,16,10,18,427,TEST,0,5,1,1,true,819
154,1,4,16,10,18,428,TEST,3,9,0,0,true,997
154,1,4,16,10,18,429,TEST,6,3,0,1,false,1364
154,1,4,16,10,18,430,TEST,5,15,0,1,false,1452
154,1,4,16,10,18,431,TEST,1,13,0,1,false,811
154,1,4,16,10,18,432,TEST,7,11,1,1,true,1659
154,1,4,16,10,19,433,TRAINING,5,15,0,5,40376521,759b3f1d,1557
154,1,4,16,10,19,434,TRAINING,1,13,0,3,40316527,759d3f1b,2371
154,1,4,16,10,19,435,TRAINING,0,5,1,1,60314527,359d7f1b,19635
154,1,4,16,10,19,436,TRAINING,6,3,0,7,70314526,b59d7f13,1975
154,1,4,16,10,19,437,TRAINING,0,5,1,1,70314256,b59d71f3,1810
154,1,4,16,10,19,438,TRAINING,7,11,1,0,70134256,b5d971f3,2067
154,1,4,16,10,19,439,TRAINING,2,1,1,5,70143256,b5d791f3,1722
154,1,4,16,10,19,440,TRAINING,5,15,0,6,71043256,bd5791f3,1986
154,1,4,16,10,19,441,TRAINING,4,7,1,1,74013256,b75d91f3,1753
154,1,4,16,10,19,442,TRAINING,7,11,1,0,74310256,b79d51f3,2041
154,1,4,16,10,19,443,TRAINING,2,1,1,5,74310265,b79d513f,1618
154,1,4,16,10,19,444,TRAINING,6,3,0,6,75310264,bf9d5137,1635
154,1,4,16,10,19,445,TRAINING,4,7,1,4,75314260,bf9d7135,1930
154,1,4,16,10,19,446,TRAINING,1,13,0,3,75314062,bf9d7531,2194
154,1,4,16,10,19,447,TRAINING,3,9,0,2,65314072,3f9d75b1,1681
154,1,4,16,10,19,448,TRAINING,3,9,0,2,25314076,1f9d75b3,1681
154,1,4,16,10,19,449,TEST,6,3,0,1,false,1441
154,1,4,16,10,19,450,TEST,0,5,1,1,true,1003
154,1,4,16,10,19,451,TEST,1,13,0,0,true,2524
154,1,4,16,10,19,452,TEST,2,1,1,0,false,1243
154,1,4,16,10,19,453,TEST,3,9,0,0,true,1147
154,1,4,16,10,19,454,TEST,7,11,1,0,false,1292
154,1,4,16,10,19,455,TEST,5,15,0,1,false,1204
154,1,4,16,10,19,456,TEST,4,7,1,1,true,972
154,1,4,16,10,INSTRUCT,postquestionnaire,2

rulestrategy:Figure out which boxes was A & B.
howtoimprove:
engagement:5
difficulty:8
physicalaids:no