155,1,4,7,5,INSTRUCT,instruct1,12445
155,1,4,7,5,INSTRUCT,instructCatExample,16343
155,1,4,7,5,INSTRUCT,instructCatColor,5764
155,1,4,7,5,INSTRUCT,instructCatStripe,8783
155,1,4,7,5,INSTRUCT,instructDemoIntro,14851
155,1,4,7,5,INSTRUCT,instructDemo,24672
155,1,4,7,5,INSTRUCT,instructTest,16258
155,1,4,7,5,INSTRUCT,instructTest2,30259
155,1,4,7,5,INSTRUCT,instructDimColor,13453
155,1,4,7,5,INSTRUCT,instructDimBorder,2084
155,1,4,7,5,INSTRUCT,instructDimDots,1700
155,1,4,7,5,INSTRUCT,instructDimStripe,2790
155,1,4,7,5,INSTRUCT,instructDimAll,12006
155,1,4,7,5,INSTRUCT,instructFinal,8543
155,1,4,7,5,1,1,TRAINING,0,3,1,3,63501742,65031427,5950
155,1,4,7,5,1,2,TRAINING,3,5,0,1,63501724,65031472,13005
155,1,4,7,5,1,3,TRAINING,2,7,1,6,63507124,65034172,15209
155,1,4,7,5,1,4,TRAINING,4,2,1,5,63507421,65034271,10432
155,1,4,7,5,1,5,TRAINING,6,6,0,0,60537421,63054271,2174
155,1,4,7,5,1,6,TRAINING,5,0,0,4,60735421,63450271,5695
155,1,4,7,5,1,7,TRAINING,5,0,0,4,60135427,63150274,2426
155,1,4,7,5,1,8,TRAINING,3,5,0,3,60135247,63150724,3400
155,1,4,7,5,1,9,TRAINING,7,4,1,7,61035247,61350724,1895
155,1,4,7,5,1,10,TRAINING,0,3,1,2,21035647,71350624,1715
155,1,4,7,5,1,11,TRAINING,1,1,0,5,26035147,76350124,1727
155,1,4,7,5,1,12,TRAINING,2,7,1,1,62035147,67350124,1782
155,1,4,7,5,1,13,TRAINING,4,2,1,6,62735140,67450123,1519
155,1,4,7,5,1,14,TRAINING,6,6,0,0,62730145,67453120,1681
155,1,4,7,5,1,15,TRAINING,1,1,0,3,62710345,67413520,10859
155,1,4,7,5,1,16,TRAINING,7,4,1,5,62310745,67513420,2247
155,1,4,7,5,1,17,TEST,7,4,1,1,true,7572
155,1,4,7,5,1,18,TEST,6,6,0,1,false,1044
155,1,4,7,5,1,19,TEST,1,1,0,0,true,1967
155,1,4,7,5,1,20,TEST,3,5,0,0,true,1338
155,1,4,7,5,1,21,TEST,5,0,0,0,true,528
155,1,4,7,5,1,22,TEST,2,7,1,1,true,627
155,1,4,7,5,1,23,TEST,4,2,1,0,false,632
155,1,4,7,5,1,24,TEST,0,3,1,1,true,575
155,1,4,7,5,2,25,TRAINING,6,6,0,5,07254613,34702615,6056
155,1,4,7,5,2,26,TRAINING,7,4,1,1,07452613,34207615,3835
155,1,4,7,5,2,27,TRAINING,2,7,1,4,07412653,34217605,146221
155,1,4,7,5,2,28,TRAINING,0,3,1,0,07462153,34267105,4122
155,1,4,7,5,2,29,TRAINING,7,4,1,1,07642153,34627105,16711
155,1,4,7,5,2,30,TRAINING,4,2,1,3,07642513,34627015,8535
155,1,4,7,5,2,31,TRAINING,3,5,0,7,17642503,14627035,5336
155,1,4,7,5,2,32,TRAINING,2,7,1,4,67142503,64127035,3589
155,1,4,7,5,2,33,TRAINING,6,6,0,0,67412503,64217035,9534
155,1,4,7,5,2,34,TRAINING,4,2,1,2,67432501,64257031,11535
155,1,4,7,5,2,35,TRAINING,0,3,1,6,67412503,64217035,15148
155,1,4,7,5,2,36,TRAINING,3,5,0,7,57412603,04217635,6265
155,1,4,7,5,2,37,TRAINING,5,0,0,0,57421603,04271635,4492
155,1,4,7,5,2,38,TRAINING,1,1,0,4,57241603,04721635,3367
155,1,4,7,5,2,39,TRAINING,5,0,0,0,57041623,04321675,5341
155,1,4,7,5,2,40,TRAINING,1,1,0,4,57061423,04361275,4191
155,1,4,7,5,2,41,TEST,5,0,0,0,true,8269
155,1,4,7,5,2,42,TEST,7,4,1,1,true,6618
155,1,4,7,5,2,43,TEST,4,2,1,1,true,7241
155,1,4,7,5,2,44,TEST,1,1,0,0,true,7701
155,1,4,7,5,2,45,TEST,2,7,1,1,true,5812
155,1,4,7,5,2,46,TEST,0,3,1,1,true,3539
155,1,4,7,5,2,47,TEST,3,5,0,0,true,5783
155,1,4,7,5,2,48,TEST,6,6,0,0,true,6555
155,1,4,7,5,3,49,TRAINING,4,2,1,5,61570423,61043275,21600
155,1,4,7,5,3,50,TRAINING,6,6,0,0,61573420,61045273,6401
155,1,4,7,5,3,51,TRAINING,2,7,1,6,63571420,65041273,3236
155,1,4,7,5,3,52,TRAINING,1,1,0,4,63571024,65041372,5157
155,1,4,7,5,3,53,TRAINING,0,3,1,3,63501724,65031472,6544
155,1,4,7,5,3,54,TRAINING,3,5,0,2,65301724,60531472,3934
155,1,4,7,5,3,55,TRAINING,7,4,1,5,45301726,20531476,8081
155,1,4,7,5,3,56,TRAINING,2,7,1,6,46301725,26531470,2715
155,1,4,7,5,3,57,TRAINING,5,0,0,7,46310725,26513470,6997
155,1,4,7,5,3,58,TRAINING,6,6,0,1,06314725,36512470,4802
155,1,4,7,5,3,59,TRAINING,7,4,1,4,06317425,36514270,1437
155,1,4,7,5,3,60,TRAINING,3,5,0,2,06317452,36514207,1397
155,1,4,7,5,3,61,TRAINING,5,0,0,6,46317052,26514307,6508
155,1,4,7,5,3,62,TRAINING,0,3,1,4,46310752,26513407,1389
155,1,4,7,5,3,63,TRAINING,4,2,1,0,41360752,21563407,3932
155,1,4,7,5,3,64,TRAINING,1,1,0,1,41760352,21463507,1550
155,1,4,7,5,3,65,TEST,5,0,0,0,true,3573
155,1,4,7,5,3,66,TEST,7,4,1,1,true,4427
155,1,4,7,5,3,67,TEST,0,3,1,1,true,3000
155,1,4,7,5,3,68,TEST,6,6,0,0,true,3038
155,1,4,7,5,3,69,TEST,2,7,1,1,true,4366
155,1,4,7,5,3,70,TEST,1,1,0,0,true,3574
155,1,4,7,5,3,71,TEST,4,2,1,1,true,2792
155,1,4,7,5,3,72,TEST,3,5,0,0,true,4150
155,1,4,7,5,INSTRUCT,postquestionnaire,2

rulestrategy:Both "plain squares," along with "stripe yellow plain" and "dot white stripe" made up group A, while the rest made up Group B.
howtoimprove:n/a
engagement:9
difficulty:8
physicalaids:no