156,1,4,0,0,INSTRUCT,instruct1,7907
156,1,4,0,0,INSTRUCT,instructCatExample,9191
156,1,4,0,0,INSTRUCT,instructCatColor,3590
156,1,4,0,0,INSTRUCT,instructCatStripe,3727
156,1,4,0,0,INSTRUCT,instructDemoIntro,3591
156,1,4,0,0,INSTRUCT,instructDemo,30125
156,1,4,0,0,INSTRUCT,instructTest,15794
156,1,4,0,0,INSTRUCT,instructTest2,25374
156,1,4,0,0,INSTRUCT,instructDimColor,10695
156,1,4,0,0,INSTRUCT,instructDimBorder,4646
156,1,4,0,0,INSTRUCT,instructDimDots,2398
156,1,4,0,0,INSTRUCT,instructDimStripe,1971
156,1,4,0,0,INSTRUCT,instructDimAll,5286
156,1,4,0,0,INSTRUCT,instructFinal,12838
156,1,4,0,0,1,1,TRAINING,6,3,0,7,47503126,2ba09813,7476
156,1,4,0,0,1,2,TRAINING,2,1,1,5,47503216,2ba09183,2353
156,1,4,0,0,1,3,TRAINING,1,8,0,6,47053216,2b0a9183,2123
156,1,4,0,0,1,4,TRAINING,7,11,1,3,45073216,2a0b9183,3435
156,1,4,0,0,1,5,TRAINING,5,10,0,7,46073215,230b918a,2275
156,1,4,0,0,1,6,TRAINING,6,3,0,0,64073215,320b918a,1825
156,1,4,0,0,1,7,TRAINING,7,11,1,3,64071235,320b819a,1858
156,1,4,0,0,1,8,TRAINING,0,0,1,2,64071325,320b891a,4090
156,1,4,0,0,1,9,TRAINING,3,9,0,5,64072315,320b198a,1803
156,1,4,0,0,1,10,TRAINING,4,2,1,1,14072365,820b193a,2037
156,1,4,0,0,1,11,TRAINING,5,10,0,3,14052367,820a193b,2058
156,1,4,0,0,1,12,TRAINING,4,2,1,1,74052361,b20a1938,1730
156,1,4,0,0,1,13,TRAINING,0,0,1,7,74152360,b28a1930,1690
156,1,4,0,0,1,14,TRAINING,3,9,0,3,74132560,b2891a30,4948
156,1,4,0,0,1,15,TRAINING,1,8,0,2,72134560,b1892a30,1633
156,1,4,0,0,1,16,TRAINING,2,1,1,1,52134760,a1892b30,1466
156,1,4,0,0,1,17,TEST,2,1,1,0,false,2593
156,1,4,0,0,1,18,TEST,1,8,0,1,false,1595
156,1,4,0,0,1,19,TEST,5,10,0,0,true,1114
156,1,4,0,0,1,20,TEST,4,2,1,0,false,29247
156,1,4,0,0,1,21,TEST,7,11,1,0,false,1194
156,1,4,0,0,1,22,TEST,6,3,0,0,true,1266
156,1,4,0,0,1,23,TEST,3,9,0,1,false,577
156,1,4,0,0,1,24,TEST,0,0,1,0,false,2156
156,1,4,0,0,2,25,TRAINING,1,8,0,3,25710634,1ab80392,2661
156,1,4,0,0,2,26,TRAINING,4,2,1,7,26710534,13b80a92,1738
156,1,4,0,0,2,27,TRAINING,6,3,0,5,25710634,1ab80392,1562
156,1,4,0,0,2,28,TRAINING,7,11,1,4,25017634,1a08b392,1474
156,1,4,0,0,2,29,TRAINING,7,11,1,4,25107634,1a80b392,1987
156,1,4,0,0,2,30,TRAINING,4,2,1,7,05127634,0a81b392,1579
156,1,4,0,0,2,31,TRAINING,2,1,1,3,50127634,a081b392,1561
156,1,4,0,0,2,32,TRAINING,0,0,1,1,50327614,a091b382,1499
156,1,4,0,0,2,33,TRAINING,2,1,1,3,50127634,a081b392,1858
156,1,4,0,0,2,34,TRAINING,0,0,1,1,60127534,3081ba92,3003
156,1,4,0,0,2,35,TRAINING,6,3,0,0,60127354,3081b9a2,1601
156,1,4,0,0,2,36,TRAINING,3,9,0,5,60125374,3081a9b2,2467
156,1,4,0,0,2,37,TRAINING,1,8,0,2,65120374,3a8109b2,1674
156,1,4,0,0,2,38,TRAINING,3,9,0,5,75120364,ba810932,1490
156,1,4,0,0,2,39,TRAINING,5,10,0,1,75160324,ba830912,1468
156,1,4,0,0,2,40,TRAINING,5,10,0,1,05167324,0a83b912,1721
156,1,4,0,0,2,41,TEST,6,3,0,1,false,2274
156,1,4,0,0,2,42,TEST,3,9,0,0,true,2090
156,1,4,0,0,2,43,TEST,5,10,0,1,false,1026
156,1,4,0,0,2,44,TEST,7,11,1,1,true,1562
156,1,4,0,0,2,45,TEST,2,1,1,1,true,1211
156,1,4,0,0,2,46,TEST,0,0,1,0,false,658
156,1,4,0,0,2,47,TEST,1,8,0,0,true,756
156,1,4,0,0,2,48,TEST,4,2,1,0,false,802
156,1,4,0,0,3,49,TRAINING,4,2,1,3,07346251,0b9231a8,23902
156,1,4,0,0,3,50,TRAINING,2,1,1,4,07342651,0b9213a8,1649
156,1,4,0,0,3,51,TRAINING,7,11,1,1,07642351,0b3219a8,7978
156,1,4,0,0,3,52,TRAINING,0,0,1,0,07542361,0ba21938,6786
156,1,4,0,0,3,53,TRAINING,3,9,0,5,07512364,0ba81932,11954
156,1,4,0,0,3,54,TRAINING,7,11,1,1,07516324,0ba83912,12169
156,1,4,0,0,3,55,TRAINING,0,0,1,0,07516342,0ba83921,1659
156,1,4,0,0,3,56,TRAINING,4,2,1,4,07514362,0ba82931,12009
156,1,4,0,0,3,57,TRAINING,5,10,0,2,07534162,0ba92831,10258
156,1,4,0,0,3,58,TRAINING,5,10,0,2,07534126,0ba92813,2914
156,1,4,0,0,3,59,TRAINING,1,8,0,7,07534621,0ba92318,7394
156,1,4,0,0,3,60,TRAINING,3,9,0,5,07564321,0ba32918,7050
156,1,4,0,0,3,61,TRAINING,1,8,0,7,27564301,1ba32908,7714
156,1,4,0,0,3,62,TRAINING,6,3,0,3,27560341,1ba30928,10353
156,1,4,0,0,3,63,TRAINING,2,1,1,0,23560741,19a30b28,7155
156,1,4,0,0,3,64,TRAINING,6,3,0,3,23560471,19a302b8,8554
156,1,4,0,0,3,65,TEST,7,11,1,1,true,17819
156,1,4,0,0,3,66,TEST,4,2,1,1,true,5578
156,1,4,0,0,3,67,TEST,5,10,0,0,true,17728
156,1,4,0,0,3,68,TEST,6,3,0,1,false,13290
156,1,4,0,0,3,69,TEST,3,9,0,0,true,4779
156,1,4,0,0,3,70,TEST,0,0,1,1,true,9865
156,1,4,0,0,3,71,TEST,1,8,0,0,true,2570
156,1,4,0,0,3,72,TEST,2,1,1,0,false,3644
156,1,4,0,0,4,73,TRAINING,3,9,0,6,60412537,30281a9b,17160
156,1,4,0,0,4,74,TRAINING,2,1,1,7,60417532,3028ba91,8258
156,1,4,0,0,4,75,TRAINING,2,1,1,7,60471532,302b8a91,4649
156,1,4,0,0,4,76,TRAINING,0,0,1,1,30471562,902b8a31,8938
156,1,4,0,0,4,77,TRAINING,1,8,0,4,30671542,903b8a21,7498
156,1,4,0,0,4,78,TRAINING,4,2,1,6,30271546,901b8a23,12824
156,1,4,0,0,4,79,TRAINING,1,8,0,4,70231546,b0198a23,7553
156,1,4,0,0,4,80,TRAINING,5,10,0,5,70261543,b0138a29,10100
156,1,4,0,0,4,81,TRAINING,4,2,1,6,76201543,b3108a29,10051
156,1,4,0,0,4,82,TRAINING,6,3,0,1,76210543,b3180a29,11761
156,1,4,0,0,4,83,TRAINING,0,0,1,0,06217543,0318ba29,5979
156,1,4,0,0,4,84,TRAINING,6,3,0,1,06417523,0328ba19,5610
156,1,4,0,0,4,85,TRAINING,5,10,0,5,06413527,03289a1b,4769
156,1,4,0,0,4,86,TRAINING,7,11,1,4,06417523,0328ba19,22130
156,1,4,0,0,4,87,TRAINING,3,9,0,7,01467523,0823ba19,8682
156,1,4,0,0,4,88,TRAINING,7,11,1,4,06417523,0328ba19,5962
156,1,4,0,0,4,89,TEST,4,2,1,1,true,8303
156,1,4,0,0,4,90,TEST,2,1,1,1,true,6779
156,1,4,0,0,4,91,TEST,7,11,1,1,true,7874
156,1,4,0,0,4,92,TEST,0,0,1,1,true,3451
156,1,4,0,0,4,93,TEST,6,3,0,0,true,14474
156,1,4,0,0,4,94,TEST,1,8,0,0,true,5098
156,1,4,0,0,4,95,TEST,5,10,0,0,true,7859
156,1,4,0,0,4,96,TEST,3,9,0,0,true,4979
156,1,4,0,0,5,97,TRAINING,6,3,0,3,42360571,21930ab8,29424
156,1,4,0,0,5,98,TRAINING,1,8,0,7,02364571,01932ab8,7748
156,1,4,0,0,5,99,TRAINING,0,0,1,0,02364751,01932ba8,6122
156,1,4,0,0,5,100,TRAINING,6,3,0,3,02564731,01a32b98,8843
156,1,4,0,0,5,101,TRAINING,5,10,0,6,02364751,01932ba8,8754
156,1,4,0,0,5,102,TRAINING,7,11,1,5,32064751,91032ba8,8620
156,1,4,0,0,5,103,TRAINING,0,0,1,2,23064751,19032ba8,7921
156,1,4,0,0,5,104,TRAINING,2,1,1,3,63024751,39012ba8,8602
156,1,4,0,0,5,105,TRAINING,5,10,0,5,63024571,39012ab8,4674
156,1,4,0,0,5,106,TRAINING,7,11,1,2,63724501,39b12a08,5279
156,1,4,0,0,5,107,TRAINING,4,2,1,7,63721504,39b18a02,15371
156,1,4,0,0,5,108,TRAINING,3,9,0,0,36721504,93b18a02,11058
156,1,4,0,0,5,109,TRAINING,2,1,1,3,30721564,90b18a32,7314
156,1,4,0,0,5,110,TRAINING,1,8,0,4,30721654,90b183a2,5866
156,1,4,0,0,5,111,TRAINING,4,2,1,7,50721634,a0b18392,4427
156,1,4,0,0,5,112,TRAINING,3,9,0,6,60721534,30b18a92,8510
156,1,4,0,0,5,113,TEST,1,8,0,0,true,7010
156,1,4,0,0,5,114,TEST,2,1,1,1,true,9187
156,1,4,0,0,5,115,TEST,3,9,0,0,true,4515
156,1,4,0,0,5,116,TEST,6,3,0,0,true,15826
156,1,4,0,0,5,117,TEST,5,10,0,0,true,5043
156,1,4,0,0,5,118,TEST,7,11,1,1,true,4721
156,1,4,0,0,5,119,TEST,0,0,1,1,true,4481
156,1,4,0,0,5,120,TEST,4,2,1,1,true,3755
156,1,4,0,0,INSTRUCT,postquestionnaire,2

rulestrategy:I took notes used letters to shorten notes: like I did P (purple) then if had dots I made dots then did Y (yellow) then drew a box to determine border.
howtoimprove:
engagement:8
difficulty:7
physicalaids:no