158,1,3,21,1,INSTRUCT,instruct1,26017
158,1,3,21,1,INSTRUCT,instructCatExample,19620
158,1,3,21,1,INSTRUCT,instructCatColor,10005
158,1,3,21,1,INSTRUCT,instructCatStripe,21244
158,1,3,21,1,INSTRUCT,instructDemoIntro,40492
158,1,3,21,1,INSTRUCT,instructDemo,91288
158,1,3,21,1,INSTRUCT,instructTest,53626
158,1,3,21,1,INSTRUCT,instructTest2,50893
158,1,3,21,1,INSTRUCT,instructDimColor,17918
158,1,3,21,1,INSTRUCT,instructDimBorder,8437
158,1,3,21,1,INSTRUCT,instructDimDots,7566
158,1,3,21,1,INSTRUCT,instructDimStripe,7271
158,1,3,21,1,INSTRUCT,instructDimAll,24421
158,1,3,21,1,INSTRUCT,instructFinal,49420
158,1,3,21,1,1,1,TRAINING,2,9,1,6,75301426,c481059d,9849
158,1,3,21,1,1,2,TRAINING,0,1,1,3,71305426,c081459d,3178
158,1,3,21,1,1,3,TRAINING,6,13,0,7,71503426,c041859d,3474
158,1,3,21,1,1,4,TRAINING,5,4,0,1,75103426,c401859d,2554
158,1,3,21,1,1,5,TRAINING,4,5,1,5,75102436,c401958d,2178
158,1,3,21,1,1,6,TRAINING,3,8,0,6,75106432,c401d589,2474
158,1,3,21,1,1,7,TRAINING,1,0,1,2,57106432,4c01d589,2380
158,1,3,21,1,1,8,TRAINING,1,0,1,2,50176432,410cd589,2253
158,1,3,21,1,1,9,TRAINING,3,8,0,7,50176423,410cd598,2258
158,1,3,21,1,1,10,TRAINING,4,5,1,3,50146723,4105dc98,2491
158,1,3,21,1,1,11,TRAINING,5,4,0,5,70146523,c105d498,2398
158,1,3,21,1,1,12,TRAINING,7,12,0,7,30146527,8105d49c,2291
158,1,3,21,1,1,13,TRAINING,7,12,0,7,30246517,8195d40c,2427
158,1,3,21,1,1,14,TRAINING,2,9,1,2,30264517,819d540c,2968
158,1,3,21,1,1,15,TRAINING,6,13,0,5,30254617,81945d0c,3841
158,1,3,21,1,1,16,TRAINING,0,1,1,1,30274615,819c5d04,2731
158,1,3,21,1,1,17,TEST,5,4,0,1,false,7593
158,1,3,21,1,1,18,TEST,4,5,1,0,false,6418
158,1,3,21,1,1,19,TEST,0,1,1,0,false,6643
158,1,3,21,1,1,20,TEST,6,13,0,1,false,3267
158,1,3,21,1,1,21,TEST,7,12,0,0,true,2796
158,1,3,21,1,1,22,TEST,3,8,0,0,true,1356
158,1,3,21,1,1,23,TEST,1,0,1,0,false,1027
158,1,3,21,1,1,24,TEST,2,9,1,1,true,1212
158,1,3,21,1,2,25,TRAINING,6,13,0,0,62740513,d9c51408,13331
158,1,3,21,1,2,26,TRAINING,7,12,0,7,62340517,d985140c,3560
158,1,3,21,1,2,27,TRAINING,6,13,0,0,62043517,d915840c,2843
158,1,3,21,1,2,28,TRAINING,0,1,1,2,62041537,d915048c,2240
158,1,3,21,1,2,29,TRAINING,0,1,1,2,62045137,d915408c,1954
158,1,3,21,1,2,30,TRAINING,1,0,1,6,62045317,d915480c,2146
158,1,3,21,1,2,31,TRAINING,3,8,0,5,64025317,d519480c,2058
158,1,3,21,1,2,32,TRAINING,5,4,0,4,60425317,d159480c,2842
158,1,3,21,1,2,33,TRAINING,2,9,1,3,60425371,d15948c0,2698
158,1,3,21,1,2,34,TRAINING,3,8,0,1,63425071,d85941c0,2323
158,1,3,21,1,2,35,TRAINING,7,12,0,6,63524071,d84951c0,3336
158,1,3,21,1,2,36,TRAINING,5,4,0,2,03524671,18495dc0,3115
158,1,3,21,1,2,37,TRAINING,1,0,1,3,03514672,18405dc9,2986
158,1,3,21,1,2,38,TRAINING,4,5,1,0,43510672,58401dc9,2828
158,1,3,21,1,2,39,TRAINING,2,9,1,7,43510762,58401cd9,3171
158,1,3,21,1,2,40,TRAINING,4,5,1,0,43560712,584d1c09,2604
158,1,3,21,1,2,41,TEST,7,12,0,0,true,3833
158,1,3,21,1,2,42,TEST,6,13,0,0,true,931
158,1,3,21,1,2,43,TEST,4,5,1,1,true,1187
158,1,3,21,1,2,44,TEST,5,4,0,1,false,763
158,1,3,21,1,2,45,TEST,2,9,1,0,false,971
158,1,3,21,1,2,46,TEST,0,1,1,1,true,1132
158,1,3,21,1,2,47,TEST,3,8,0,0,true,3380
158,1,3,21,1,2,48,TEST,1,0,1,0,false,995
158,1,3,21,1,3,49,TRAINING,6,13,0,7,03521476,184905cd,2464
158,1,3,21,1,3,50,TRAINING,4,5,1,0,43521076,584901cd,2615
158,1,3,21,1,3,51,TRAINING,5,4,0,6,43721056,58c9014d,4091
158,1,3,21,1,3,52,TRAINING,0,1,1,5,43761052,58cd0149,2315
158,1,3,21,1,3,53,TRAINING,3,8,0,2,47361052,5c8d0149,2141
158,1,3,21,1,3,54,TRAINING,2,9,1,7,57361042,4c8d0159,2228
158,1,3,21,1,3,55,TRAINING,7,12,0,1,57360142,4c8d1059,2034
158,1,3,21,1,3,56,TRAINING,3,8,0,2,07365142,1c8d4059,2097
158,1,3,21,1,3,57,TRAINING,1,0,1,5,27365140,9c8d4051,2257
158,1,3,21,1,3,58,TRAINING,2,9,1,7,07365142,1c8d4059,2401
158,1,3,21,1,3,59,TRAINING,4,5,1,6,57360142,4c8d1059,4106
158,1,3,21,1,3,60,TRAINING,7,12,0,1,07365142,1c8d4059,2082
158,1,3,21,1,3,61,TRAINING,6,13,0,5,07315642,1c804d59,2103
158,1,3,21,1,3,62,TRAINING,1,0,1,3,07314652,1c805d49,2274
158,1,3,21,1,3,63,TRAINING,5,4,0,6,07312654,1c809d45,2041
158,1,3,21,1,3,64,TRAINING,0,1,1,0,07213654,1c908d45,2145
158,1,3,21,1,3,65,TEST,1,0,1,0,false,3183
158,1,3,21,1,3,66,TEST,0,1,1,1,true,2683
158,1,3,21,1,3,67,TEST,5,4,0,1,false,2686
158,1,3,21,1,3,68,TEST,4,5,1,1,true,707
158,1,3,21,1,3,69,TEST,7,12,0,0,true,915
158,1,3,21,1,3,70,TEST,3,8,0,0,true,539
158,1,3,21,1,3,71,TEST,2,9,1,1,true,1348
158,1,3,21,1,3,72,TEST,6,13,0,0,true,1164
158,1,3,21,1,4,73,TRAINING,0,1,1,3,45206137,5491d08c,2977
158,1,3,21,1,4,74,TRAINING,2,9,1,2,45206173,5491d0c8,3794
158,1,3,21,1,4,75,TRAINING,0,1,1,3,75206143,c491d058,2762
158,1,3,21,1,4,76,TRAINING,5,4,0,1,45206173,5491d0c8,3975
158,1,3,21,1,4,77,TRAINING,1,0,1,5,65204173,d49150c8,4027
158,1,3,21,1,4,78,TRAINING,1,0,1,5,05264173,149d50c8,2546
158,1,3,21,1,4,79,TRAINING,2,9,1,2,05263174,149d80c5,3368
158,1,3,21,1,4,80,TRAINING,6,13,0,3,50263174,419d80c5,3963
158,1,3,21,1,4,81,TRAINING,6,13,0,3,57263104,4c9d8015,1691
158,1,3,21,1,4,82,TRAINING,7,12,0,1,27563104,9c4d8015,1730
158,1,3,21,1,4,83,TRAINING,7,12,0,1,27563401,9c4d8510,1905
158,1,3,21,1,4,84,TRAINING,4,5,1,5,27503461,9c4185d0,2107
158,1,3,21,1,4,85,TRAINING,4,5,1,5,27103465,9c0185d4,2177
158,1,3,21,1,4,86,TRAINING,3,8,0,4,27153460,9c0485d1,2014
158,1,3,21,1,4,87,TRAINING,3,8,0,4,27153406,9c04851d,1895
158,1,3,21,1,4,88,TRAINING,5,4,0,5,27143506,9c05841d,2024
158,1,3,21,1,4,89,TEST,6,13,0,1,false,2665
158,1,3,21,1,4,90,TEST,7,12,0,0,true,1082
158,1,3,21,1,4,91,TEST,5,4,0,0,true,1171
158,1,3,21,1,4,92,TEST,2,9,1,1,true,1635
158,1,3,21,1,4,93,TEST,1,0,1,0,false,1084
158,1,3,21,1,4,94,TEST,3,8,0,0,true,620
158,1,3,21,1,4,95,TEST,4,5,1,1,true,925
158,1,3,21,1,4,96,TEST,0,1,1,1,true,1093
158,1,3,21,1,5,97,TRAINING,0,1,1,2,31046572,8015d4c9,1819
158,1,3,21,1,5,98,TRAINING,6,13,0,4,51046372,4015d8c9,2473
158,1,3,21,1,5,99,TRAINING,3,8,0,5,21046375,9015d8c4,4716
158,1,3,21,1,5,100,TRAINING,2,9,1,0,21046357,9015d84c,2027
158,1,3,21,1,5,101,TRAINING,1,0,1,7,27046351,9c15d840,2408
158,1,3,21,1,5,102,TRAINING,4,5,1,5,27036451,9c18d540,2825
158,1,3,21,1,5,103,TRAINING,5,4,0,6,27063451,9c1d8540,1971
158,1,3,21,1,5,104,TRAINING,4,5,1,5,26073451,9d1c8540,2185
158,1,3,21,1,5,105,TRAINING,5,4,0,6,27063451,9c1d8540,2050
158,1,3,21,1,5,106,TRAINING,6,13,0,3,37062451,8c1d9540,3231
158,1,3,21,1,5,107,TRAINING,7,12,0,1,37462051,8c5d9140,1901
158,1,3,21,1,5,108,TRAINING,0,1,1,5,57462031,4c5d9180,1985
158,1,3,21,1,5,109,TRAINING,2,9,1,4,57642031,4cd59180,2258
158,1,3,21,1,5,110,TRAINING,3,8,0,1,53642071,48d591c0,1955
158,1,3,21,1,5,111,TRAINING,1,0,1,7,63542071,d84591c0,2058
158,1,3,21,1,5,112,TRAINING,7,12,0,4,63547021,d845c190,2106
158,1,3,21,1,5,113,TEST,3,8,0,0,true,1251
158,1,3,21,1,5,114,TEST,0,1,1,0,false,771
158,1,3,21,1,5,115,TEST,2,9,1,0,false,780
158,1,3,21,1,5,116,TEST,5,4,0,1,false,916
158,1,3,21,1,5,117,TEST,6,13,0,0,true,1251
158,1,3,21,1,5,118,TEST,4,5,1,0,false,636
158,1,3,21,1,5,119,TEST,1,0,1,1,true,779
158,1,3,21,1,5,120,TEST,7,12,0,0,true,811
158,1,3,21,1,6,121,TRAINING,7,12,0,7,56023147,4d19805c,2036
158,1,3,21,1,6,122,TRAINING,2,9,1,4,56032147,4d18905c,1832
158,1,3,21,1,6,123,TRAINING,1,0,1,5,46032157,5d18904c,1823
158,1,3,21,1,6,124,TRAINING,6,13,0,1,46732150,5dc89041,1731
158,1,3,21,1,6,125,TRAINING,0,1,1,7,46752130,5dc49081,1970
158,1,3,21,1,6,126,TRAINING,6,13,0,1,46257130,5d94c081,1939
158,1,3,21,1,6,127,TRAINING,3,8,0,0,36257140,8d94c051,1746
158,1,3,21,1,6,128,TRAINING,2,9,1,2,36257104,8d94c015,1830
158,1,3,21,1,6,129,TRAINING,4,5,1,7,36257014,8d94c105,1993
158,1,3,21,1,6,130,TRAINING,3,8,0,0,31257064,8094c1d5,1794
158,1,3,21,1,6,131,TRAINING,5,4,0,3,36257014,8d94c105,1819
158,1,3,21,1,6,132,TRAINING,1,0,1,6,36057214,8d14c905,1938
158,1,3,21,1,6,133,TRAINING,4,5,1,7,63057214,d814c905,1820
158,1,3,21,1,6,134,TRAINING,7,12,0,4,60357214,d184c905,1876
158,1,3,21,1,6,135,TRAINING,5,4,0,5,60327514,d189c405,1836
158,1,3,21,1,6,136,TRAINING,0,1,1,1,20367514,918dc405,1794
158,1,3,21,1,6,137,TEST,3,8,0,1,false,968
158,1,3,21,1,6,138,TEST,1,0,1,1,true,811
158,1,3,21,1,6,139,TEST,5,4,0,0,true,843
158,1,3,21,1,6,140,TEST,4,5,1,0,false,652
158,1,3,21,1,6,141,TEST,2,9,1,1,true,740
158,1,3,21,1,6,142,TEST,7,12,0,0,true,677
158,1,3,21,1,6,143,TEST,6,13,0,0,true,686
158,1,3,21,1,6,144,TEST,0,1,1,1,true,708
158,1,3,21,1,7,145,TRAINING,3,8,0,7,74126053,c509d148,2237
158,1,3,21,1,7,146,TRAINING,0,1,1,0,04126753,1509dc48,1937
158,1,3,21,1,7,147,TRAINING,3,8,0,7,04162753,150d9c48,2010
158,1,3,21,1,7,148,TRAINING,0,1,1,0,04162573,150d94c8,3465
158,1,3,21,1,7,149,TRAINING,1,0,1,1,01462573,105d94c8,3891
158,1,3,21,1,7,150,TRAINING,7,12,0,6,01362574,108d94c5,2298
158,1,3,21,1,7,151,TRAINING,2,9,1,4,31062574,801d94c5,2186
158,1,3,21,1,7,152,TRAINING,7,12,0,6,41062573,501d94c8,1804
158,1,3,21,1,7,153,TRAINING,5,4,0,5,40162573,510d94c8,2106
158,1,3,21,1,7,154,TRAINING,6,13,0,3,40362571,518d94c0,2071
158,1,3,21,1,7,155,TRAINING,5,4,0,5,40362517,518d940c,2216
158,1,3,21,1,7,156,TRAINING,1,0,1,6,47362510,5c8d9401,2761
158,1,3,21,1,7,157,TRAINING,2,9,1,1,42367510,598dc401,1953
158,1,3,21,1,7,158,TRAINING,6,13,0,0,62347510,d985c401,1819
158,1,3,21,1,7,159,TRAINING,4,5,1,3,62347015,d985c104,2031
158,1,3,21,1,7,160,TRAINING,4,5,1,3,65347012,d485c109,1722
158,1,3,21,1,7,161,TEST,3,8,0,0,true,1802
158,1,3,21,1,7,162,TEST,7,12,0,0,true,739
158,1,3,21,1,7,163,TEST,6,13,0,1,false,923
158,1,3,21,1,7,164,TEST,2,9,1,1,true,1276
158,1,3,21,1,7,165,TEST,4,5,1,1,true,620
158,1,3,21,1,7,166,TEST,0,1,1,1,true,652
158,1,3,21,1,7,167,TEST,1,0,1,0,false,788
158,1,3,21,1,7,168,TEST,5,4,0,0,true,251
158,1,3,21,1,8,169,TRAINING,4,5,1,6,23056147,9814d05c,1492
158,1,3,21,1,8,170,TRAINING,2,9,1,3,53026147,4819d05c,2063
158,1,3,21,1,8,171,TRAINING,0,1,1,0,03526147,1849d05c,7331
158,1,3,21,1,8,172,TRAINING,3,8,0,1,03526741,1849dc50,2058
158,1,3,21,1,8,173,TRAINING,7,12,0,5,03562741,184d9c50,2257
158,1,3,21,1,8,174,TRAINING,6,13,0,3,23560741,984d1c50,3046
158,1,3,21,1,8,175,TRAINING,1,0,1,7,25360741,948d1c50,1870
158,1,3,21,1,8,176,TRAINING,1,0,1,7,35260741,849d1c50,2326
158,1,3,21,1,8,177,TRAINING,4,5,1,6,30265741,819d4c50,1922
158,1,3,21,1,8,178,TRAINING,5,4,0,4,37265041,8c9d4150,2225
158,1,3,21,1,8,179,TRAINING,0,1,1,2,37065241,8c1d4950,3195
158,1,3,21,1,8,180,TRAINING,5,4,0,4,37045261,8c1549d0,1955
158,1,3,21,1,8,181,TRAINING,2,9,1,6,37045621,8c154d90,1927
158,1,3,21,1,8,182,TRAINING,3,8,0,0,31045627,80154d9c,2018
158,1,3,21,1,8,183,TRAINING,7,12,0,7,31065427,801d459c,1906
158,1,3,21,1,8,184,TRAINING,6,13,0,3,35061427,841d059c,3794
158,1,3,21,1,8,185,TEST,1,0,1,0,false,3161
158,1,3,21,1,8,186,TEST,0,1,1,1,true,1203
158,1,3,21,1,8,187,TEST,3,8,0,0,true,699
158,1,3,21,1,8,188,TEST,7,12,0,0,true,687
158,1,3,21,1,8,189,TEST,4,5,1,1,true,1057
158,1,3,21,1,8,190,TEST,5,4,0,0,true,1052
158,1,3,21,1,8,191,TEST,6,13,0,1,false,1787
158,1,3,21,1,8,192,TEST,2,9,1,1,true,2149
158,1,3,21,1,9,193,TRAINING,2,9,1,5,51074236,401c598d,1402
158,1,3,21,1,9,194,TRAINING,1,0,1,0,15074236,041c598d,2827
158,1,3,21,1,9,195,TRAINING,4,5,1,6,15073246,041c895d,6634
158,1,3,21,1,9,196,TRAINING,7,12,0,3,10573246,014c895d,5754
158,1,3,21,1,9,197,TRAINING,4,5,1,6,15073246,041c895d,1913
158,1,3,21,1,9,198,TRAINING,0,1,1,4,15370246,048c195d,3818
158,1,3,21,1,9,199,TRAINING,2,9,1,0,25370146,948c105d,3067
158,1,3,21,1,9,200,TRAINING,3,8,0,2,24370156,958c104d,2036
158,1,3,21,1,9,201,TRAINING,1,0,1,5,26370154,9d8c1045,3224
158,1,3,21,1,9,202,TRAINING,5,4,0,4,26375104,9d8c4015,3995
158,1,3,21,1,9,203,TRAINING,3,8,0,6,26075134,9d1c4085,1851
158,1,3,21,1,9,204,TRAINING,6,13,0,1,26705134,9dc14085,1914
158,1,3,21,1,9,205,TRAINING,6,13,0,1,06725134,1dc94085,1798
158,1,3,21,1,9,206,TRAINING,0,1,1,6,36725104,8dc94015,2010
158,1,3,21,1,9,207,TRAINING,7,12,0,2,36715204,8dc04915,4738
158,1,3,21,1,9,208,TRAINING,5,4,0,4,36745201,8dc54910,2130
158,1,3,21,1,9,209,TEST,5,4,0,0,true,1785
158,1,3,21,1,9,210,TEST,0,1,1,0,false,923
158,1,3,21,1,9,211,TEST,6,13,0,0,true,907
158,1,3,21,1,9,212,TEST,1,0,1,0,false,723
158,1,3,21,1,9,213,TEST,4,5,1,0,false,620
158,1,3,21,1,9,214,TEST,2,9,1,0,false,628
158,1,3,21,1,9,215,TEST,3,8,0,0,true,708
158,1,3,21,1,9,216,TEST,7,12,0,0,true,660
158,1,3,21,1,10,217,TRAINING,5,4,0,1,65041732,d4150c89,2038
158,1,3,21,1,10,218,TRAINING,6,13,0,0,65140732,d4051c89,2408
158,1,3,21,1,10,219,TRAINING,1,0,1,7,65240731,d4951c80,1971
158,1,3,21,1,10,220,TRAINING,4,5,1,3,65740231,d4c51980,2351
158,1,3,21,1,10,221,TRAINING,3,8,0,6,25740631,94c51d80,2603
158,1,3,21,1,10,222,TRAINING,3,8,0,6,25047631,9415cd80,1715
158,1,3,21,1,10,223,TRAINING,4,5,1,2,25407631,9451cd80,1834
158,1,3,21,1,10,224,TRAINING,7,12,0,4,65407231,d451c980,2265
158,1,3,21,1,10,225,TRAINING,2,9,1,5,61407235,d051c984,4849
158,1,3,21,1,10,226,TRAINING,0,1,1,2,61047235,d015c984,2242
158,1,3,21,1,10,227,TRAINING,5,4,0,7,16047235,0d15c984,2346
158,1,3,21,1,10,228,TRAINING,1,0,1,0,14067235,051dc984,2226
158,1,3,21,1,10,229,TRAINING,6,13,0,4,14076235,051cd984,1988
158,1,3,21,1,10,230,TRAINING,2,9,1,5,17046235,0c15d984,1858
158,1,3,21,1,10,231,TRAINING,0,1,1,2,17056234,0c14d985,1954
158,1,3,21,1,10,232,TRAINING,7,12,0,1,17056243,0c14d958,1985
158,1,3,21,1,10,233,TEST,4,5,1,0,false,928
158,1,3,21,1,10,234,TEST,3,8,0,1,false,874
158,1,3,21,1,10,235,TEST,2,9,1,1,true,660
158,1,3,21,1,10,236,TEST,5,4,0,0,true,802
158,1,3,21,1,10,237,TEST,7,12,0,0,true,587
158,1,3,21,1,10,238,TEST,6,13,0,0,true,651
158,1,3,21,1,10,239,TEST,0,1,1,1,true,1043
158,1,3,21,1,10,240,TEST,1,0,1,1,true,660
158,1,3,21,1,11,241,TRAINING,0,1,1,5,45167032,540dc189,1486
158,1,3,21,1,11,242,TRAINING,2,9,1,7,45137062,5408c1d9,2127
158,1,3,21,1,11,243,TRAINING,5,4,0,4,47135062,5c0841d9,2099
158,1,3,21,1,11,244,TRAINING,2,9,1,7,40135762,51084cd9,1962
158,1,3,21,1,11,245,TRAINING,4,5,1,0,40165732,510d4c89,2017
158,1,3,21,1,11,246,TRAINING,3,8,0,6,40175632,510c4d89,2025
158,1,3,21,1,11,247,TRAINING,7,12,0,3,40275631,519c4d80,2092
158,1,3,21,1,11,248,TRAINING,4,5,1,0,40275136,519c408d,2050
158,1,3,21,1,11,249,TRAINING,6,13,0,7,42075136,591c408d,2074
158,1,3,21,1,11,250,TRAINING,5,4,0,4,42705136,59c1408d,7264
158,1,3,21,1,11,251,TRAINING,1,0,1,1,41705236,50c1498d,1905
158,1,3,21,1,11,252,TRAINING,1,0,1,1,41735206,50c8491d,1745
158,1,3,21,1,11,253,TRAINING,0,1,1,6,51734206,40c8591d,1945
158,1,3,21,1,11,254,TRAINING,7,12,0,2,51724306,40c9581d,1945
158,1,3,21,1,11,255,TRAINING,3,8,0,5,56724301,4dc95810,1836
158,1,3,21,1,11,256,TRAINING,6,13,0,1,16724305,0dc95814,1898
158,1,3,21,1,11,257,TEST,3,8,0,0,true,1019
158,1,3,21,1,11,258,TEST,2,9,1,1,true,818
158,1,3,21,1,11,259,TEST,0,1,1,1,true,660
158,1,3,21,1,11,260,TEST,5,4,0,0,true,908
158,1,3,21,1,11,261,TEST,1,0,1,0,false,805
158,1,3,21,1,11,262,TEST,7,12,0,0,true,788
158,1,3,21,1,11,263,TEST,4,5,1,1,true,836
158,1,3,21,1,11,264,TEST,6,13,0,1,false,700
158,1,3,21,1,12,265,TRAINING,4,5,1,0,42673015,59dc8104,1621
158,1,3,21,1,12,266,TRAINING,7,12,0,3,43672015,58dc9104,2024
158,1,3,21,1,12,267,TRAINING,2,9,1,4,45672013,54dc9108,11608
158,1,3,21,1,12,268,TRAINING,1,0,1,6,05672413,14dc9508,3290
158,1,3,21,1,12,269,TRAINING,5,4,0,0,50672413,41dc9508,4187
158,1,3,21,1,12,270,TRAINING,6,13,0,1,56072413,4d1c9508,2913
158,1,3,21,1,12,271,TRAINING,1,0,1,7,56072431,4d1c9580,2260
158,1,3,21,1,12,272,TRAINING,3,8,0,6,56472031,4d5c9180,2012
158,1,3,21,1,12,273,TRAINING,5,4,0,2,46572031,5d4c9180,1663
158,1,3,21,1,12,274,TRAINING,4,5,1,0,46572130,5d4c9081,1802
158,1,3,21,1,12,275,TRAINING,7,12,0,1,47562130,5c4d9081,1830
158,1,3,21,1,12,276,TRAINING,3,8,0,7,47562103,5c4d9018,1856
158,1,3,21,1,12,277,TRAINING,2,9,1,4,47512603,5c409d18,2009
158,1,3,21,1,12,278,TRAINING,0,1,1,1,40512673,51409dc8,1884
158,1,3,21,1,12,279,TRAINING,6,13,0,5,40152673,51049dc8,1743
158,1,3,21,1,12,280,TRAINING,0,1,1,1,20154673,91045dc8,1842
158,1,3,21,1,12,281,TEST,3,8,0,0,true,1091
158,1,3,21,1,12,282,TEST,4,5,1,1,true,1144
158,1,3,21,1,12,283,TEST,2,9,1,1,true,1700
158,1,3,21,1,12,284,TEST,1,0,1,0,false,972
158,1,3,21,1,12,285,TEST,7,12,0,0,true,691
158,1,3,21,1,12,286,TEST,5,4,0,1,false,1181
158,1,3,21,1,12,287,TEST,6,13,0,1,false,787
158,1,3,21,1,12,288,TEST,0,1,1,1,true,852
158,1,3,21,1,13,289,TRAINING,4,5,1,1,64701523,d5c10498,1697
158,1,3,21,1,13,290,TRAINING,3,8,0,3,64731520,d5c80491,1720
158,1,3,21,1,13,291,TRAINING,6,13,0,0,64731025,d5c80194,2041
158,1,3,21,1,13,292,TRAINING,7,12,0,4,64137025,d508c194,1770
158,1,3,21,1,13,293,TRAINING,4,5,1,1,64107325,d501c894,1841
158,1,3,21,1,13,294,TRAINING,1,0,1,7,64507321,d541c890,1992
158,1,3,21,1,13,295,TRAINING,1,0,1,7,64207351,d591c840,1674
158,1,3,21,1,13,296,TRAINING,3,8,0,0,34207651,8591cd40,1846
158,1,3,21,1,13,297,TRAINING,5,4,0,6,34267051,859dc140,1879
158,1,3,21,1,13,298,TRAINING,0,1,1,5,34627051,85d9c140,1882
158,1,3,21,1,13,299,TRAINING,2,9,1,3,31627054,80d9c145,2336
158,1,3,21,1,13,300,TRAINING,2,9,1,3,31624057,80d9514c,2011
158,1,3,21,1,13,301,TRAINING,5,4,0,6,31627054,80d9c145,2018
158,1,3,21,1,13,302,TRAINING,7,12,0,4,31427056,8059c14d,1944
158,1,3,21,1,13,303,TRAINING,0,1,1,0,01427356,1059c84d,1889
158,1,3,21,1,13,304,TRAINING,6,13,0,7,01327456,1089c54d,2827
158,1,3,21,1,13,305,TEST,7,12,0,0,true,1135
158,1,3,21,1,13,306,TEST,4,5,1,1,true,1369
158,1,3,21,1,13,307,TEST,2,9,1,0,false,1107
158,1,3,21,1,13,308,TEST,5,4,0,0,true,1044
158,1,3,21,1,13,309,TEST,3,8,0,0,true,1100
158,1,3,21,1,13,310,TEST,1,0,1,0,false,2061
158,1,3,21,1,13,311,TEST,6,13,0,1,false,1188
158,1,3,21,1,13,312,TEST,0,1,1,1,true,1123
158,1,3,21,1,14,313,TRAINING,6,13,0,0,63054712,d8145c09,1811
158,1,3,21,1,14,314,TRAINING,4,5,1,6,63051742,d8140c59,1947
158,1,3,21,1,14,315,TRAINING,1,0,1,2,63150742,d8041c59,2848
158,1,3,21,1,14,316,TRAINING,3,8,0,1,63105742,d8014c59,1771
158,1,3,21,1,14,317,TRAINING,7,12,0,6,63105472,d80145c9,2089
158,1,3,21,1,14,318,TRAINING,0,1,1,3,63105274,d80149c5,2151
158,1,3,21,1,14,319,TRAINING,0,1,1,3,63205174,d89140c5,2186
158,1,3,21,1,14,320,TRAINING,5,4,0,4,63105274,d80149c5,2219
158,1,3,21,1,14,321,TRAINING,2,9,1,6,63105724,d8014c95,2967
158,1,3,21,1,14,322,TRAINING,4,5,1,7,36105724,8d014c95,1722
158,1,3,21,1,14,323,TRAINING,1,0,1,4,36501724,8d410c95,1859
158,1,3,21,1,14,324,TRAINING,6,13,0,1,06531724,1d480c95,2275
158,1,3,21,1,14,325,TRAINING,2,9,1,6,76531024,cd480195,1947
158,1,3,21,1,14,326,TRAINING,7,12,0,0,76351024,cd840195,1892
158,1,3,21,1,14,327,TRAINING,5,4,0,5,76301524,cd810495,2483
158,1,3,21,1,14,328,TRAINING,3,8,0,2,76304521,cd815490,2203
158,1,3,21,1,14,329,TEST,5,4,0,1,false,1073
158,1,3,21,1,14,330,TEST,7,12,0,0,true,820
158,1,3,21,1,14,331,TEST,3,8,0,0,true,747
158,1,3,21,1,14,332,TEST,4,5,1,1,true,899
158,1,3,21,1,14,333,TEST,0,1,1,1,true,996
158,1,3,21,1,14,334,TEST,1,0,1,0,false,876
158,1,3,21,1,14,335,TEST,2,9,1,0,false,935
158,1,3,21,1,14,336,TEST,6,13,0,0,true,808
158,1,3,21,1,15,337,TRAINING,3,8,0,1,43071652,581c0d49,1633
158,1,3,21,1,15,338,TRAINING,1,0,1,4,43061752,581d0c49,2216
158,1,3,21,1,15,339,TRAINING,0,1,1,2,43051762,58140cd9,1915
158,1,3,21,1,15,340,TRAINING,7,12,0,5,46051732,5d140c89,1842
158,1,3,21,1,15,341,TRAINING,2,9,1,7,46031752,5d180c49,1903
158,1,3,21,1,15,342,TRAINING,5,4,0,6,41036752,5018dc49,6353
158,1,3,21,1,15,343,TRAINING,1,0,1,1,31046752,8015dc49,1730
158,1,3,21,1,15,344,TRAINING,4,5,1,3,31640752,80d51c49,1859
158,1,3,21,1,15,345,TRAINING,0,1,1,4,51640732,40d51c89,2202
158,1,3,21,1,15,346,TRAINING,2,9,1,7,51340762,40851cd9,2000
158,1,3,21,1,15,347,TRAINING,7,12,0,5,54310762,45801cd9,3601
158,1,3,21,1,15,348,TRAINING,6,13,0,6,54301762,45810cd9,5090
158,1,3,21,1,15,349,TRAINING,6,13,0,6,54201763,45910cd8,4282
158,1,3,21,1,15,350,TRAINING,3,8,0,7,04251763,15940cd8,2371
158,1,3,21,1,15,351,TRAINING,4,5,1,1,04257163,1594c0d8,2308
158,1,3,21,1,15,352,TRAINING,5,4,0,3,04256173,1594d0c8,2428
158,1,3,21,1,15,353,TEST,7,12,0,0,true,1663
158,1,3,21,1,15,354,TEST,3,8,0,0,true,788
158,1,3,21,1,15,355,TEST,5,4,0,0,true,1244
158,1,3,21,1,15,356,TEST,4,5,1,1,true,1516
158,1,3,21,1,15,357,TEST,6,13,0,0,true,2404
158,1,3,21,1,15,358,TEST,0,1,1,1,true,1147
158,1,3,21,1,15,359,TEST,1,0,1,0,false,1331
158,1,3,21,1,15,360,TEST,2,9,1,0,false,1907
158,1,3,21,1,16,361,TRAINING,1,0,1,2,05132674,14089dc5,1938
158,1,3,21,1,16,362,TRAINING,1,0,1,2,02135674,19084dc5,1818
158,1,3,21,1,16,363,TRAINING,3,8,0,3,02134675,19085dc4,1937
158,1,3,21,1,16,364,TRAINING,4,5,1,4,02134765,19085cd4,2545
158,1,3,21,1,16,365,TRAINING,5,4,0,7,06134725,1d085c94,6009
158,1,3,21,1,16,366,TRAINING,0,1,1,0,06314725,1d805c94,2035
158,1,3,21,1,16,367,TRAINING,7,12,0,5,06341725,1d850c94,1746
158,1,3,21,1,16,368,TRAINING,4,5,1,3,06541723,1d450c98,1965
158,1,3,21,1,16,369,TRAINING,7,12,0,5,02541763,19450cd8,1736
158,1,3,21,1,16,370,TRAINING,6,13,0,6,02341765,19850cd4,3347
158,1,3,21,1,16,371,TRAINING,0,1,1,0,02541763,19450cd8,2128
158,1,3,21,1,16,372,TRAINING,2,9,1,1,02571463,194c05d8,1786
158,1,3,21,1,16,373,TRAINING,2,9,1,1,02576413,194cd508,2139
158,1,3,21,1,16,374,TRAINING,3,8,0,7,02571463,194c05d8,2243
158,1,3,21,1,16,375,TRAINING,6,13,0,6,52071463,491c05d8,1978
158,1,3,21,1,16,376,TRAINING,5,4,0,0,52017463,4910c5d8,2040
158,1,3,21,1,16,377,TEST,1,0,1,1,true,1225
158,1,3,21,1,16,378,TEST,5,4,0,0,true,995
158,1,3,21,1,16,379,TEST,4,5,1,1,true,1100
158,1,3,21,1,16,380,TEST,7,12,0,0,true,900
158,1,3,21,1,16,381,TEST,0,1,1,1,true,725
158,1,3,21,1,16,382,TEST,2,9,1,1,true,1871
158,1,3,21,1,16,383,TEST,3,8,0,0,true,889
158,1,3,21,1,16,384,TEST,6,13,0,0,true,1116
158,1,3,21,1,17,385,TRAINING,4,5,1,4,30614725,81d05c94,2564
158,1,3,21,1,17,386,TRAINING,3,8,0,0,30654721,81d45c90,1973
158,1,3,21,1,17,387,TRAINING,3,8,0,0,32654701,89d45c10,1753
158,1,3,21,1,17,388,TRAINING,6,13,0,2,32604751,89d15c40,2026
158,1,3,21,1,17,389,TRAINING,2,9,1,7,31604752,80d15c49,2163
158,1,3,21,1,17,390,TRAINING,5,4,0,6,31674052,80dc5149,1748
158,1,3,21,1,17,391,TRAINING,6,13,0,3,31764052,80cd5149,2048
158,1,3,21,1,17,392,TRAINING,0,1,1,5,31264057,809d514c,1847
158,1,3,21,1,17,393,TRAINING,1,0,1,7,37264051,8c9d5140,2159
158,1,3,21,1,17,394,TRAINING,5,4,0,1,35264071,849d51c0,1871
158,1,3,21,1,17,395,TRAINING,7,12,0,6,35064271,841d59c0,1995
158,1,3,21,1,17,396,TRAINING,0,1,1,4,35460271,845d19c0,1907
158,1,3,21,1,17,397,TRAINING,7,12,0,6,34560271,854d19c0,1905
158,1,3,21,1,17,398,TRAINING,1,0,1,7,64530271,d54819c0,1852
158,1,3,21,1,17,399,TRAINING,4,5,1,4,60534271,d14859c0,1744
158,1,3,21,1,17,400,TRAINING,2,9,1,6,60534721,d1485c90,2163
158,1,3,21,1,17,401,TEST,4,5,1,0,false,1278
158,1,3,21,1,17,402,TEST,1,0,1,1,true,1012
158,1,3,21,1,17,403,TEST,5,4,0,0,true,772
158,1,3,21,1,17,404,TEST,7,12,0,0,true,883
158,1,3,21,1,17,405,TEST,3,8,0,0,true,1204
158,1,3,21,1,17,406,TEST,0,1,1,1,true,1956
158,1,3,21,1,17,407,TEST,6,13,0,0,true,1052
158,1,3,21,1,17,408,TEST,2,9,1,1,true,1867
158,1,3,21,1,18,409,TRAINING,2,9,1,4,31702465,80c195d4,2811
158,1,3,21,1,18,410,TRAINING,7,12,0,2,51702463,40c195d8,2299
158,1,3,21,1,18,411,TRAINING,4,5,1,5,51762403,40cd9518,2371
158,1,3,21,1,18,412,TRAINING,3,8,0,7,51702463,40c195d8,2003
158,1,3,21,1,18,413,TRAINING,6,13,0,6,71502463,c04195d8,1650
158,1,3,21,1,18,414,TRAINING,5,4,0,4,71205463,c09145d8,2659
158,1,3,21,1,18,415,TRAINING,1,0,1,1,31205467,809145dc,2131
158,1,3,21,1,18,416,TRAINING,5,4,0,4,31205476,809145cd,1920
158,1,3,21,1,18,417,TRAINING,0,1,1,3,71205436,c091458d,2376
158,1,3,21,1,18,418,TRAINING,1,0,1,1,41205736,50914c8d,2116
158,1,3,21,1,18,419,TRAINING,2,9,1,2,41207536,5091c48d,1881
158,1,3,21,1,18,420,TRAINING,3,8,0,6,41206537,5091d48c,1919
158,1,3,21,1,18,421,TRAINING,0,1,1,3,45206137,5491d08c,1890
158,1,3,21,1,18,422,TRAINING,6,13,0,2,45602137,54d1908c,2450
158,1,3,21,1,18,423,TRAINING,7,12,0,7,45602317,54d1980c,1819
158,1,3,21,1,18,424,TRAINING,4,5,1,0,45632017,54d8910c,1887
158,1,3,21,1,18,425,TEST,2,9,1,0,false,3051
158,1,3,21,1,18,426,TEST,6,13,0,0,true,1035
158,1,3,21,1,18,427,TEST,0,1,1,1,true,851
158,1,3,21,1,18,428,TEST,7,12,0,0,true,740
158,1,3,21,1,18,429,TEST,1,0,1,0,false,1092
158,1,3,21,1,18,430,TEST,4,5,1,1,true,924
158,1,3,21,1,18,431,TEST,3,8,0,0,true,844
158,1,3,21,1,18,432,TEST,5,4,0,0,true,692
158,1,3,21,1,19,433,TRAINING,2,9,1,6,60375421,d18c4590,3140
158,1,3,21,1,19,434,TRAINING,7,12,0,3,40375621,518c4d90,3241
158,1,3,21,1,19,435,TRAINING,6,13,0,5,40175623,510c4d98,3044
158,1,3,21,1,19,436,TRAINING,3,8,0,6,40175632,510c4d89,2315
158,1,3,21,1,19,437,TRAINING,0,1,1,1,50174632,410c5d89,1970
158,1,3,21,1,19,438,TRAINING,6,13,0,5,10574632,014c5d89,2066
158,1,3,21,1,19,439,TRAINING,5,4,0,4,10475632,015c4d89,1882
158,1,3,21,1,19,440,TRAINING,3,8,0,0,30475612,815c4d09,1839
158,1,3,21,1,19,441,TRAINING,0,1,1,1,30425617,81594d0c,1750
158,1,3,21,1,19,442,TRAINING,7,12,0,7,30421657,81590d4c,1881
158,1,3,21,1,19,443,TRAINING,4,5,1,2,20431657,91580d4c,1889
158,1,3,21,1,19,444,TRAINING,1,0,1,3,20413657,91508d4c,1979
158,1,3,21,1,19,445,TRAINING,2,9,1,0,20413675,91508dc4,1913
158,1,3,21,1,19,446,TRAINING,4,5,1,2,26413075,9d5081c4,2283
158,1,3,21,1,19,447,TRAINING,5,4,0,1,25413076,945081cd,1932
158,1,3,21,1,19,448,TRAINING,1,0,1,0,15423076,045981cd,1778
158,1,3,21,1,19,449,TEST,1,0,1,1,true,1404
158,1,3,21,1,19,450,TEST,5,4,0,1,false,1292
158,1,3,21,1,19,451,TEST,6,13,0,1,false,1491
158,1,3,21,1,19,452,TEST,7,12,0,0,true,883
158,1,3,21,1,19,453,TEST,3,8,0,0,true,845
158,1,3,21,1,19,454,TEST,2,9,1,0,false,753
158,1,3,21,1,19,455,TEST,0,1,1,0,false,1219
158,1,3,21,1,19,456,TEST,4,5,1,1,true,1021
158,1,3,21,1,INSTRUCT,postquestionnaire,2

rulestrategy:I know there is a pattern but I think my memory had a lot to do with it. I am not sure but maybe the colors in a particular sequence did the trick for me.
howtoimprove:Use more  shades of the same color
engagement:10
difficulty:10
physicalaids:no