160,1,0,12,0,INSTRUCT,instruct1,20159
160,1,0,12,0,INSTRUCT,instructCatExample,8121
160,1,0,12,0,INSTRUCT,instructCatColor,9725
160,1,0,12,0,INSTRUCT,instructCatStripe,4138
160,1,0,12,0,INSTRUCT,instructDemoIntro,18425
160,1,0,12,0,INSTRUCT,instructDemo,67087
160,1,0,12,0,INSTRUCT,instructTest,13090
160,1,0,12,0,INSTRUCT,instructTest2,4726
160,1,0,12,0,INSTRUCT,instructDimColor,10359
160,1,0,12,0,INSTRUCT,instructDimBorder,2842
160,1,0,12,0,INSTRUCT,instructDimDots,3975
160,1,0,12,0,INSTRUCT,instructDimStripe,2483
160,1,0,12,0,INSTRUCT,instructDimAll,10920
160,1,0,12,0,INSTRUCT,instructFinal,19257
160,1,0,12,0,1,1,TRAINING,3,10,1,1,23075641,2a0b9318,3586
160,1,0,12,0,1,2,TRAINING,1,8,1,2,23175640,2a8b9310,3179
160,1,0,12,0,1,3,TRAINING,7,11,1,5,23165740,2a839b10,1747
160,1,0,12,0,1,4,TRAINING,2,2,0,0,23165704,2a839b01,2216
160,1,0,12,0,1,5,TRAINING,7,11,1,5,26135704,238a9b01,2076
160,1,0,12,0,1,6,TRAINING,6,3,0,1,26135740,238a9b10,1859
160,1,0,12,0,1,7,TRAINING,1,8,1,2,26153740,2389ab10,1599
160,1,0,12,0,1,8,TRAINING,4,1,0,6,26103745,2380ab19,1919
160,1,0,12,0,1,9,TRAINING,2,2,0,0,27103645,2b80a319,1638
160,1,0,12,0,1,10,TRAINING,4,1,0,6,27163045,2b83a019,2247
160,1,0,12,0,1,11,TRAINING,3,10,1,4,27153046,2b89a013,1451
160,1,0,12,0,1,12,TRAINING,0,0,0,5,67153042,3b89a012,1374
160,1,0,12,0,1,13,TRAINING,5,9,1,7,67123045,3b82a019,1224
160,1,0,12,0,1,14,TRAINING,6,3,0,0,67132045,3b8a2019,1562
160,1,0,12,0,1,15,TRAINING,0,0,0,5,62137045,328ab019,3467
160,1,0,12,0,1,16,TRAINING,5,9,1,7,62173045,328ba019,1443
160,1,0,12,0,1,17,TEST,7,11,1,1,true,3351
160,1,0,12,0,1,18,TEST,2,2,0,0,true,2125
160,1,0,12,0,1,19,TEST,1,8,1,1,true,414
160,1,0,12,0,1,20,TEST,0,0,0,0,true,374
160,1,0,12,0,1,21,TEST,6,3,0,0,true,618
160,1,0,12,0,1,22,TEST,3,10,1,1,true,435
160,1,0,12,0,1,23,TEST,4,1,0,0,true,461
160,1,0,12,0,1,24,TEST,5,9,1,1,true,609
160,1,0,12,0,2,25,TRAINING,4,1,0,6,27051643,2b09831a,2094
160,1,0,12,0,2,26,TRAINING,4,1,0,6,26051743,23098b1a,3077
160,1,0,12,0,2,27,TRAINING,3,10,1,1,23051746,2a098b13,1452
160,1,0,12,0,2,28,TRAINING,6,3,0,3,23061745,2a038b19,1442
160,1,0,12,0,2,29,TRAINING,2,2,0,0,23561740,2a938b10,1505
160,1,0,12,0,2,30,TRAINING,1,8,1,4,27561340,2b938a10,1327
160,1,0,12,0,2,31,TRAINING,7,11,1,1,27651340,2b398a10,1317
160,1,0,12,0,2,32,TRAINING,3,10,1,3,27631540,2b3a8910,1264
160,1,0,12,0,2,33,TRAINING,6,3,0,2,27631045,2b3a8019,1264
160,1,0,12,0,2,34,TRAINING,1,8,1,4,27631405,2b3a8109,1469
160,1,0,12,0,2,35,TRAINING,5,9,1,3,27651403,2b39810a,1794
160,1,0,12,0,2,36,TRAINING,7,11,1,1,37651402,ab398102,1302
160,1,0,12,0,2,37,TRAINING,0,0,0,4,37650412,ab390182,1302
160,1,0,12,0,2,38,TRAINING,2,2,0,7,17650432,8b3901a2,1437
160,1,0,12,0,2,39,TRAINING,0,0,0,4,17450632,8b1903a2,1442
160,1,0,12,0,2,40,TRAINING,5,9,1,5,17460532,8b1309a2,1821
160,1,0,12,0,2,41,TEST,6,3,0,0,true,2504
160,1,0,12,0,2,42,TEST,5,9,1,1,true,299
160,1,0,12,0,2,43,TEST,4,1,0,0,true,430
160,1,0,12,0,2,44,TEST,0,0,0,0,true,701
160,1,0,12,0,2,45,TEST,7,11,1,1,true,397
160,1,0,12,0,2,46,TEST,1,8,1,1,true,397
160,1,0,12,0,2,47,TEST,3,10,1,1,true,1852
160,1,0,12,0,2,48,TEST,2,2,0,0,true,1477
160,1,0,12,0,INSTRUCT,postquestionnaire,4

rulestrategy:I noticed that all the blue boxes were going to B, and all the purples were going to A.
howtoimprove:No. Very fun, thanks!
engagement:10
difficulty:0
physicalaids:no