161,0,0,16,15,INSTRUCT,instruct1,15194
161,0,0,16,15,INSTRUCT,instructCatExample,6895
161,0,0,16,15,INSTRUCT,instructCatColor,5054
161,0,0,16,15,INSTRUCT,instructCatStripe,2138
161,0,0,16,15,INSTRUCT,instructDemoIntro,1404
161,0,0,16,15,INSTRUCT,instructDemo,53929
161,0,0,16,15,INSTRUCT,instructTest,22760
161,0,0,16,15,INSTRUCT,instructTest2,22979
161,0,0,16,15,INSTRUCT,instructDimColor,10374
161,0,0,16,15,INSTRUCT,instructDimBorder,4992
161,0,0,16,15,INSTRUCT,instructDimDots,4430
161,0,0,16,15,INSTRUCT,instructDimStripe,3105
161,0,0,16,15,INSTRUCT,instructDimAll,33384
161,0,0,16,15,INSTRUCT,instructFinal,3744
161,0,0,16,15,1,1,TRAINING,4,13,0,1,64057312,9df5137b,12448
161,0,0,16,15,1,2,TRAINING,0,15,0,2,64075312,9df1537b,5928
161,0,0,16,15,1,3,TRAINING,5,5,1,4,74065312,1df9537b,5741
161,0,0,16,15,1,4,TRAINING,7,1,1,0,74015362,1df7539b,2745
161,0,0,16,15,1,5,TRAINING,2,11,0,7,71045362,17fd539b,6115
161,0,0,16,15,1,6,TRAINING,4,13,0,6,71065342,17f953db,4509
161,0,0,16,15,1,7,TRAINING,3,3,1,5,51067342,57f913db,2090
161,0,0,16,15,1,8,TRAINING,6,9,0,2,51607342,579f13db,13791
161,0,0,16,15,1,9,TRAINING,5,5,1,0,51627340,579b13df,16645
161,0,0,16,15,1,10,TRAINING,2,11,0,3,51627043,579b1fd3,4197
161,0,0,16,15,1,11,TRAINING,6,9,0,2,53627041,539b1fd7,6006
161,0,0,16,15,1,12,TRAINING,4,13,0,6,53621047,539b7fd1,2122
161,0,0,16,15,1,13,TRAINING,3,3,1,1,53621740,539b71df,1732
161,0,0,16,15,1,14,TRAINING,0,15,0,7,13625740,739b51df,7051
161,0,0,16,15,1,15,TRAINING,6,9,0,2,13627540,739b15df,2746
161,0,0,16,15,1,16,TRAINING,3,3,1,1,53627140,539b17df,1872
161,0,0,16,15,1,17,TEST,5,5,1,0,false,5507
161,0,0,16,15,1,18,TEST,4,13,0,0,true,952
161,0,0,16,15,1,19,TEST,7,1,1,1,true,1592
161,0,0,16,15,1,20,TEST,1,7,1,1,true,1872
161,0,0,16,15,1,21,TEST,3,3,1,1,true,842
161,0,0,16,15,1,22,TEST,2,11,0,1,false,3354
161,0,0,16,15,1,23,TEST,0,15,0,1,false,686
161,0,0,16,15,1,24,TEST,6,9,0,0,true,1311
161,0,0,16,15,2,25,TRAINING,4,13,0,0,46230175,d9b3f715,1778
161,0,0,16,15,2,26,TRAINING,0,15,0,4,41230675,d7b3f915,2824
161,0,0,16,15,2,27,TRAINING,1,7,1,1,41320675,d73bf915,3229
161,0,0,16,15,2,28,TRAINING,5,5,1,7,41620375,d79bf315,3650
161,0,0,16,15,2,29,TRAINING,7,1,1,6,41026375,d7fb9315,2637
161,0,0,16,15,2,30,TRAINING,3,3,1,5,41062375,d7f9b315,1326
161,0,0,16,15,2,31,TRAINING,6,9,0,3,51062374,57f9b31d,9032
161,0,0,16,15,2,32,TRAINING,7,1,1,6,51064372,57f9d31b,1372
161,0,0,16,15,2,33,TRAINING,4,13,0,2,51460372,57d9f31b,1404
161,0,0,16,15,2,34,TRAINING,0,15,0,4,51460273,57d9fb13,1622
161,0,0,16,15,2,35,TRAINING,2,11,0,5,61450273,97d5fb13,1077
161,0,0,16,15,2,36,TRAINING,5,5,1,7,61430275,97d3fb15,1529
161,0,0,16,15,2,37,TRAINING,7,1,1,4,61437205,97d31bf5,1498
161,0,0,16,15,2,38,TRAINING,4,13,0,2,63417205,93d71bf5,1466
161,0,0,16,15,2,39,TRAINING,3,3,1,1,23417605,b3d719f5,936
161,0,0,16,15,2,40,TRAINING,5,5,1,6,23417650,b3d7195f,1513
161,0,0,16,15,2,41,TEST,1,7,1,1,true,2777
161,0,0,16,15,2,42,TEST,6,9,0,1,false,1841
161,0,0,16,15,2,43,TEST,3,3,1,1,true,2559
161,0,0,16,15,2,44,TEST,5,5,1,1,true,780
161,0,0,16,15,2,45,TEST,7,1,1,1,true,578
161,0,0,16,15,2,46,TEST,0,15,0,0,true,406
161,0,0,16,15,2,47,TEST,2,11,0,0,true,234
161,0,0,16,15,2,48,TEST,4,13,0,0,true,202
161,0,0,16,15,3,49,TRAINING,7,1,1,6,25064371,b5f9d317,1295
161,0,0,16,15,3,50,TRAINING,3,3,1,5,25046371,b5fd9317,968
161,0,0,16,15,3,51,TRAINING,0,15,0,2,52046371,5bfd9317,1107
161,0,0,16,15,3,52,TRAINING,1,7,1,7,25046371,b5fd9317,1326
161,0,0,16,15,3,53,TRAINING,6,9,0,4,45026371,d5fb9317,951
161,0,0,16,15,3,54,TRAINING,2,11,0,0,25046371,b5fd9317,1092
161,0,0,16,15,3,55,TRAINING,0,15,0,2,25046317,b5fd9371,2387
161,0,0,16,15,3,56,TRAINING,4,13,0,3,25047316,b5fd1379,936
161,0,0,16,15,3,57,TRAINING,2,11,0,0,26047315,b9fd1375,2839
161,0,0,16,15,3,58,TRAINING,6,9,0,1,26047135,b9fd1735,1232
161,0,0,16,15,3,59,TRAINING,4,13,0,3,26147035,b97d1f35,1279
161,0,0,16,15,3,60,TRAINING,2,11,0,5,06147235,f97d1b35,1154
161,0,0,16,15,3,61,TRAINING,0,15,0,0,06143275,f97d3b15,1061
161,0,0,16,15,3,62,TRAINING,4,13,0,1,04163275,fd793b15,1061
161,0,0,16,15,3,63,TRAINING,2,11,0,5,04613275,fd973b15,1529
161,0,0,16,15,3,64,TRAINING,0,15,0,0,04631275,fd937b15,1139
161,0,0,16,15,3,65,TEST,3,3,1,1,true,905
161,0,0,16,15,3,66,TEST,2,11,0,0,true,936
161,0,0,16,15,3,67,TEST,5,5,1,1,true,780
161,0,0,16,15,3,68,TEST,7,1,1,1,true,608
161,0,0,16,15,3,69,TEST,1,7,1,1,true,608
161,0,0,16,15,3,70,TEST,4,13,0,0,true,468
161,0,0,16,15,3,71,TEST,6,9,0,0,true,640
161,0,0,16,15,3,72,TEST,0,15,0,0,true,608
161,0,0,16,15,4,73,TRAINING,4,13,0,4,72604153,1b9fd753,4149
161,0,0,16,15,4,74,TRAINING,5,5,1,6,72304156,1b3fd759,1435
161,0,0,16,15,4,75,TRAINING,6,9,0,5,72304651,1b3fd957,2044
161,0,0,16,15,4,76,TRAINING,2,11,0,1,72403651,1bdf3957,1716
161,0,0,16,15,4,77,TRAINING,4,13,0,3,72043651,1bfd3957,1794
161,0,0,16,15,4,78,TRAINING,0,15,0,2,72043156,1bfd3759,1030
161,0,0,16,15,4,79,TRAINING,5,5,1,6,12043756,7bfd3159,967
161,0,0,16,15,4,80,TRAINING,7,1,1,5,16043752,79fd315b,1248
161,0,0,16,15,4,81,TRAINING,3,3,1,4,46013752,d9f7315b,998
161,0,0,16,15,4,82,TRAINING,3,3,1,4,42013756,dbf73159,1139
161,0,0,16,15,4,83,TRAINING,6,9,0,7,42073156,dbf13759,1389
161,0,0,16,15,4,84,TRAINING,5,5,1,6,41073256,d7f13b59,1139
161,0,0,16,15,4,85,TRAINING,4,13,0,5,21073456,b7f13d59,1123
161,0,0,16,15,4,86,TRAINING,4,13,0,5,21673450,b7913d5f,1607
161,0,0,16,15,4,87,TRAINING,4,13,0,5,21670453,b791fd53,1030
161,0,0,16,15,4,88,TRAINING,4,13,0,5,25670413,b591fd73,1747
161,0,0,16,15,4,89,TEST,4,13,0,0,true,702
161,0,0,16,15,4,90,TEST,0,15,0,0,true,515
161,0,0,16,15,4,91,TEST,2,11,0,0,true,1326
161,0,0,16,15,4,92,TEST,1,7,1,1,true,1982
161,0,0,16,15,4,93,TEST,5,5,1,1,true,624
161,0,0,16,15,4,94,TEST,7,1,1,1,true,546
161,0,0,16,15,4,95,TEST,3,3,1,1,true,468
161,0,0,16,15,4,96,TEST,6,9,0,0,true,421
161,0,0,16,15,INSTRUCT,postquestionnaire,0

rulestrategy:I used color to determine the category of membership. 

No, I didn't take notes, use a pencil, or use paper to perform the grouping task.
howtoimprove:Mix it up a little more and make it more challenging. I really enjoyed the concept though. 
engagement:8
difficulty:6
physicalaids:no