162,0,4,5,0,INSTRUCT,instruct1,9773
162,0,4,5,0,INSTRUCT,instructCatExample,9843
162,0,4,5,0,INSTRUCT,instructCatColor,4455
162,0,4,5,0,INSTRUCT,instructCatStripe,9379
162,0,4,5,0,INSTRUCT,instructDemoIntro,17270
162,0,4,5,0,INSTRUCT,instructDemo,68018
162,0,4,5,0,INSTRUCT,instructTest,14131
162,0,4,5,0,INSTRUCT,instructTest2,18512
162,0,4,5,0,INSTRUCT,instructDimColor,11663
162,0,4,5,0,INSTRUCT,instructDimBorder,2817
162,0,4,5,0,INSTRUCT,instructDimDots,3365
162,0,4,5,0,INSTRUCT,instructDimStripe,2895
162,0,4,5,0,INSTRUCT,instructDimAll,10025
162,0,4,5,0,INSTRUCT,instructFinal,27283
162,0,4,5,0,1,1,TRAINING,6,9,0,0,64051372,91032ab8,3856
162,0,4,5,0,1,2,TRAINING,4,1,1,1,64751302,91b32a08,2038
162,0,4,5,0,1,3,TRAINING,3,10,0,5,64715302,91b23a08,1856
162,0,4,5,0,1,4,TRAINING,0,0,1,6,14765302,21b93a08,3382
162,0,4,5,0,1,5,TRAINING,2,8,1,7,54761302,31b92a08,1993
162,0,4,5,0,1,6,TRAINING,0,0,1,6,57461302,3b192a08,2658
162,0,4,5,0,1,7,TRAINING,1,2,0,4,53461702,3a192b08,2424
162,0,4,5,0,1,8,TRAINING,5,3,0,0,53261704,3a892b01,3907
162,0,4,5,0,1,9,TRAINING,3,10,0,1,53761204,3ab92801,1951
162,0,4,5,0,1,10,TRAINING,7,11,1,2,53761402,3ab92108,1526
162,0,4,5,0,1,11,TRAINING,6,9,0,3,03761452,0ab92138,3657
162,0,4,5,0,1,12,TRAINING,4,1,1,5,53761402,3ab92108,2188
162,0,4,5,0,1,13,TRAINING,5,3,0,7,23761405,8ab92103,2686
162,0,4,5,0,1,14,TRAINING,0,0,1,6,63721405,9ab82103,3331
162,0,4,5,0,1,15,TRAINING,7,11,1,5,63421705,9a182b03,1433
162,0,4,5,0,1,16,TRAINING,3,10,0,1,63425701,9a183b02,1554
162,0,4,5,0,1,17,TEST,1,2,0,0,true,2188
162,0,4,5,0,1,18,TEST,4,1,1,1,true,2800
162,0,4,5,0,1,19,TEST,7,11,1,0,false,1241
162,0,4,5,0,1,20,TEST,5,3,0,0,true,827
162,0,4,5,0,1,21,TEST,0,0,1,1,true,1283
162,0,4,5,0,1,22,TEST,6,9,0,1,false,732
162,0,4,5,0,1,23,TEST,2,8,1,0,false,1082
162,0,4,5,0,1,24,TEST,3,10,0,0,true,766
162,0,4,5,0,2,25,TRAINING,6,9,0,3,17465302,2b193a08,9211
162,0,4,5,0,2,26,TRAINING,2,8,1,7,37465102,ab193208,3317
162,0,4,5,0,2,27,TRAINING,4,1,1,2,57463102,3b19a208,2597
162,0,4,5,0,2,28,TRAINING,5,3,0,0,57413602,3b12a908,19228
162,0,4,5,0,2,29,TRAINING,3,10,0,6,57410632,3b1209a8,2440
162,0,4,5,0,2,30,TRAINING,1,2,0,3,57210634,3b8209a1,1613
162,0,4,5,0,2,31,TRAINING,7,11,1,1,47210635,1b8209a3,1339
162,0,4,5,0,2,32,TRAINING,4,1,1,4,07214635,0b8219a3,3031
162,0,4,5,0,2,33,TRAINING,6,9,0,5,07214653,0b82193a,1444
162,0,4,5,0,2,34,TRAINING,0,0,1,0,03214657,0a82193b,5028
162,0,4,5,0,2,35,TRAINING,3,10,0,1,03215647,0a82391b,1119
162,0,4,5,0,2,36,TRAINING,7,11,1,3,03275641,0a8b3912,2158
162,0,4,5,0,2,37,TRAINING,6,9,0,4,03276541,0a8b9312,6323
162,0,4,5,0,2,38,TRAINING,4,1,1,6,01276543,028b931a,2123
162,0,4,5,0,2,39,TRAINING,3,10,0,5,01276345,028b9a13,1542
162,0,4,5,0,2,40,TRAINING,6,9,0,0,61270345,928b0a13,936
162,0,4,5,0,2,41,TEST,7,11,1,1,true,1638
162,0,4,5,0,2,42,TEST,3,10,0,1,false,2476
162,0,4,5,0,2,43,TEST,5,3,0,0,true,873
162,0,4,5,0,2,44,TEST,2,8,1,0,false,734
162,0,4,5,0,2,45,TEST,0,0,1,1,true,1556
162,0,4,5,0,2,46,TEST,4,1,1,1,true,858
162,0,4,5,0,2,47,TEST,1,2,0,0,true,937
162,0,4,5,0,2,48,TEST,6,9,0,1,false,1426
162,0,4,5,0,3,49,TRAINING,0,0,1,0,01647235,0291b8a3,6514
162,0,4,5,0,3,50,TRAINING,2,8,1,1,02647135,0891b2a3,1817
162,0,4,5,0,3,51,TRAINING,6,9,0,4,02746135,08b192a3,2759
162,0,4,5,0,3,52,TRAINING,4,1,1,2,02476135,081b92a3,2022
162,0,4,5,0,3,53,TRAINING,1,2,0,5,07426135,0b1892a3,13908
162,0,4,5,0,3,54,TRAINING,5,3,0,7,07462135,0b1982a3,3613
162,0,4,5,0,3,55,TRAINING,3,10,0,6,67402135,9b1082a3,2030
162,0,4,5,0,3,56,TRAINING,2,8,1,4,47602135,1b9082a3,2778
162,0,4,5,0,3,57,TRAINING,1,2,0,0,17602435,2b9081a3,1561
162,0,4,5,0,3,58,TRAINING,6,9,0,2,14602735,21908ba3,1652
162,0,4,5,0,3,59,TRAINING,4,1,1,4,12604735,28901ba3,1496
162,0,4,5,0,3,60,TRAINING,7,11,1,0,72604135,b89012a3,1253
162,0,4,5,0,3,61,TRAINING,5,3,0,7,72614035,b89210a3,2010
162,0,4,5,0,3,62,TRAINING,6,9,0,2,73614025,ba921083,2489
162,0,4,5,0,3,63,TRAINING,7,11,1,3,13674025,2a9b1083,3044
162,0,4,5,0,3,64,TRAINING,0,0,1,5,13675024,2a9b3081,1797
162,0,4,5,0,3,65,TEST,6,9,0,1,false,2903
162,0,4,5,0,3,66,TEST,1,2,0,0,true,1794
162,0,4,5,0,3,67,TEST,5,3,0,1,false,1608
162,0,4,5,0,3,68,TEST,2,8,1,0,false,874
162,0,4,5,0,3,69,TEST,0,0,1,0,false,702
162,0,4,5,0,3,70,TEST,4,1,1,1,true,1323
162,0,4,5,0,3,71,TEST,3,10,0,0,true,827
162,0,4,5,0,3,72,TEST,7,11,1,1,true,1481
162,0,4,5,0,4,73,TRAINING,6,9,0,0,61453207,9213a80b,7652
162,0,4,5,0,4,74,TRAINING,4,1,1,2,61453027,9213a08b,2492
162,0,4,5,0,4,75,TRAINING,5,3,0,5,61403527,9210a38b,2432
162,0,4,5,0,4,76,TRAINING,1,2,0,1,61402537,921083ab,2664
162,0,4,5,0,4,77,TRAINING,3,10,0,6,61204537,928013ab,14075
162,0,4,5,0,4,78,TRAINING,1,2,0,1,61207534,9280b3a1,10611
162,0,4,5,0,4,79,TRAINING,2,8,1,7,61407532,9210b3a8,2166
162,0,4,5,0,4,80,TRAINING,0,0,1,3,61407352,9210ba38,1432
162,0,4,5,0,4,81,TRAINING,4,1,1,2,16407352,2910ba38,2802
162,0,4,5,0,4,82,TRAINING,6,9,0,1,56407312,3910ba28,1489
162,0,4,5,0,4,83,TRAINING,5,3,0,5,36407512,a910b328,1314
162,0,4,5,0,4,84,TRAINING,1,2,0,6,46307512,19a0b328,1987
162,0,4,5,0,4,85,TRAINING,3,10,0,2,46370512,19ab0328,2441
162,0,4,5,0,4,86,TRAINING,7,11,1,3,56370412,39ab0128,1059
162,0,4,5,0,4,87,TRAINING,4,1,1,5,56371402,39ab2108,2946
162,0,4,5,0,4,88,TRAINING,5,3,0,4,16375402,29ab3108,2600
162,0,4,5,0,4,89,TEST,4,1,1,1,true,1540
162,0,4,5,0,4,90,TEST,0,0,1,0,false,1554
162,0,4,5,0,4,91,TEST,1,2,0,0,true,591
162,0,4,5,0,4,92,TEST,2,8,1,1,true,1305
162,0,4,5,0,4,93,TEST,6,9,0,1,false,1323
162,0,4,5,0,4,94,TEST,3,10,0,0,true,628
162,0,4,5,0,4,95,TEST,5,3,0,0,true,987
162,0,4,5,0,4,96,TEST,7,11,1,1,true,624
162,0,4,5,0,5,97,TRAINING,0,0,1,0,01427635,0218b9a3,3640
162,0,4,5,0,5,98,TRAINING,4,1,1,5,01627435,0298b1a3,4541
162,0,4,5,0,5,99,TRAINING,1,2,0,1,01672435,029b81a3,2049
162,0,4,5,0,5,100,TRAINING,5,3,0,7,01627435,0298b1a3,2318
162,0,4,5,0,5,101,TRAINING,4,1,1,5,01623475,0298a1b3,2082
162,0,4,5,0,5,102,TRAINING,3,10,0,2,01326475,02a891b3,1359
162,0,4,5,0,5,103,TRAINING,7,11,1,6,10326475,20a891b3,1146
162,0,4,5,0,5,104,TRAINING,0,0,1,1,50326471,30a891b2,9129
162,0,4,5,0,5,105,TRAINING,3,10,0,2,60325471,90a831b2,1077
162,0,4,5,0,5,106,TRAINING,2,8,1,3,60321475,90a821b3,3338
162,0,4,5,0,5,107,TRAINING,4,1,1,6,60321745,90a82b13,1498
162,0,4,5,0,5,108,TRAINING,6,9,0,0,60321547,90a8231b,1181
162,0,4,5,0,5,109,TRAINING,7,11,1,7,62301547,98a0231b,4329
162,0,4,5,0,5,110,TRAINING,1,2,0,4,62351047,98a3201b,2125
162,0,4,5,0,5,111,TRAINING,2,8,1,1,02351647,08a3291b,2597
162,0,4,5,0,5,112,TRAINING,4,1,1,6,52301647,38a0291b,1726
162,0,4,5,0,5,113,TEST,4,1,1,0,false,3098
162,0,4,5,0,5,114,TEST,2,8,1,0,false,1405
162,0,4,5,0,5,115,TEST,7,11,1,1,true,998
162,0,4,5,0,5,116,TEST,1,2,0,0,true,624
162,0,4,5,0,5,117,TEST,3,10,0,0,true,1467
162,0,4,5,0,5,118,TEST,0,0,1,0,false,616
162,0,4,5,0,5,119,TEST,5,3,0,1,false,967
162,0,4,5,0,5,120,TEST,6,9,0,0,true,1049
162,0,4,5,0,6,121,TRAINING,2,8,1,7,73561402,ba392108,5442
162,0,4,5,0,6,122,TRAINING,0,0,1,6,53761402,3ab92108,2427
162,0,4,5,0,6,123,TRAINING,4,1,1,5,53671402,3a9b2108,3286
162,0,4,5,0,6,124,TRAINING,1,2,0,4,63571402,9a3b2108,1747
162,0,4,5,0,6,125,TRAINING,6,9,0,2,53671402,3a9b2108,2037
162,0,4,5,0,6,126,TRAINING,3,10,0,1,53641702,3a912b08,2844
162,0,4,5,0,6,127,TRAINING,5,3,0,0,53641720,3a912b80,1154
162,0,4,5,0,6,128,TRAINING,4,1,1,4,53614720,3a921b80,2234
162,0,4,5,0,6,129,TRAINING,3,10,0,1,53014726,3a021b89,2005
162,0,4,5,0,6,130,TRAINING,7,11,1,5,53614720,3a921b80,1334
162,0,4,5,0,6,131,TRAINING,6,9,0,2,53641720,3a912b80,1379
162,0,4,5,0,6,132,TRAINING,2,8,1,6,51643720,3291ab80,1533
162,0,4,5,0,6,133,TRAINING,3,10,0,7,51640723,32910b8a,2071
162,0,4,5,0,6,134,TRAINING,4,1,1,4,51604723,32901b8a,1508
162,0,4,5,0,6,135,TRAINING,0,0,1,3,51704623,32b0198a,1053
162,0,4,5,0,6,136,TRAINING,2,8,1,6,31704625,a2b01983,1114
162,0,4,5,0,6,137,TEST,0,0,1,0,false,1260
162,0,4,5,0,6,138,TEST,1,2,0,1,false,856
162,0,4,5,0,6,139,TEST,4,1,1,0,false,813
162,0,4,5,0,6,140,TEST,5,3,0,1,false,624
162,0,4,5,0,6,141,TEST,6,9,0,0,true,927
162,0,4,5,0,6,142,TEST,7,11,1,1,true,924
162,0,4,5,0,6,143,TEST,2,8,1,0,false,1123
162,0,4,5,0,6,144,TEST,3,10,0,1,false,891
162,0,4,5,0,7,145,TRAINING,5,3,0,0,57320164,3ba80291,3583
162,0,4,5,0,7,146,TRAINING,7,11,1,1,57320614,3ba80921,2236
162,0,4,5,0,7,147,TRAINING,0,0,1,4,57360214,3ba90821,2455
162,0,4,5,0,7,148,TRAINING,2,8,1,5,17360254,2ba90831,1734
162,0,4,5,0,7,149,TRAINING,6,9,0,7,17340256,2ba10839,2440
162,0,4,5,0,7,150,TRAINING,5,3,0,6,13740256,2ab10839,1064
162,0,4,5,0,7,151,TRAINING,7,11,1,5,13240756,2a810b39,1855
162,0,4,5,0,7,152,TRAINING,4,1,1,0,43210756,1a820b39,2122
162,0,4,5,0,7,153,TRAINING,2,8,1,2,40213756,1082ab39,1137
162,0,4,5,0,7,154,TRAINING,1,2,0,1,41203756,1280ab39,1370
162,0,4,5,0,7,155,TRAINING,3,10,0,4,41203576,1280a3b9,2807
162,0,4,5,0,7,156,TRAINING,1,2,0,1,01243576,0281a3b9,2058
162,0,4,5,0,7,157,TRAINING,5,3,0,5,01263574,0289a3b1,1209
162,0,4,5,0,7,158,TRAINING,7,11,1,6,41263570,1289a3b0,1025
162,0,4,5,0,7,159,TRAINING,0,0,1,7,31264570,a28913b0,3328
162,0,4,5,0,7,160,TRAINING,1,2,0,3,36214570,a98213b0,3803
162,0,4,5,0,7,161,TEST,3,10,0,0,true,3132
162,0,4,5,0,7,162,TEST,0,0,1,1,true,1344
162,0,4,5,0,7,163,TEST,1,2,0,0,true,718
162,0,4,5,0,7,164,TEST,4,1,1,0,false,661
162,0,4,5,0,7,165,TEST,5,3,0,1,false,969
162,0,4,5,0,7,166,TEST,2,8,1,0,false,562
162,0,4,5,0,7,167,TEST,6,9,0,0,true,578
162,0,4,5,0,7,168,TEST,7,11,1,0,false,602
162,0,4,5,0,8,169,TRAINING,3,10,0,0,36740125,a9b10283,10470
162,0,4,5,0,8,170,TRAINING,0,0,1,4,36750124,a9b30281,2492
162,0,4,5,0,8,171,TRAINING,5,3,0,5,36710524,a9b20381,4159
162,0,4,5,0,8,172,TRAINING,7,11,1,1,37610524,ab920381,2204
162,0,4,5,0,8,173,TRAINING,6,9,0,2,37614520,ab921380,1713
162,0,4,5,0,8,174,TRAINING,5,3,0,6,37614250,ab921830,1438
162,0,4,5,0,8,175,TRAINING,0,0,1,7,27614350,8b921a30,1313
162,0,4,5,0,8,176,TRAINING,1,2,0,3,47612350,1b928a30,1610
162,0,4,5,0,8,177,TRAINING,3,10,0,5,45612370,13928ab0,1973
162,0,4,5,0,8,178,TRAINING,2,8,1,4,54612370,31928ab0,1266
162,0,4,5,0,8,179,TRAINING,6,9,0,2,45612370,13928ab0,1113
162,0,4,5,0,8,180,TRAINING,7,11,1,6,45612073,139280ba,1804
162,0,4,5,0,8,181,TRAINING,4,1,1,1,54612073,319280ba,1358
162,0,4,5,0,8,182,TRAINING,5,3,0,2,64512073,913280ba,1366
162,0,4,5,0,8,183,TRAINING,1,2,0,3,64512370,91328ab0,1130
162,0,4,5,0,8,184,TRAINING,3,10,0,5,74512360,b1328a90,1502
162,0,4,5,0,8,185,TEST,7,11,1,0,false,4846
162,0,4,5,0,8,186,TEST,4,1,1,1,true,1638
162,0,4,5,0,8,187,TEST,2,8,1,0,false,1052
162,0,4,5,0,8,188,TEST,3,10,0,1,false,915
162,0,4,5,0,8,189,TEST,1,2,0,0,true,1240
162,0,4,5,0,8,190,TEST,0,0,1,1,true,702
162,0,4,5,0,8,191,TEST,6,9,0,1,false,608
162,0,4,5,0,8,192,TEST,5,3,0,0,true,921
162,0,4,5,0,9,193,TRAINING,1,2,0,0,13274605,2a8b1903,3400
162,0,4,5,0,9,194,TRAINING,3,10,0,7,15274603,238b190a,3861
162,0,4,5,0,9,195,TRAINING,5,3,0,1,15247603,2381b90a,2685
162,0,4,5,0,9,196,TRAINING,7,11,1,4,25147603,8321b90a,1464
162,0,4,5,0,9,197,TRAINING,2,8,1,0,25417603,8312b90a,3716
162,0,4,5,0,9,198,TRAINING,6,9,0,5,25417630,8312b9a0,1643
162,0,4,5,0,9,199,TRAINING,4,1,1,7,25017634,8302b9a1,1292
162,0,4,5,0,9,200,TRAINING,0,0,1,3,25107634,8320b9a1,1251
162,0,4,5,0,9,201,TRAINING,2,8,1,2,15207634,2380b9a1,3617
162,0,4,5,0,9,202,TRAINING,6,9,0,5,15204637,238019ab,1275
162,0,4,5,0,9,203,TRAINING,4,1,1,4,15204673,238019ba,1940
162,0,4,5,0,9,204,TRAINING,0,0,1,1,10254673,208319ba,1575
162,0,4,5,0,9,205,TRAINING,2,8,1,7,10354672,20a319b8,2417
162,0,4,5,0,9,206,TRAINING,6,9,0,5,10357642,20a3b918,1328
162,0,4,5,0,9,207,TRAINING,6,9,0,5,10375642,20ab3918,4311
162,0,4,5,0,9,208,TRAINING,7,11,1,3,12375640,28ab3910,5292
162,0,4,5,0,9,209,TEST,5,3,0,1,false,5750
162,0,4,5,0,9,210,TEST,4,1,1,1,true,874
162,0,4,5,0,9,211,TEST,1,2,0,1,false,3228
162,0,4,5,0,9,212,TEST,3,10,0,1,false,1358
162,0,4,5,0,9,213,TEST,6,9,0,0,true,861
162,0,4,5,0,9,214,TEST,2,8,1,0,false,541
162,0,4,5,0,9,215,TEST,7,11,1,1,true,644
162,0,4,5,0,9,216,TEST,0,0,1,0,false,1291
162,0,4,5,0,10,217,TRAINING,6,9,0,0,65427013,9318b02a,6446
162,0,4,5,0,10,218,TRAINING,0,0,1,5,65423017,9318a02b,3045
162,0,4,5,0,10,219,TRAINING,2,8,1,2,65243017,9381a02b,1670
162,0,4,5,0,10,220,TRAINING,1,2,0,6,67243015,9b81a023,1380
162,0,4,5,0,10,221,TRAINING,3,10,0,5,67240315,9b810a23,1151
162,0,4,5,0,10,222,TRAINING,0,0,1,4,27640315,8b910a23,1415
162,0,4,5,0,10,223,TRAINING,5,3,0,7,67240315,9b810a23,2100
162,0,4,5,0,10,224,TRAINING,4,1,1,3,76240315,b9810a23,1011
162,0,4,5,0,10,225,TRAINING,6,9,0,1,76241305,b9812a03,1602
162,0,4,5,0,10,226,TRAINING,7,11,1,0,76541302,b9312a08,984
162,0,4,5,0,10,227,TRAINING,1,2,0,4,76451302,b9132a08,1177
162,0,4,5,0,10,228,TRAINING,0,0,1,6,72451306,b8132a09,1724
162,0,4,5,0,10,229,TRAINING,5,3,0,3,72451603,b813290a,947
162,0,4,5,0,10,230,TRAINING,2,8,1,5,76451203,b913280a,1826
162,0,4,5,0,10,231,TRAINING,4,1,1,2,76453201,b913a802,3979
162,0,4,5,0,10,232,TRAINING,1,2,0,7,75463201,b319a802,1063
162,0,4,5,0,10,233,TEST,1,2,0,1,false,1145
162,0,4,5,0,10,234,TEST,0,0,1,1,true,706
162,0,4,5,0,10,235,TEST,2,8,1,1,true,721
162,0,4,5,0,10,236,TEST,4,1,1,1,true,671
162,0,4,5,0,10,237,TEST,7,11,1,1,true,546
162,0,4,5,0,10,238,TEST,3,10,0,1,false,622
162,0,4,5,0,10,239,TEST,5,3,0,1,false,789
162,0,4,5,0,10,240,TEST,6,9,0,1,false,609
162,0,4,5,0,11,241,TRAINING,7,11,1,0,75326410,b3a89120,5037
162,0,4,5,0,11,242,TRAINING,5,3,0,1,75324610,b3a81920,2053
162,0,4,5,0,11,243,TRAINING,3,10,0,2,75324016,b3a81029,1505
162,0,4,5,0,11,244,TRAINING,2,8,1,3,75320416,b3a80129,4184
162,0,4,5,0,11,245,TRAINING,1,2,0,6,45320716,13a80b29,2148
162,0,4,5,0,11,246,TRAINING,3,10,0,2,45327016,13a8b029,1412
162,0,4,5,0,11,247,TRAINING,4,1,1,0,45326017,13a8902b,9109
162,0,4,5,0,11,248,TRAINING,5,3,0,3,42356017,18a3902b,3191
162,0,4,5,0,11,249,TRAINING,7,11,1,7,42350617,18a3092b,1641
162,0,4,5,0,11,250,TRAINING,3,10,0,2,42356017,18a3902b,1486
162,0,4,5,0,11,251,TRAINING,1,2,0,4,42351067,18a3209b,1615
162,0,4,5,0,11,252,TRAINING,2,8,1,0,24351067,81a3209b,8406
162,0,4,5,0,11,253,TRAINING,0,0,1,5,24371065,81ab2093,1179
162,0,4,5,0,11,254,TRAINING,4,1,1,1,24317065,81a2b093,1005
162,0,4,5,0,11,255,TRAINING,6,9,0,6,14327065,21a8b093,1776
162,0,4,5,0,11,256,TRAINING,0,0,1,5,14723065,21b8a093,4846
162,0,4,5,0,11,257,TEST,7,11,1,0,false,2308
162,0,4,5,0,11,258,TEST,6,9,0,1,false,4543
162,0,4,5,0,11,259,TEST,2,8,1,0,false,2309
162,0,4,5,0,11,260,TEST,5,3,0,1,false,1265
162,0,4,5,0,11,261,TEST,3,10,0,1,false,1342
162,0,4,5,0,11,262,TEST,0,0,1,0,false,921
162,0,4,5,0,11,263,TEST,4,1,1,0,false,655
162,0,4,5,0,11,264,TEST,1,2,0,1,false,1424
162,0,4,5,0,12,265,TRAINING,1,2,0,0,14357026,21a3b089,3835
162,0,4,5,0,12,266,TRAINING,0,0,1,5,14356027,21a3908b,1907
162,0,4,5,0,12,267,TRAINING,3,10,0,2,17356024,2ba39081,2294
162,0,4,5,0,12,268,TRAINING,4,1,1,7,17365024,2ba93081,1389
162,0,4,5,0,12,269,TRAINING,6,9,0,3,10365724,20a93b81,945
162,0,4,5,0,12,270,TRAINING,7,11,1,5,10362754,20a98b31,1833
162,0,4,5,0,12,271,TRAINING,2,8,1,4,40362751,10a98b32,1797
162,0,4,5,0,12,272,TRAINING,4,1,1,0,40352761,10a38b92,24053
162,0,4,5,0,12,273,TRAINING,0,0,1,1,40362751,10a98b32,1030
162,0,4,5,0,12,274,TRAINING,2,8,1,2,40263751,1089ab32,1821
162,0,4,5,0,12,275,TRAINING,3,10,0,6,40265731,10893ba2,5737
162,0,4,5,0,12,276,TRAINING,1,2,0,7,50264731,30891ba2,1174
162,0,4,5,0,12,277,TRAINING,5,3,0,4,40265731,10893ba2,1441
162,0,4,5,0,12,278,TRAINING,3,10,0,6,42065731,18093ba2,5771
162,0,4,5,0,12,279,TRAINING,2,8,1,1,42065137,180932ab,2977
162,0,4,5,0,12,280,TRAINING,0,0,1,7,42765130,18b932a0,1292
162,0,4,5,0,12,281,TEST,6,9,0,0,true,1709
162,0,4,5,0,12,282,TEST,2,8,1,1,true,2391
162,0,4,5,0,12,283,TEST,5,3,0,0,true,2068
162,0,4,5,0,12,284,TEST,3,10,0,0,true,1949
162,0,4,5,0,12,285,TEST,4,1,1,1,true,2686
162,0,4,5,0,12,286,TEST,1,2,0,0,true,2172
162,0,4,5,0,12,287,TEST,7,11,1,1,true,3485
162,0,4,5,0,12,288,TEST,0,0,1,1,true,2683
162,0,4,5,0,13,289,TRAINING,4,1,1,0,47302651,1ba08932,2938
162,0,4,5,0,13,290,TRAINING,2,8,1,5,47306251,1ba09832,1755
162,0,4,5,0,13,291,TRAINING,0,0,1,3,41306257,12a0983b,2030
162,0,4,5,0,13,292,TRAINING,6,9,0,4,41306275,12a098b3,1814
162,0,4,5,0,13,293,TRAINING,7,11,1,6,14306275,21a098b3,1280
162,0,4,5,0,13,294,TRAINING,3,10,0,7,14506273,213098ba,1294
162,0,4,5,0,13,295,TRAINING,5,3,0,2,04516273,013298ba,1193
162,0,4,5,0,13,296,TRAINING,1,2,0,3,74516203,b132980a,1064
162,0,4,5,0,13,297,TRAINING,7,11,1,5,24516703,81329b0a,1691
162,0,4,5,0,13,298,TRAINING,6,9,0,0,64512703,91328b0a,1598
162,0,4,5,0,13,299,TRAINING,6,9,0,0,63512704,9a328b01,2638
162,0,4,5,0,13,300,TRAINING,7,11,1,5,63512740,9a328b10,1142
162,0,4,5,0,13,301,TRAINING,3,10,0,4,62513740,9832ab10,1278
162,0,4,5,0,13,302,TRAINING,1,2,0,1,61523740,9238ab10,1235
162,0,4,5,0,13,303,TRAINING,4,1,1,6,51623740,3298ab10,983
162,0,4,5,0,13,304,TRAINING,0,0,1,7,51632740,329a8b10,2175
162,0,4,5,0,13,305,TEST,0,0,1,1,true,2336
162,0,4,5,0,13,306,TEST,7,11,1,1,true,2338
162,0,4,5,0,13,307,TEST,5,3,0,0,true,2819
162,0,4,5,0,13,308,TEST,2,8,1,1,true,2873
162,0,4,5,0,13,309,TEST,4,1,1,1,true,2019
162,0,4,5,0,13,310,TEST,1,2,0,0,true,2096
162,0,4,5,0,13,311,TEST,3,10,0,0,true,1513
162,0,4,5,0,13,312,TEST,6,9,0,0,true,3102
162,0,4,5,0,INSTRUCT,postquestionnaire,4

rulestrategy:Well, at first I misunderstood and thought that the rule changed round to round. Which was quite frustrating, because no simple one category rule ever worked. Then I began to look at which ones never fit my prediction. I noticed it was always the cyan (blue) squares with the yellow border.
howtoimprove:State clearly that the categories are always the same for each round once the experiment begins.
engagement:10
difficulty:9
physicalaids:no