163,1,1,18,4,INSTRUCT,instruct1,11057
163,1,1,18,4,INSTRUCT,instructCatExample,11943
163,1,1,18,4,INSTRUCT,instructCatColor,4685
163,1,1,18,4,INSTRUCT,instructCatStripe,6113
163,1,1,18,4,INSTRUCT,instructDemoIntro,20923
163,1,1,18,4,INSTRUCT,instructDemo,101815
163,1,1,18,4,INSTRUCT,instructTest,14735
163,1,1,18,4,INSTRUCT,instructTest2,15093
163,1,1,18,4,INSTRUCT,instructDimColor,23369
163,1,1,18,4,INSTRUCT,instructDimBorder,3721
163,1,1,18,4,INSTRUCT,instructDimDots,2812
163,1,1,18,4,INSTRUCT,instructDimStripe,4380
163,1,1,18,4,INSTRUCT,instructDimAll,18942
163,1,1,18,4,INSTRUCT,instructFinal,19802
163,1,1,18,4,1,1,TRAINING,0,8,0,5,26173045,c495d801,14377
163,1,1,18,4,1,2,TRAINING,6,4,1,1,76123045,549cd801,19074
163,1,1,18,4,1,3,TRAINING,5,1,1,3,76153042,5491d80c,17675
163,1,1,18,4,1,4,TRAINING,4,0,0,6,76150342,54918d0c,8524
163,1,1,18,4,1,5,TRAINING,1,9,1,2,26150347,c4918d05,16611
163,1,1,18,4,1,6,TRAINING,7,5,0,7,23150647,cd918405,7579
163,1,1,18,4,1,7,TRAINING,7,5,0,7,32150647,dc918405,7413
163,1,1,18,4,1,8,TRAINING,5,1,1,3,12350647,9cd18405,5355
163,1,1,18,4,1,9,TRAINING,6,4,1,5,42350617,0cd18495,4677
163,1,1,18,4,1,10,TRAINING,2,12,1,0,24350617,c0d18495,8601
163,1,1,18,4,1,11,TRAINING,3,13,0,2,24370615,c0d58491,4525
163,1,1,18,4,1,12,TRAINING,0,8,0,3,24307615,c0d85491,1845
163,1,1,18,4,1,13,TRAINING,3,13,0,2,64307215,40d85c91,3365
163,1,1,18,4,1,14,TRAINING,4,0,0,4,67304215,45d80c91,4981
163,1,1,18,4,1,15,TRAINING,2,12,1,0,27304615,c5d80491,4491
163,1,1,18,4,1,16,TRAINING,1,9,1,6,25304617,c1d80495,47175
163,1,1,18,4,1,17,TEST,0,8,0,0,true,1627
163,1,1,18,4,1,18,TEST,6,4,1,0,false,6310
163,1,1,18,4,1,19,TEST,3,13,0,1,false,1062
163,1,1,18,4,1,20,TEST,1,9,1,1,true,2855
163,1,1,18,4,1,21,TEST,7,5,0,1,false,1136
163,1,1,18,4,1,22,TEST,5,1,1,0,false,774
163,1,1,18,4,1,23,TEST,2,12,1,0,false,2167
163,1,1,18,4,1,24,TEST,4,0,0,1,false,719
163,1,1,18,4,2,25,TRAINING,5,1,1,4,71235640,59cd1408,2425
163,1,1,18,4,2,26,TRAINING,7,5,0,0,71235460,59cd1048,2230
163,1,1,18,4,2,27,TRAINING,7,5,0,0,71035462,598d104c,6163
163,1,1,18,4,2,28,TRAINING,3,13,0,3,71035264,598d1c40,3820
163,1,1,18,4,2,29,TRAINING,5,1,1,2,71530264,591d8c40,10004
163,1,1,18,4,2,30,TRAINING,4,0,0,7,01537264,891d5c40,4102
163,1,1,18,4,2,31,TRAINING,4,0,0,7,61537204,491d5c80,2212
163,1,1,18,4,2,32,TRAINING,2,12,1,5,61037254,498d5c10,5372
163,1,1,18,4,2,33,TRAINING,6,4,1,0,61057234,49815cd0,2733
163,1,1,18,4,2,34,TRAINING,0,8,0,7,61457230,49015cd8,2479
163,1,1,18,4,2,35,TRAINING,2,12,1,6,61457320,49015dc8,1699
163,1,1,18,4,2,36,TRAINING,1,9,1,1,51467320,19045dc8,2516
163,1,1,18,4,2,37,TRAINING,0,8,0,7,41567320,09145dc8,3414
163,1,1,18,4,2,38,TRAINING,6,4,1,3,21567340,c9145d08,2214
163,1,1,18,4,2,39,TRAINING,3,13,0,5,25167340,c1945d08,3277
163,1,1,18,4,2,40,TRAINING,1,9,1,2,05167342,81945d0c,5165
163,1,1,18,4,2,41,TEST,7,5,0,0,true,814
163,1,1,18,4,2,42,TEST,2,12,1,1,true,1703
163,1,1,18,4,2,43,TEST,3,13,0,1,false,1403
163,1,1,18,4,2,44,TEST,1,9,1,1,true,2927
163,1,1,18,4,2,45,TEST,6,4,1,0,false,3559
163,1,1,18,4,2,46,TEST,5,1,1,0,false,1849
163,1,1,18,4,2,47,TEST,4,0,0,0,true,535
163,1,1,18,4,2,48,TEST,0,8,0,0,true,583
163,1,1,18,4,3,49,TRAINING,6,4,1,6,27451063,c501984d,6334
163,1,1,18,4,3,50,TRAINING,3,13,0,7,17452063,9501c84d,1933
163,1,1,18,4,3,51,TRAINING,7,5,0,1,17254063,95c1084d,2653
163,1,1,18,4,3,52,TRAINING,5,1,1,3,17254603,95c1048d,4772
163,1,1,18,4,3,53,TRAINING,2,12,1,2,17254063,95c1084d,1998
163,1,1,18,4,3,54,TRAINING,4,0,0,4,13254067,9dc10845,2485
163,1,1,18,4,3,55,TRAINING,3,13,0,3,15234067,91cd0845,7947
163,1,1,18,4,3,56,TRAINING,0,8,0,1,10234567,98cd0145,5716
163,1,1,18,4,3,57,TRAINING,1,9,1,0,10534267,981d0c45,1677
163,1,1,18,4,3,58,TRAINING,4,0,0,2,10435267,980d1c45,2037
163,1,1,18,4,3,59,TRAINING,2,12,1,5,16435207,940d1c85,4044
163,1,1,18,4,3,60,TRAINING,5,1,1,4,16475203,94051c8d,2965
163,1,1,18,4,3,61,TRAINING,6,4,1,1,46175203,04951c8d,2078
163,1,1,18,4,3,62,TRAINING,7,5,0,3,46075213,04851c9d,1845
163,1,1,18,4,3,63,TRAINING,0,8,0,0,06475213,84051c9d,3195
163,1,1,18,4,3,64,TRAINING,1,9,1,4,06471253,84059c1d,2969
163,1,1,18,4,3,65,TEST,6,4,1,0,false,1132
163,1,1,18,4,3,66,TEST,0,8,0,0,true,678
163,1,1,18,4,3,67,TEST,1,9,1,1,true,3532
163,1,1,18,4,3,68,TEST,5,1,1,1,true,696
163,1,1,18,4,3,69,TEST,2,12,1,0,false,684
163,1,1,18,4,3,70,TEST,3,13,0,1,false,589
163,1,1,18,4,3,71,TEST,7,5,0,1,false,663
163,1,1,18,4,3,72,TEST,4,0,0,0,true,1480
163,1,1,18,4,4,73,TRAINING,6,4,1,4,52406371,1c084d59,7285
163,1,1,18,4,4,74,TRAINING,5,1,1,2,42506371,0c184d59,4421
163,1,1,18,4,4,75,TRAINING,2,12,1,1,12506374,9c184d50,3325
163,1,1,18,4,4,76,TRAINING,3,13,0,5,72506314,5c184d90,2654
163,1,1,18,4,4,77,TRAINING,0,8,0,4,72560314,5c148d90,2836
163,1,1,18,4,4,78,TRAINING,3,13,0,5,62570314,4c158d90,6309
163,1,1,18,4,4,79,TRAINING,7,5,0,3,65270314,41c58d90,4356
163,1,1,18,4,4,80,TRAINING,7,5,0,3,62570314,4c158d90,3661
163,1,1,18,4,4,81,TRAINING,0,8,0,1,60572314,4815cd90,5192
163,1,1,18,4,4,82,TRAINING,5,1,1,2,60572413,4815c09d,1653
163,1,1,18,4,4,83,TRAINING,4,0,0,7,60572314,4815cd90,2014
163,1,1,18,4,4,84,TRAINING,6,4,1,0,67502314,4518cd90,4204
163,1,1,18,4,4,85,TRAINING,2,12,1,3,67520314,451c8d90,1652
163,1,1,18,4,4,86,TRAINING,1,9,1,2,67120354,459c8d10,2334
163,1,1,18,4,4,87,TRAINING,1,9,1,2,67124350,459c0d18,2438
163,1,1,18,4,4,88,TRAINING,4,0,0,4,76124350,549c0d18,3132
163,1,1,18,4,4,89,TEST,4,0,0,0,true,973
163,1,1,18,4,4,90,TEST,3,13,0,0,true,4071
163,1,1,18,4,4,91,TEST,0,8,0,0,true,3095
163,1,1,18,4,4,92,TEST,6,4,1,1,true,3471
163,1,1,18,4,4,93,TEST,2,12,1,1,true,672
163,1,1,18,4,4,94,TEST,7,5,0,0,true,944
163,1,1,18,4,4,95,TEST,5,1,1,1,true,2118
163,1,1,18,4,4,96,TEST,1,9,1,1,true,544
163,1,1,18,4,5,97,TRAINING,5,1,1,0,53264071,1dc40859,7720
163,1,1,18,4,5,98,TRAINING,7,5,0,6,53261074,1dc49850,5125
163,1,1,18,4,5,99,TRAINING,3,13,0,1,53461072,1d04985c,5876
163,1,1,18,4,5,100,TRAINING,3,13,0,1,23461075,cd049851,2284
163,1,1,18,4,5,101,TRAINING,1,9,1,0,13462075,9d04c851,4275
163,1,1,18,4,5,102,TRAINING,0,8,0,5,13467025,9d0458c1,1667
163,1,1,18,4,5,103,TRAINING,6,4,1,4,13476025,9d0548c1,3753
163,1,1,18,4,5,104,TRAINING,6,4,1,4,43176025,0d9548c1,2073
163,1,1,18,4,5,105,TRAINING,5,1,1,3,43156027,0d9148c5,4995
163,1,1,18,4,5,106,TRAINING,7,5,0,7,40156327,08914dc5,10211
163,1,1,18,4,5,107,TRAINING,2,12,1,6,04156327,80914dc5,2966
163,1,1,18,4,5,108,TRAINING,4,0,0,4,06154327,84910dc5,4349
163,1,1,18,4,5,109,TRAINING,1,9,1,3,06514327,84190dc5,2885
163,1,1,18,4,5,110,TRAINING,4,0,0,4,06314527,84d901c5,16379
163,1,1,18,4,5,111,TRAINING,0,8,0,5,56314027,14d908c5,1277
163,1,1,18,4,5,112,TRAINING,2,12,1,1,52314067,1cd90845,3038
163,1,1,18,4,5,113,TEST,6,4,1,1,true,1381
163,1,1,18,4,5,114,TEST,5,1,1,1,true,1663
163,1,1,18,4,5,115,TEST,1,9,1,1,true,645
163,1,1,18,4,5,116,TEST,3,13,0,0,true,1000
163,1,1,18,4,5,117,TEST,2,12,1,1,true,680
163,1,1,18,4,5,118,TEST,7,5,0,0,true,1311
163,1,1,18,4,5,119,TEST,4,0,0,0,true,1408
163,1,1,18,4,5,120,TEST,0,8,0,0,true,575
163,1,1,18,4,INSTRUCT,postquestionnaire,2

rulestrategy:The background color was a distractor. The yellow bordered stripe and white bordered plain were part of group A and the white bordered stripe and yellow bordered plain were part of B group. It took me a couple of passes to categorize and remember the groups.

howtoimprove:
engagement:5
difficulty:3
physicalaids:no