164,0,3,10,6,INSTRUCT,instruct1,6317
164,0,3,10,6,INSTRUCT,instructCatExample,4347
164,0,3,10,6,INSTRUCT,instructCatColor,4631
164,0,3,10,6,INSTRUCT,instructCatStripe,2950
164,0,3,10,6,INSTRUCT,instructDemoIntro,3509
164,0,3,10,6,INSTRUCT,instructDemo,13005
164,0,3,10,6,INSTRUCT,instructTest,12234
164,0,3,10,6,INSTRUCT,instructTest2,1704
164,0,3,10,6,INSTRUCT,instructDimColor,5360
164,0,3,10,6,INSTRUCT,instructDimBorder,2567
164,0,3,10,6,INSTRUCT,instructDimDots,1712
164,0,3,10,6,INSTRUCT,instructDimStripe,1870
164,0,3,10,6,INSTRUCT,instructDimAll,3318
164,0,3,10,6,INSTRUCT,instructFinal,2112
164,0,3,10,6,1,1,TRAINING,0,9,1,7,51627430,3b0821a9,28806
164,0,3,10,6,1,2,TRAINING,1,11,1,1,31627450,ab082139,3369
164,0,3,10,6,1,3,TRAINING,6,0,0,2,31672450,ab028139,9060
164,0,3,10,6,1,4,TRAINING,4,1,1,5,51672430,3b0281a9,1828
164,0,3,10,6,1,5,TRAINING,6,0,0,2,51602437,3b0981a2,2585
164,0,3,10,6,1,6,TRAINING,4,1,1,5,15602437,b30981a2,1211
164,0,3,10,6,1,7,TRAINING,2,8,1,6,15603427,b309a182,994
164,0,3,10,6,1,8,TRAINING,7,2,0,7,65103427,03b9a182,1305
164,0,3,10,6,1,9,TRAINING,6,0,0,0,61503427,0b39a182,2730
164,0,3,10,6,1,10,TRAINING,4,1,1,5,63501427,0a39b182,1010
164,0,3,10,6,1,11,TRAINING,1,11,1,4,63051427,0a93b182,948
164,0,3,10,6,1,12,TRAINING,0,9,1,2,73051426,2a93b180,4061
164,0,3,10,6,1,13,TRAINING,2,8,1,0,23051476,8a93b120,986
164,0,3,10,6,1,14,TRAINING,7,2,0,6,26051473,8093b12a,1050
164,0,3,10,6,1,15,TRAINING,3,10,0,7,24051673,8193b02a,1162
164,0,3,10,6,1,16,TRAINING,5,3,0,3,21054673,8b93102a,2335
164,0,3,10,6,1,17,TEST,1,11,1,0,false,3296
164,0,3,10,6,1,18,TEST,3,10,0,1,false,1195
164,0,3,10,6,1,19,TEST,5,3,0,0,true,655
164,0,3,10,6,1,20,TEST,0,9,1,1,true,1185
164,0,3,10,6,1,21,TEST,2,8,1,1,true,402
164,0,3,10,6,1,22,TEST,4,1,1,0,false,390
164,0,3,10,6,1,23,TEST,6,0,0,1,false,1831
164,0,3,10,6,1,24,TEST,7,2,0,1,false,980
164,0,3,10,6,2,25,TRAINING,1,11,1,0,14753260,b123a809,3100
164,0,3,10,6,2,26,TRAINING,3,10,0,6,14756230,b12308a9,1124
164,0,3,10,6,2,27,TRAINING,4,1,1,1,14752630,b12380a9,935
164,0,3,10,6,2,28,TRAINING,7,2,0,3,14572630,b13280a9,1001
164,0,3,10,6,2,29,TRAINING,5,3,0,7,14072635,b19280a3,1115
164,0,3,10,6,2,30,TRAINING,0,9,1,4,14270635,b18290a3,930
164,0,3,10,6,2,31,TRAINING,2,8,1,2,14260735,b18092a3,987
164,0,3,10,6,2,32,TRAINING,3,10,0,6,14270635,b18290a3,1673
164,0,3,10,6,2,33,TRAINING,6,0,0,5,15270634,b38290a1,1360
164,0,3,10,6,2,34,TRAINING,7,2,0,3,05271634,9382b0a1,4896
164,0,3,10,6,2,35,TRAINING,4,1,1,0,45271630,1382b0a9,1053
164,0,3,10,6,2,36,TRAINING,2,8,1,2,41275630,1b8230a9,4248
164,0,3,10,6,2,37,TRAINING,0,9,1,7,47215630,128b30a9,1067
164,0,3,10,6,2,38,TRAINING,1,11,1,3,74215630,218b30a9,1604
164,0,3,10,6,2,39,TRAINING,6,0,0,5,73215640,2a8b3019,1706
164,0,3,10,6,2,40,TRAINING,4,1,1,6,75213640,238ba019,994
164,0,3,10,6,2,41,TEST,0,9,1,1,true,1196
164,0,3,10,6,2,42,TEST,3,10,0,0,true,1939
164,0,3,10,6,2,43,TEST,5,3,0,1,false,556
164,0,3,10,6,2,44,TEST,2,8,1,0,false,418
164,0,3,10,6,2,45,TEST,6,0,0,0,true,772
164,0,3,10,6,2,46,TEST,1,11,1,1,true,548
164,0,3,10,6,2,47,TEST,7,2,0,0,true,3939
164,0,3,10,6,2,48,TEST,4,1,1,1,true,798
164,0,3,10,6,3,49,TRAINING,0,9,1,0,05172436,93b281a0,1456
164,0,3,10,6,3,50,TRAINING,4,1,1,5,06172435,90b281a3,1531
164,0,3,10,6,3,51,TRAINING,6,0,0,1,06172453,90b2813a,1059
164,0,3,10,6,3,52,TRAINING,1,11,1,2,26170453,80b2913a,1059
164,0,3,10,6,3,53,TRAINING,5,3,0,6,26170354,80b29a31,1274
164,0,3,10,6,3,54,TRAINING,7,2,0,3,20176354,89b20a31,3371
164,0,3,10,6,3,55,TRAINING,3,10,0,0,30176254,a9b20831,1012
164,0,3,10,6,3,56,TRAINING,1,11,1,2,30176245,a9b20813,1253
164,0,3,10,6,3,57,TRAINING,0,9,1,1,30175246,a9b23810,4936
164,0,3,10,6,3,58,TRAINING,6,0,0,7,20175346,89b23a10,1214
164,0,3,10,6,3,59,TRAINING,2,8,1,0,20175436,89b231a0,930
164,0,3,10,6,3,60,TRAINING,3,10,0,4,20173456,89b2a130,994
164,0,3,10,6,3,61,TRAINING,4,1,1,5,20173465,89b2a103,2252
164,0,3,10,6,3,62,TRAINING,6,0,0,6,20153467,89b3a102,3653
164,0,3,10,6,3,63,TRAINING,0,9,1,1,70153462,29b3a108,972
164,0,3,10,6,3,64,TRAINING,7,2,0,0,70153264,29b3a801,2938
164,0,3,10,6,3,65,TEST,5,3,0,0,true,660
164,0,3,10,6,3,66,TEST,2,8,1,1,true,2667
164,0,3,10,6,3,67,TEST,1,11,1,0,false,1740
164,0,3,10,6,3,68,TEST,7,2,0,1,false,1635
164,0,3,10,6,3,69,TEST,6,0,0,0,true,1802
164,0,3,10,6,3,70,TEST,4,1,1,1,true,3347
164,0,3,10,6,3,71,TEST,0,9,1,1,true,3221
164,0,3,10,6,3,72,TEST,3,10,0,0,true,947
164,0,3,10,6,4,73,TRAINING,7,2,0,0,75620134,23089ba1,2730
164,0,3,10,6,4,74,TRAINING,3,10,0,6,75624130,23081ba9,1082
164,0,3,10,6,4,75,TRAINING,5,3,0,1,75604132,23091ba8,2473
164,0,3,10,6,4,76,TRAINING,1,11,1,5,45607132,13092ba8,925
164,0,3,10,6,4,77,TRAINING,6,0,0,3,45067132,13902ba8,2347
164,0,3,10,6,4,78,TRAINING,3,10,0,1,43067152,1a902b38,1897
164,0,3,10,6,4,79,TRAINING,2,8,1,7,43760152,1a209b38,2939
164,0,3,10,6,4,80,TRAINING,1,11,1,0,13760452,ba209138,1308
164,0,3,10,6,4,81,TRAINING,4,1,1,3,13740652,ba219038,2252
164,0,3,10,6,4,82,TRAINING,0,9,1,4,12740653,b821903a,987
164,0,3,10,6,4,83,TRAINING,5,3,0,2,12540673,b831902a,978
164,0,3,10,6,4,84,TRAINING,7,2,0,6,32540671,a831902b,1794
164,0,3,10,6,4,85,TRAINING,6,0,0,5,34520671,a138902b,1451
164,0,3,10,6,4,86,TRAINING,3,10,0,4,04523671,9138a02b,1061
164,0,3,10,6,4,87,TRAINING,2,8,1,3,54023671,3198a02b,1402
164,0,3,10,6,4,88,TRAINING,1,11,1,7,54023761,3198a20b,2348
164,0,3,10,6,4,89,TEST,2,8,1,1,true,2066
164,0,3,10,6,4,90,TEST,0,9,1,1,true,2044
164,0,3,10,6,4,91,TEST,1,11,1,0,false,3625
164,0,3,10,6,4,92,TEST,7,2,0,0,true,355
164,0,3,10,6,4,93,TEST,5,3,0,1,false,628
164,0,3,10,6,4,94,TEST,6,0,0,0,true,1426
164,0,3,10,6,4,95,TEST,3,10,0,0,true,2483
164,0,3,10,6,4,96,TEST,4,1,1,1,true,2938
164,0,3,10,6,5,97,TRAINING,6,0,0,0,61054723,0b93128a,10100
164,0,3,10,6,5,98,TRAINING,2,8,1,1,62054713,089312ba,1069
164,0,3,10,6,5,99,TRAINING,0,9,1,2,62034715,089a12b3,1129
164,0,3,10,6,5,100,TRAINING,1,11,1,6,62034517,089a13b2,1203
164,0,3,10,6,5,101,TRAINING,5,3,0,5,42036517,189a03b2,1218
164,0,3,10,6,5,102,TRAINING,4,1,1,0,42736510,182a03b9,5315
164,0,3,10,6,5,103,TRAINING,6,0,0,1,46732510,102a83b9,1305
164,0,3,10,6,5,104,TRAINING,0,9,1,5,46732015,102a89b3,1484
164,0,3,10,6,5,105,TRAINING,4,1,1,0,46752013,102389ba,1181
164,0,3,10,6,5,106,TRAINING,2,8,1,4,47652013,120389ba,963
164,0,3,10,6,5,107,TRAINING,1,11,1,3,47612053,120b893a,1316
164,0,3,10,6,5,108,TRAINING,5,3,0,6,74612053,210b893a,1194
164,0,3,10,6,5,109,TRAINING,5,3,0,6,70612453,290b813a,7013
164,0,3,10,6,5,110,TRAINING,2,8,1,0,20617453,890b213a,1588
164,0,3,10,6,5,111,TRAINING,2,8,1,0,21607453,8b09213a,7284
164,0,3,10,6,5,112,TRAINING,1,11,1,1,21307456,8ba92130,1291
164,0,3,10,6,5,113,TEST,3,10,0,0,true,4723
164,0,3,10,6,5,114,TEST,4,1,1,1,true,3250
164,0,3,10,6,5,115,TEST,5,3,0,0,true,3444
164,0,3,10,6,5,116,TEST,0,9,1,1,true,4404
164,0,3,10,6,5,117,TEST,6,0,0,0,true,1851
164,0,3,10,6,5,118,TEST,7,2,0,0,true,2092
164,0,3,10,6,5,119,TEST,1,11,1,1,true,2257
164,0,3,10,6,5,120,TEST,2,8,1,1,true,2155
164,0,3,10,6,6,121,TRAINING,0,9,1,0,05461732,9310b2a8,874
164,0,3,10,6,6,122,TRAINING,4,1,1,2,05461723,9310b28a,1609
164,0,3,10,6,6,123,TRAINING,5,3,0,5,07461523,9210b38a,1289
164,0,3,10,6,6,124,TRAINING,1,11,1,4,37461520,a210b389,2335
164,0,3,10,6,6,125,TRAINING,2,8,1,6,36471520,a012b389,2851
164,0,3,10,6,6,126,TRAINING,6,0,0,1,36451720,a013b289,1179
164,0,3,10,6,6,127,TRAINING,7,2,0,5,06451723,9013b28a,1017
164,0,3,10,6,6,128,TRAINING,3,10,0,7,06452713,901382ba,1105
164,0,3,10,6,6,129,TRAINING,4,1,1,2,06412753,901b823a,1153
164,0,3,10,6,6,130,TRAINING,5,3,0,1,05412763,931b820a,1379
164,0,3,10,6,6,131,TRAINING,7,2,0,5,05462713,931082ba,1459
164,0,3,10,6,6,132,TRAINING,3,10,0,7,65402713,031982ba,957
164,0,3,10,6,6,133,TRAINING,0,9,1,6,65412703,031b829a,1177
164,0,3,10,6,6,134,TRAINING,2,8,1,4,45612703,130b829a,987
164,0,3,10,6,6,135,TRAINING,7,2,0,5,65412703,031b829a,1012
164,0,3,10,6,6,136,TRAINING,5,3,0,1,35412706,a31b8290,1588
164,0,3,10,6,6,137,TEST,6,0,0,0,true,2643
164,0,3,10,6,6,138,TEST,7,2,0,0,true,1013
164,0,3,10,6,6,139,TEST,5,3,0,0,true,2273
164,0,3,10,6,6,140,TEST,1,11,1,1,true,827
164,0,3,10,6,6,141,TEST,4,1,1,1,true,1346
164,0,3,10,6,6,142,TEST,3,10,0,0,true,804
164,0,3,10,6,6,143,TEST,0,9,1,1,true,507
164,0,3,10,6,6,144,TEST,2,8,1,1,true,355
164,0,3,10,6,INSTRUCT,postquestionnaire,4

rulestrategy:I tried to do this from memory, and the moving pattern made that hard. I eventually realized that the rounds had the same answers.
howtoimprove:
engagement:8
difficulty:7
physicalaids:no