166,0,5,12,15,INSTRUCT,instruct1,12181
166,0,5,12,15,INSTRUCT,instructCatExample,13512
166,0,5,12,15,INSTRUCT,instructCatColor,5008
166,0,5,12,15,INSTRUCT,instructCatStripe,9881
166,0,5,12,15,INSTRUCT,instructDemoIntro,16091
166,0,5,12,15,INSTRUCT,instructDemo,84074
166,0,5,12,15,INSTRUCT,instructTest,22537
166,0,5,12,15,INSTRUCT,instructTest2,19404
166,0,5,12,15,INSTRUCT,instructDimColor,17540
166,0,5,12,15,INSTRUCT,instructDimBorder,2371
166,0,5,12,15,INSTRUCT,instructDimDots,1474
166,0,5,12,15,INSTRUCT,instructDimStripe,2669
166,0,5,12,15,INSTRUCT,instructDimAll,9312
166,0,5,12,15,INSTRUCT,instructFinal,12092
166,0,5,12,15,1,1,TRAINING,1,7,0,1,41326750,e75dc46f,6468
166,0,5,12,15,1,2,TRAINING,0,15,1,3,41306752,e75fc46d,2168
166,0,5,12,15,1,3,TRAINING,4,14,0,0,41306257,e75fcd64,3672
166,0,5,12,15,1,4,TRAINING,6,12,1,4,47306251,e45fcd67,5416
166,0,5,12,15,1,5,TRAINING,4,14,0,0,42306751,ed5fc467,9008
166,0,5,12,15,1,6,TRAINING,6,12,1,4,42306157,ed5fc764,11332
166,0,5,12,15,1,7,TRAINING,1,7,0,5,47306152,e45fc76d,31628
166,0,5,12,15,1,8,TRAINING,5,6,1,6,47326150,e45dc76f,12674
166,0,5,12,15,1,9,TRAINING,0,15,1,7,74326150,4e5dc76f,11014
166,0,5,12,15,1,10,TRAINING,4,14,0,1,74126350,4e7dc56f,15408
166,0,5,12,15,1,11,TRAINING,3,5,1,5,14726350,7e4dc56f,10601
166,0,5,12,15,1,12,TRAINING,0,15,1,4,14720356,7e4df56c,11066
166,0,5,12,15,1,13,TRAINING,5,6,1,6,41720356,e74df56c,8540
166,0,5,12,15,1,14,TRAINING,5,6,1,6,42710356,ed47f56c,4790
166,0,5,12,15,1,15,TRAINING,1,7,0,7,42760351,ed4cf567,9082
166,0,5,12,15,1,16,TRAINING,6,12,1,3,43760251,e54cfd67,2894
166,0,5,12,15,1,17,TEST,1,7,0,1,false,2690
166,0,5,12,15,1,18,TEST,0,15,1,0,false,1967
166,0,5,12,15,1,19,TEST,7,4,0,1,false,587
166,0,5,12,15,1,20,TEST,2,13,0,0,true,999
166,0,5,12,15,1,21,TEST,5,6,1,1,true,948
166,0,5,12,15,1,22,TEST,4,14,0,1,false,550
166,0,5,12,15,1,23,TEST,6,12,1,1,true,464
166,0,5,12,15,1,24,TEST,3,5,1,0,false,801
166,0,5,12,15,2,25,TRAINING,1,7,0,0,17052346,74f6d5ec,6238
166,0,5,12,15,2,26,TRAINING,2,13,0,4,17502346,746fd5ec,11011
166,0,5,12,15,2,27,TRAINING,7,4,0,1,17302546,745fd6ec,11094
166,0,5,12,15,2,28,TRAINING,6,12,1,5,17302645,745fdce6,9672
166,0,5,12,15,2,29,TRAINING,0,15,1,6,17342605,745edcf6,4760
166,0,5,12,15,2,30,TRAINING,5,6,1,7,17243605,74de5cf6,3794
166,0,5,12,15,2,31,TRAINING,0,15,1,6,47213605,e4d75cf6,1306
166,0,5,12,15,2,32,TRAINING,4,14,0,3,17243605,74de5cf6,1587
166,0,5,12,15,2,33,TRAINING,4,14,0,3,67243105,c4de57f6,6302
166,0,5,12,15,2,34,TRAINING,1,7,0,5,67543102,c46e57fd,8359
166,0,5,12,15,2,35,TRAINING,2,13,0,7,67540132,c46ef75d,1207
166,0,5,12,15,2,36,TRAINING,3,5,1,6,07546132,f46ec75d,1398
166,0,5,12,15,2,37,TRAINING,7,4,0,5,01546732,f76ec45d,4167
166,0,5,12,15,2,38,TRAINING,3,5,1,6,06541732,fc6e745d,985
166,0,5,12,15,2,39,TRAINING,2,13,0,7,56041732,6cfe745d,1737
166,0,5,12,15,2,40,TRAINING,3,5,1,6,06541732,fc6e745d,1156
166,0,5,12,15,2,41,TEST,7,4,0,1,false,1024
166,0,5,12,15,2,42,TEST,4,14,0,0,true,627
166,0,5,12,15,2,43,TEST,1,7,0,1,false,661
166,0,5,12,15,2,44,TEST,6,12,1,0,false,449
166,0,5,12,15,2,45,TEST,3,5,1,1,true,554
166,0,5,12,15,2,46,TEST,2,13,0,0,true,613
166,0,5,12,15,2,47,TEST,0,15,1,1,true,340
166,0,5,12,15,2,48,TEST,5,6,1,0,false,588
166,0,5,12,15,3,49,TRAINING,0,15,1,1,20514637,df67ec54,82514
166,0,5,12,15,3,50,TRAINING,2,13,0,0,20614537,dfc7e654,4506
166,0,5,12,15,3,51,TRAINING,5,6,1,5,20164537,df7ce654,6352
166,0,5,12,15,3,52,TRAINING,1,7,0,2,20146537,df7ec654,2016
166,0,5,12,15,3,53,TRAINING,4,14,0,6,20136547,df75c6e4,24700
166,0,5,12,15,3,54,TRAINING,6,12,1,4,27136540,d475c6ef,2301
166,0,5,12,15,3,55,TRAINING,3,5,1,3,57136240,6475cdef,4639
166,0,5,12,15,3,56,TRAINING,7,4,0,1,17536240,7465cdef,2025
166,0,5,12,15,3,57,TRAINING,5,6,1,2,17536204,7465cdfe,2614
166,0,5,12,15,3,58,TRAINING,2,13,0,5,17530264,7465fdce,1123
166,0,5,12,15,3,59,TRAINING,6,12,1,7,17530246,7465fdec,1407
166,0,5,12,15,3,60,TRAINING,4,14,0,6,15730246,7645fdec,966
166,0,5,12,15,3,61,TRAINING,0,15,1,4,15230746,76d5f4ec,1409
166,0,5,12,15,3,62,TRAINING,6,12,1,7,35210746,56d7f4ec,4008
166,0,5,12,15,3,63,TRAINING,2,13,0,6,35410726,56e7f4dc,1260
166,0,5,12,15,3,64,TRAINING,4,14,0,5,35710426,5647fedc,1123
166,0,5,12,15,3,65,TEST,5,6,1,1,true,5637
166,0,5,12,15,3,66,TEST,3,5,1,1,true,5961
166,0,5,12,15,3,67,TEST,6,12,1,1,true,5067
166,0,5,12,15,3,68,TEST,0,15,1,1,true,4842
166,0,5,12,15,3,69,TEST,1,7,0,0,true,5784
166,0,5,12,15,3,70,TEST,4,14,0,0,true,4171
166,0,5,12,15,3,71,TEST,7,4,0,0,true,5029
166,0,5,12,15,3,72,TEST,2,13,0,0,true,5316
166,0,5,12,15,4,73,TRAINING,3,5,1,0,30516724,5f67c4de,4410
166,0,5,12,15,4,74,TRAINING,3,5,1,0,30517624,5f674cde,12051
166,0,5,12,15,4,75,TRAINING,1,7,0,3,30517426,5f674edc,429352
166,0,5,12,15,4,76,TRAINING,5,6,1,2,30514726,5f67e4dc,4767
166,0,5,12,15,4,77,TRAINING,1,7,0,3,30514762,5f67e4cd,3811
166,0,5,12,15,4,78,TRAINING,7,4,0,5,03514762,f567e4cd,3992
166,0,5,12,15,4,79,TRAINING,4,14,0,4,63514702,c567e4fd,2207
166,0,5,12,15,4,80,TRAINING,2,13,0,7,63014752,c5f7e46d,4793
166,0,5,12,15,4,81,TRAINING,6,12,1,1,36014752,5cf7e46d,7195
166,0,5,12,15,4,82,TRAINING,1,7,0,0,16034752,7cf5e46d,12461
166,0,5,12,15,4,83,TRAINING,5,6,1,6,16234750,7cd5e46f,13663
166,0,5,12,15,4,84,TRAINING,7,4,0,5,10234756,7fd5e46c,6490
166,0,5,12,15,4,85,TRAINING,4,14,0,4,10264753,7fdce465,5889
166,0,5,12,15,4,86,TRAINING,6,12,1,3,10364752,7f5ce46d,2581
166,0,5,12,15,4,87,TRAINING,2,13,0,7,01364752,f75ce46d,1270
166,0,5,12,15,4,88,TRAINING,5,6,1,6,01367452,f75c4e6d,1072
166,0,5,12,15,4,89,TEST,3,5,1,1,true,6826
166,0,5,12,15,4,90,TEST,4,14,0,0,true,9109
166,0,5,12,15,4,91,TEST,0,15,1,1,true,64644
166,0,5,12,15,4,92,TEST,6,12,1,1,true,2847
166,0,5,12,15,4,93,TEST,5,6,1,1,true,7714
166,0,5,12,15,4,94,TEST,7,4,0,0,true,2987
166,0,5,12,15,4,95,TEST,1,7,0,0,true,3516
166,0,5,12,15,4,96,TEST,2,13,0,0,true,10737
166,0,5,12,15,INSTRUCT,postquestionnaire,1

rulestrategy:This was sooo hard! I gave up trying to understand this. I used paper and pen so I can stop struggling.
howtoimprove:
engagement:10
difficulty:10
physicalaids:yes