169,1,5,4,15,INSTRUCT,instruct1,8652
169,1,5,4,15,INSTRUCT,instructCatExample,12676
169,1,5,4,15,INSTRUCT,instructCatColor,5609
169,1,5,4,15,INSTRUCT,instructCatStripe,14031
169,1,5,4,15,INSTRUCT,instructDemoIntro,20111
169,1,5,4,15,INSTRUCT,instructDemo,59465
169,1,5,4,15,INSTRUCT,instructTest,21475
169,1,5,4,15,INSTRUCT,instructTest2,26178
169,1,5,4,15,INSTRUCT,instructDimColor,12639
169,1,5,4,15,INSTRUCT,instructDimBorder,4415
169,1,5,4,15,INSTRUCT,instructDimDots,3497
169,1,5,4,15,INSTRUCT,instructDimStripe,3681
169,1,5,4,15,INSTRUCT,instructDimAll,11188
169,1,5,4,15,INSTRUCT,instructFinal,15724
169,1,5,4,15,1,1,TRAINING,7,2,0,7,03154267,f376eba2,7967
169,1,5,4,15,1,2,TRAINING,5,6,1,3,03654217,f3a6eb72,1723
169,1,5,4,15,1,3,TRAINING,3,3,1,1,03652417,f3a6be72,1887
169,1,5,4,15,1,4,TRAINING,2,11,0,4,03152467,f376bea2,5041
169,1,5,4,15,1,5,TRAINING,0,15,1,7,73152460,2376beaf,1906
169,1,5,4,15,1,6,TRAINING,0,15,1,7,73512460,2367beaf,3869
169,1,5,4,15,1,7,TRAINING,1,7,0,3,73215460,23b76eaf,1540
169,1,5,4,15,1,8,TRAINING,7,2,0,0,75213460,26b73eaf,1468
169,1,5,4,15,1,9,TRAINING,4,14,0,6,75213640,26b73aef,1711
169,1,5,4,15,1,10,TRAINING,2,11,0,5,75613240,26a73bef,1659
169,1,5,4,15,1,11,TRAINING,4,14,0,6,76513240,2a673bef,2072
169,1,5,4,15,1,12,TRAINING,6,10,1,1,06513247,fa673be2,1694
169,1,5,4,15,1,13,TRAINING,3,3,1,7,06517243,fa672be3,1385
169,1,5,4,15,1,14,TRAINING,6,10,1,1,06571243,fa627be3,1708
169,1,5,4,15,1,15,TRAINING,5,6,1,2,26571043,ba627fe3,2410
169,1,5,4,15,1,16,TRAINING,1,7,0,0,16572043,7a62bfe3,1418
169,1,5,4,15,1,17,TEST,1,7,0,0,true,7554
169,1,5,4,15,1,18,TEST,4,14,0,0,true,1817
169,1,5,4,15,1,19,TEST,3,3,1,1,true,2835
169,1,5,4,15,1,20,TEST,7,2,0,0,true,1520
169,1,5,4,15,1,21,TEST,6,10,1,0,false,1556
169,1,5,4,15,1,22,TEST,0,15,1,1,true,552
169,1,5,4,15,1,23,TEST,5,6,1,1,true,985
169,1,5,4,15,1,24,TEST,2,11,0,1,false,477
169,1,5,4,15,2,25,TRAINING,1,7,0,1,21076354,b7f2a36e,7272
169,1,5,4,15,2,26,TRAINING,3,3,1,5,61072354,a7f2b36e,4246
169,1,5,4,15,2,27,TRAINING,0,15,1,2,21076354,b7f2a36e,1746
169,1,5,4,15,2,28,TRAINING,5,6,1,6,27016354,b2f7a36e,1859
169,1,5,4,15,2,29,TRAINING,7,2,0,1,27014356,b2f7e36a,2061
169,1,5,4,15,2,30,TRAINING,7,2,0,1,27410356,b2e7f36a,1651
169,1,5,4,15,2,31,TRAINING,3,3,1,6,27410536,b2e7f63a,1530
169,1,5,4,15,2,32,TRAINING,4,14,0,3,27140536,b27ef63a,1731
169,1,5,4,15,2,33,TRAINING,2,11,0,4,07142536,f27eb63a,4410
169,1,5,4,15,2,34,TRAINING,6,10,1,1,06142537,fa7eb632,2191
169,1,5,4,15,2,35,TRAINING,0,15,1,0,06542137,fa6eb732,1719
169,1,5,4,15,2,36,TRAINING,4,14,0,6,06532147,fa63b7e2,1210
169,1,5,4,15,2,37,TRAINING,6,10,1,5,01532647,f763bae2,1589
169,1,5,4,15,2,38,TRAINING,2,11,0,3,01523647,f76b3ae2,1133
169,1,5,4,15,2,39,TRAINING,5,6,1,2,03521647,f36b7ae2,1917
169,1,5,4,15,2,40,TRAINING,1,7,0,4,04521637,fe6b7a32,1560
169,1,5,4,15,2,41,TEST,0,15,1,1,true,2071
169,1,5,4,15,2,42,TEST,1,7,0,0,true,2022
169,1,5,4,15,2,43,TEST,4,14,0,0,true,1786
169,1,5,4,15,2,44,TEST,5,6,1,1,true,589
169,1,5,4,15,2,45,TEST,3,3,1,0,false,2385
169,1,5,4,15,2,46,TEST,2,11,0,1,false,828
169,1,5,4,15,2,47,TEST,6,10,1,1,true,471
169,1,5,4,15,2,48,TEST,7,2,0,0,true,1206
169,1,5,4,15,3,49,TRAINING,0,15,1,5,25367014,b63a2f7e,3915
169,1,5,4,15,3,50,TRAINING,4,14,0,7,25637014,b6a32f7e,4053
169,1,5,4,15,3,51,TRAINING,2,11,0,0,23657014,b3a62f7e,1620
169,1,5,4,15,3,52,TRAINING,7,2,0,4,23567014,b36a2f7e,1617
169,1,5,4,15,3,53,TRAINING,6,10,1,3,23067514,b3fa267e,1928
169,1,5,4,15,3,54,TRAINING,3,3,1,1,23067154,b3fa276e,1895
169,1,5,4,15,3,55,TRAINING,4,14,0,7,53067124,63fa27be,1669
169,1,5,4,15,3,56,TRAINING,1,7,0,5,53062174,63fab72e,1878
169,1,5,4,15,3,57,TRAINING,5,6,1,0,56032174,6af3b72e,2327
169,1,5,4,15,3,58,TRAINING,2,11,0,2,56230174,6ab3f72e,1821
169,1,5,4,15,3,59,TRAINING,3,3,1,3,56230147,6ab3f7e2,2098
169,1,5,4,15,3,60,TRAINING,7,2,0,7,06235147,fab367e2,1784
169,1,5,4,15,3,61,TRAINING,0,15,1,0,06135247,fa736be2,1775
169,1,5,4,15,3,62,TRAINING,5,6,1,4,02135647,fb736ae2,1593
169,1,5,4,15,3,63,TRAINING,1,7,0,2,02175643,fb726ae3,1375
169,1,5,4,15,3,64,TRAINING,6,10,1,5,72105643,2b7f6ae3,1675
169,1,5,4,15,3,65,TEST,4,14,0,1,false,3874
169,1,5,4,15,3,66,TEST,0,15,1,0,false,993
169,1,5,4,15,3,67,TEST,2,11,0,1,false,4213
169,1,5,4,15,3,68,TEST,7,2,0,0,true,1422
169,1,5,4,15,3,69,TEST,6,10,1,1,true,2685
169,1,5,4,15,3,70,TEST,1,7,0,1,false,1268
169,1,5,4,15,3,71,TEST,3,3,1,0,false,2797
169,1,5,4,15,3,72,TEST,5,6,1,0,false,1545
169,1,5,4,15,4,73,TRAINING,3,3,1,0,37140652,327efa6b,22462
169,1,5,4,15,4,74,TRAINING,0,15,1,4,37160452,327afe6b,1655
169,1,5,4,15,4,75,TRAINING,2,11,0,7,37560412,326afe7b,1677
169,1,5,4,15,4,76,TRAINING,6,10,1,3,37160452,327afe6b,1502
169,1,5,4,15,4,77,TRAINING,6,10,1,3,30167452,3f7a2e6b,4232
169,1,5,4,15,4,78,TRAINING,5,6,1,6,40167352,ef7a236b,3794
169,1,5,4,15,4,79,TRAINING,7,2,0,7,40162357,ef7ab362,1400
169,1,5,4,15,4,80,TRAINING,7,2,0,7,04162357,fe7ab362,5265
169,1,5,4,15,4,81,TRAINING,1,7,0,2,04162537,fe7ab632,1615
169,1,5,4,15,4,82,TRAINING,4,14,0,1,34162507,3e7ab6f2,11806
169,1,5,4,15,4,83,TRAINING,0,15,1,6,34152607,3e76baf2,3047
169,1,5,4,15,4,84,TRAINING,3,3,1,0,34152706,3e76b2fa,1861
169,1,5,4,15,4,85,TRAINING,4,14,0,1,34512706,3e67b2fa,5919
169,1,5,4,15,4,86,TRAINING,2,11,0,4,34152706,3e76b2fa,6255
169,1,5,4,15,4,87,TRAINING,1,7,0,2,34102756,3e7fb26a,4681
169,1,5,4,15,4,88,TRAINING,5,6,1,6,30142756,3f7eb26a,1873
169,1,5,4,15,4,89,TEST,5,6,1,1,true,5299
169,1,5,4,15,4,90,TEST,3,3,1,1,true,2608
169,1,5,4,15,4,91,TEST,6,10,1,1,true,2855
169,1,5,4,15,4,92,TEST,7,2,0,0,true,1782
169,1,5,4,15,4,93,TEST,0,15,1,1,true,3853
169,1,5,4,15,4,94,TEST,4,14,0,0,true,1526
169,1,5,4,15,4,95,TEST,1,7,0,0,true,4154
169,1,5,4,15,4,96,TEST,2,11,0,0,true,2158
169,1,5,4,15,5,97,TRAINING,1,7,0,5,74326150,2e3ba76f,5974
169,1,5,4,15,5,98,TRAINING,7,2,0,2,34726150,3e2ba76f,1477
169,1,5,4,15,5,99,TRAINING,2,11,0,3,34725160,3e2b67af,1611
169,1,5,4,15,5,100,TRAINING,0,15,1,7,43725160,e32b67af,1749
169,1,5,4,15,5,101,TRAINING,6,10,1,4,43726150,e32ba76f,1506
169,1,5,4,15,5,102,TRAINING,0,15,1,7,34726150,3e2ba76f,1542
169,1,5,4,15,5,103,TRAINING,3,3,1,0,34126750,3e7ba26f,1442
169,1,5,4,15,5,104,TRAINING,2,11,0,3,35126740,367ba2ef,1385
169,1,5,4,15,5,105,TRAINING,4,14,0,4,35124760,367be2af,1718
169,1,5,4,15,5,106,TRAINING,4,14,0,4,05124763,f67be2a3,1562
169,1,5,4,15,5,107,TRAINING,3,3,1,6,05124736,f67be23a,1699
169,1,5,4,15,5,108,TRAINING,1,7,0,2,25104736,b67fe23a,2335
169,1,5,4,15,5,109,TRAINING,5,6,1,1,25107436,b67f2e3a,2025
169,1,5,4,15,5,110,TRAINING,7,2,0,4,05127436,f67b2e3a,1890
169,1,5,4,15,5,111,TRAINING,5,6,1,1,05217436,f6b72e3a,2018
169,1,5,4,15,5,112,TRAINING,6,10,1,0,65217430,a6b72e3f,2880
169,1,5,4,15,5,113,TEST,7,2,0,0,true,4874
169,1,5,4,15,5,114,TEST,2,11,0,0,true,945
169,1,5,4,15,5,115,TEST,1,7,0,0,true,3108
169,1,5,4,15,5,116,TEST,5,6,1,1,true,947
169,1,5,4,15,5,117,TEST,6,10,1,1,true,1411
169,1,5,4,15,5,118,TEST,3,3,1,1,true,1943
169,1,5,4,15,5,119,TEST,0,15,1,1,true,1843
169,1,5,4,15,5,120,TEST,4,14,0,0,true,3794
169,1,5,4,15,INSTRUCT,postquestionnaire,1

rulestrategy:the starting point was the background color. Purple started with letter A, blue started with letter B. Then for each thing added, either gold border or slash line, change the letter. Ex: Purple = A, purple w/ yellow = B, purple with yellow and slash = A. This pattern applies to both the purple and blue ones. 
howtoimprove:
engagement:8
difficulty:7
physicalaids:no