171,1,3,18,8,INSTRUCT,instruct1,14799
171,1,3,18,8,INSTRUCT,instructCatExample,14912
171,1,3,18,8,INSTRUCT,instructCatColor,5025
171,1,3,18,8,INSTRUCT,instructCatStripe,10573
171,1,3,18,8,INSTRUCT,instructDemoIntro,21742
171,1,3,18,8,INSTRUCT,instructDemo,82731
171,1,3,18,8,INSTRUCT,instructTest,23244
171,1,3,18,8,INSTRUCT,instructTest2,29868
171,1,3,18,8,INSTRUCT,instructDimColor,16399
171,1,3,18,8,INSTRUCT,instructDimBorder,4406
171,1,3,18,8,INSTRUCT,instructDimDots,4921
171,1,3,18,8,INSTRUCT,instructDimStripe,4380
171,1,3,18,8,INSTRUCT,instructDimAll,6715
171,1,3,18,8,INSTRUCT,instructFinal,18126
171,1,3,18,8,1,1,TRAINING,2,6,1,3,61720435,e3f62a7b,5048
171,1,3,18,8,1,2,TRAINING,3,7,0,6,65720431,ebf62a73,2610
171,1,3,18,8,1,3,TRAINING,6,14,0,4,05726431,2bf6ea73,3361
171,1,3,18,8,1,4,TRAINING,1,3,1,7,75026431,fb26ea73,4168
171,1,3,18,8,1,5,TRAINING,4,10,1,1,74026531,fa26eb73,4220
171,1,3,18,8,1,6,TRAINING,5,11,0,0,54026731,ba26ef73,2407
171,1,3,18,8,1,7,TRAINING,3,7,0,6,54726031,baf6e273,2801
171,1,3,18,8,1,8,TRAINING,2,6,1,3,54726130,baf6e372,2825
171,1,3,18,8,1,9,TRAINING,5,11,0,5,14726530,3af6eb72,5490
171,1,3,18,8,1,10,TRAINING,7,15,0,1,17426530,3fa6eb72,4842
171,1,3,18,8,1,11,TRAINING,4,10,1,7,17026534,3f26eb7a,3992
171,1,3,18,8,1,12,TRAINING,7,15,0,1,17620534,3fe62b7a,2898
171,1,3,18,8,1,13,TRAINING,1,3,1,3,27610534,6fe32b7a,4412
171,1,3,18,8,1,14,TRAINING,0,2,1,4,67210534,ef632b7a,3240
171,1,3,18,8,1,15,TRAINING,0,2,1,4,37210564,7f632bea,4043
171,1,3,18,8,1,16,TRAINING,6,14,0,6,47210563,af632be7,3501
171,1,3,18,8,1,17,TEST,6,14,0,0,true,1703
171,1,3,18,8,1,18,TEST,0,2,1,1,true,4833
171,1,3,18,8,1,19,TEST,1,3,1,0,false,2856
171,1,3,18,8,1,20,TEST,7,15,0,1,false,4896
171,1,3,18,8,1,21,TEST,2,6,1,0,false,3409
171,1,3,18,8,1,22,TEST,3,7,0,1,false,2612
171,1,3,18,8,1,23,TEST,5,11,0,1,false,4811
171,1,3,18,8,1,24,TEST,4,10,1,0,false,5727
171,1,3,18,8,2,25,TRAINING,3,7,0,5,42571360,a6bf37e2,4443
171,1,3,18,8,2,26,TRAINING,7,15,0,3,02571364,26bf37ea,4599
171,1,3,18,8,2,27,TRAINING,0,2,1,0,02671354,26ef37ba,6652
171,1,3,18,8,2,28,TRAINING,6,14,0,6,02571364,26bf37ea,4204
171,1,3,18,8,2,29,TRAINING,7,15,0,7,02541367,26ba37ef,2709
171,1,3,18,8,2,30,TRAINING,5,11,0,2,02531467,26b73aef,2956
171,1,3,18,8,2,31,TRAINING,4,10,1,3,02541367,26ba37ef,8659
171,1,3,18,8,2,32,TRAINING,1,3,1,1,01542367,23ba67ef,3066
171,1,3,18,8,2,33,TRAINING,2,6,1,4,01342567,237a6bef,3853
171,1,3,18,8,2,34,TRAINING,6,14,0,6,71342560,f37a6be2,7472
171,1,3,18,8,2,35,TRAINING,1,3,1,1,31742560,73fa6be2,2999
171,1,3,18,8,2,36,TRAINING,2,6,1,4,31472560,73af6be2,2490
171,1,3,18,8,2,37,TRAINING,4,10,1,2,71432560,f3a76be2,4161
171,1,3,18,8,2,38,TRAINING,0,2,1,7,31472560,73af6be2,1996
171,1,3,18,8,2,39,TRAINING,5,11,0,5,37412560,7fa36be2,2186
171,1,3,18,8,2,40,TRAINING,3,7,0,1,73412560,f7a36be2,2511
171,1,3,18,8,2,41,TEST,5,11,0,1,false,2351
171,1,3,18,8,2,42,TEST,6,14,0,1,false,4282
171,1,3,18,8,2,43,TEST,3,7,0,0,true,2179
171,1,3,18,8,2,44,TEST,2,6,1,1,true,5007
171,1,3,18,8,2,45,TEST,7,15,0,0,true,2884
171,1,3,18,8,2,46,TEST,1,3,1,0,false,5938
171,1,3,18,8,2,47,TEST,4,10,1,1,true,2666
171,1,3,18,8,2,48,TEST,0,2,1,1,true,3763
171,1,3,18,8,3,49,TRAINING,3,7,0,5,60124357,e236a7bf,2171
171,1,3,18,8,3,50,TRAINING,0,2,1,1,60421357,e2a637bf,2372
171,1,3,18,8,3,51,TRAINING,6,14,0,7,70421356,f2a637be,2288
171,1,3,18,8,3,52,TRAINING,5,11,0,6,10427356,32a6f7be,2181
171,1,3,18,8,3,53,TRAINING,2,6,1,3,14027356,3a26f7be,3638
171,1,3,18,8,3,54,TRAINING,0,2,1,2,14027653,3a26feb7,3547
171,1,3,18,8,3,55,TRAINING,7,15,0,4,14027356,3a26f7be,9422
171,1,3,18,8,3,56,TRAINING,1,3,1,0,14037256,3a27f6be,2961
171,1,3,18,8,3,57,TRAINING,2,6,1,5,14537206,3ab7f62e,2475
171,1,3,18,8,3,58,TRAINING,5,11,0,2,14507236,3ab2f67e,2147
171,1,3,18,8,3,59,TRAINING,4,10,1,7,16507234,3eb2f67a,2792
171,1,3,18,8,3,60,TRAINING,1,3,1,1,61507234,e3b2f67a,3930
171,1,3,18,8,3,61,TRAINING,3,7,0,0,31507264,73b2f6ea,2884
171,1,3,18,8,3,62,TRAINING,7,15,0,4,31207564,7362fbea,7738
171,1,3,18,8,3,63,TRAINING,4,10,1,3,31247560,736afbe2,3443
171,1,3,18,8,3,64,TRAINING,6,14,0,6,32147560,763afbe2,5033
171,1,3,18,8,3,65,TEST,0,2,1,1,true,1650
171,1,3,18,8,3,66,TEST,1,3,1,1,true,1330
171,1,3,18,8,3,67,TEST,4,10,1,1,true,1337
171,1,3,18,8,3,68,TEST,3,7,0,1,false,1135
171,1,3,18,8,3,69,TEST,7,15,0,0,true,1614
171,1,3,18,8,3,70,TEST,6,14,0,0,true,1332
171,1,3,18,8,3,71,TEST,2,6,1,1,true,980
171,1,3,18,8,3,72,TEST,5,11,0,0,true,1039
171,1,3,18,8,4,73,TRAINING,6,14,0,0,63754102,e7fba326,4192
171,1,3,18,8,4,74,TRAINING,2,6,1,7,63751402,e7fb3a26,2775
171,1,3,18,8,4,75,TRAINING,5,11,0,3,60751432,e2fb3a76,4439
171,1,3,18,8,4,76,TRAINING,7,15,0,5,60451732,e2ab3f76,5380
171,1,3,18,8,4,77,TRAINING,3,7,0,6,06451732,2eab3f76,3475
171,1,3,18,8,4,78,TRAINING,3,7,0,6,06154732,2e3baf76,2825
171,1,3,18,8,4,79,TRAINING,6,14,0,1,26154730,6e3baf72,2321
171,1,3,18,8,4,80,TRAINING,2,6,1,0,26754130,6efba372,3033
171,1,3,18,8,4,81,TRAINING,7,15,0,2,26754103,6efba327,2098
171,1,3,18,8,4,82,TRAINING,4,10,1,4,26754301,6efba723,2715
171,1,3,18,8,4,83,TRAINING,4,10,1,4,06754321,2efba763,3206
171,1,3,18,8,4,84,TRAINING,0,2,1,0,06754231,2efba673,2642
171,1,3,18,8,4,85,TRAINING,1,3,1,7,06574231,2ebfa673,4219
171,1,3,18,8,4,86,TRAINING,1,3,1,7,06754231,2efba673,2960
171,1,3,18,8,4,87,TRAINING,5,11,0,1,05764231,2bfea673,6651
171,1,3,18,8,4,88,TRAINING,0,2,1,0,05674231,2befa673,2579
171,1,3,18,8,4,89,TEST,5,11,0,0,true,1912
171,1,3,18,8,4,90,TEST,1,3,1,1,true,763
171,1,3,18,8,4,91,TEST,7,15,0,0,true,1850
171,1,3,18,8,4,92,TEST,0,2,1,1,true,2675
171,1,3,18,8,4,93,TEST,6,14,0,0,true,1036
171,1,3,18,8,4,94,TEST,2,6,1,1,true,4324
171,1,3,18,8,4,95,TEST,3,7,0,0,true,3024
171,1,3,18,8,4,96,TEST,4,10,1,1,true,3290
171,1,3,18,8,5,97,TRAINING,4,10,1,4,70164325,f23ea76b,2800
171,1,3,18,8,5,98,TRAINING,7,15,0,0,75164320,fb3ea762,2793
171,1,3,18,8,5,99,TRAINING,0,2,1,7,75164230,fb3ea672,3408
171,1,3,18,8,5,100,TRAINING,6,14,0,3,75364210,fb7ea632,6316
171,1,3,18,8,5,101,TRAINING,1,3,1,6,25364710,6b7eaf32,1915
171,1,3,18,8,5,102,TRAINING,5,11,0,2,23564710,67beaf32,1859
171,1,3,18,8,5,103,TRAINING,3,7,0,1,23504716,67b2af3e,4222
171,1,3,18,8,5,104,TRAINING,1,3,1,6,43502716,a7b26f3e,2338
171,1,3,18,8,5,105,TRAINING,4,10,1,0,43562710,a7be6f32,1777
171,1,3,18,8,5,106,TRAINING,5,11,0,2,43562017,a7be623f,2141
171,1,3,18,8,5,107,TRAINING,6,14,0,7,43572016,a7bf623e,2831
171,1,3,18,8,5,108,TRAINING,7,15,0,3,13572046,37bf62ae,3634
171,1,3,18,8,5,109,TRAINING,0,2,1,5,15372046,3b7f62ae,2219
171,1,3,18,8,5,110,TRAINING,2,6,1,6,15374026,3b7fa26e,3122
171,1,3,18,8,5,111,TRAINING,2,6,1,6,15364027,3b7ea26f,11210
171,1,3,18,8,5,112,TRAINING,3,7,0,1,13564027,37bea26f,22204
171,1,3,18,8,5,113,TEST,5,11,0,1,false,2193
171,1,3,18,8,5,114,TEST,6,14,0,1,false,3163
171,1,3,18,8,5,115,TEST,1,3,1,0,false,2162
171,1,3,18,8,5,116,TEST,3,7,0,0,true,4099
171,1,3,18,8,5,117,TEST,2,6,1,1,true,2422
171,1,3,18,8,5,118,TEST,0,2,1,0,false,1493
171,1,3,18,8,5,119,TEST,7,15,0,1,false,1426
171,1,3,18,8,5,120,TEST,4,10,1,0,false,948
171,1,3,18,8,6,121,TRAINING,0,2,1,1,60732145,e2f763ab,7023
171,1,3,18,8,6,122,TRAINING,3,7,0,3,60732415,e2f76a3b,6225
171,1,3,18,8,6,123,TRAINING,1,3,1,0,10732465,32f76aeb,6744
171,1,3,18,8,6,124,TRAINING,7,15,0,2,10732456,32f76abe,5676
171,1,3,18,8,6,125,TRAINING,5,11,0,6,16732450,3ef76ab2,2760
171,1,3,18,8,6,126,TRAINING,6,14,0,1,46732150,aef763b2,2341
171,1,3,18,8,6,127,TRAINING,5,11,0,6,46702153,aef263b7,2448
171,1,3,18,8,6,128,TRAINING,2,6,1,4,36702154,7ef263ba,2891
171,1,3,18,8,6,129,TRAINING,6,14,0,1,36072154,7e2f63ba,4923
171,1,3,18,8,6,130,TRAINING,3,7,0,2,06372154,2e7f63ba,3883
171,1,3,18,8,6,131,TRAINING,4,10,1,3,06342157,2e7a63bf,3355
171,1,3,18,8,6,132,TRAINING,2,6,1,0,26340157,6e7a23bf,2162
171,1,3,18,8,6,133,TRAINING,0,2,1,4,26540137,6eba237f,20984
171,1,3,18,8,6,134,TRAINING,1,3,1,5,25640137,6bea237f,4905
171,1,3,18,8,6,135,TRAINING,7,15,0,7,24650137,6aeb237f,4042
171,1,3,18,8,6,136,TRAINING,4,10,1,1,24560137,6abe237f,2832
171,1,3,18,8,6,137,TEST,4,10,1,1,true,1596
171,1,3,18,8,6,138,TEST,6,14,0,0,true,1783
171,1,3,18,8,6,139,TEST,2,6,1,0,false,2195
171,1,3,18,8,6,140,TEST,0,2,1,0,false,2344
171,1,3,18,8,6,141,TEST,3,7,0,0,true,4435
171,1,3,18,8,6,142,TEST,5,11,0,0,true,1748
171,1,3,18,8,6,143,TEST,7,15,0,0,true,1848
171,1,3,18,8,6,144,TEST,1,3,1,1,true,1939
171,1,3,18,8,7,145,TRAINING,6,14,0,3,02163547,263e7baf,4399
171,1,3,18,8,7,146,TRAINING,6,14,0,3,02361547,267e3baf,2313
171,1,3,18,8,7,147,TRAINING,3,7,0,0,32061547,762e3baf,6090
171,1,3,18,8,7,148,TRAINING,3,7,0,0,32561047,76be32af,2371
171,1,3,18,8,7,149,TRAINING,0,2,1,5,32165047,763eb2af,2842
171,1,3,18,8,7,150,TRAINING,2,6,1,1,32175046,763fb2ae,2771
171,1,3,18,8,7,151,TRAINING,0,2,1,5,32165047,763eb2af,1744
171,1,3,18,8,7,152,TRAINING,7,15,0,2,32765041,76feb2a3,1730
171,1,3,18,8,7,153,TRAINING,2,6,1,1,32764051,76fea2b3,2383
171,1,3,18,8,7,154,TRAINING,5,11,0,6,32760451,76fe2ab3,2405
171,1,3,18,8,7,155,TRAINING,5,11,0,6,32670451,76ef2ab3,3268
171,1,3,18,8,7,156,TRAINING,4,10,1,5,31670452,73ef2ab6,4997
171,1,3,18,8,7,157,TRAINING,4,10,1,5,31607452,73e2fab6,3367
171,1,3,18,8,7,158,TRAINING,1,3,1,1,31657402,73ebfa26,1689
171,1,3,18,8,7,159,TRAINING,1,3,1,1,51637402,b3e7fa26,2986
171,1,3,18,8,7,160,TRAINING,7,15,0,4,51647302,b3eaf726,2505
171,1,3,18,8,7,161,TEST,6,14,0,1,false,824
171,1,3,18,8,7,162,TEST,4,10,1,1,true,1012
171,1,3,18,8,7,163,TEST,7,15,0,0,true,1114
171,1,3,18,8,7,164,TEST,0,2,1,1,true,2827
171,1,3,18,8,7,165,TEST,3,7,0,0,true,1514
171,1,3,18,8,7,166,TEST,5,11,0,0,true,3211
171,1,3,18,8,7,167,TEST,1,3,1,1,true,2866
171,1,3,18,8,7,168,TEST,2,6,1,0,false,1996
171,1,3,18,8,8,169,TRAINING,1,3,1,2,43157206,a73bf62e,3571
171,1,3,18,8,8,170,TRAINING,5,11,0,1,45137206,ab37f62e,2161
171,1,3,18,8,8,171,TRAINING,2,6,1,5,45136207,ab37e62f,2714
171,1,3,18,8,8,172,TRAINING,2,6,1,5,45136270,ab37e6f2,1745
171,1,3,18,8,8,173,TRAINING,1,3,1,2,45163270,ab3e76f2,1412
171,1,3,18,8,8,174,TRAINING,7,15,0,6,45103276,ab3276fe,1735
171,1,3,18,8,8,175,TRAINING,5,11,0,7,46103275,ae3276fb,1732
171,1,3,18,8,8,176,TRAINING,4,10,1,0,41603275,a3e276fb,3595
171,1,3,18,8,8,177,TRAINING,3,7,0,4,41203675,a3627efb,3843
171,1,3,18,8,8,178,TRAINING,3,7,0,4,40213675,a2637efb,2144
171,1,3,18,8,8,179,TRAINING,6,14,0,5,70213645,f2637eab,2409
171,1,3,18,8,8,180,TRAINING,4,10,1,6,70253641,f26b7ea3,2330
171,1,3,18,8,8,181,TRAINING,6,14,0,5,20753641,62fb7ea3,3034
171,1,3,18,8,8,182,TRAINING,7,15,0,2,20735641,62f7bea3,1459
171,1,3,18,8,8,183,TRAINING,0,2,1,1,10735642,32f7bea6,3058
171,1,3,18,8,8,184,TRAINING,0,2,1,1,10735246,32f7b6ae,1658
171,1,3,18,8,8,185,TEST,7,15,0,0,true,1371
171,1,3,18,8,8,186,TEST,6,14,0,0,true,994
171,1,3,18,8,8,187,TEST,3,7,0,1,false,1448
171,1,3,18,8,8,188,TEST,2,6,1,0,false,2754
171,1,3,18,8,8,189,TEST,1,3,1,1,true,938
171,1,3,18,8,8,190,TEST,5,11,0,0,true,2042
171,1,3,18,8,8,191,TEST,0,2,1,1,true,822
171,1,3,18,8,8,192,TEST,4,10,1,1,true,817
171,1,3,18,8,9,193,TRAINING,2,6,1,7,04157362,2a3bf7e6,7664
171,1,3,18,8,9,194,TRAINING,6,14,0,0,64157302,ea3bf726,7369
171,1,3,18,8,9,195,TRAINING,7,15,0,4,64057312,ea2bf736,2355
171,1,3,18,8,9,196,TRAINING,2,6,1,7,65047312,eb2af736,1441
171,1,3,18,8,9,197,TRAINING,7,15,0,4,60547312,e2baf736,2043
171,1,3,18,8,9,198,TRAINING,6,14,0,2,50647312,b2eaf736,1473
171,1,3,18,8,9,199,TRAINING,1,3,1,7,50647321,b2eaf763,1641
171,1,3,18,8,9,200,TRAINING,3,7,0,5,40657321,a2ebf763,1883
171,1,3,18,8,9,201,TRAINING,3,7,0,5,45607321,abe2f763,1810
171,1,3,18,8,9,202,TRAINING,5,11,0,3,40657321,a2ebf763,1826
171,1,3,18,8,9,203,TRAINING,1,3,1,0,10657324,32ebf76a,2844
171,1,3,18,8,9,204,TRAINING,4,10,1,7,13657024,37ebf26a,7671
171,1,3,18,8,9,205,TRAINING,5,11,0,3,13257064,376bf2ea,1991
171,1,3,18,8,9,206,TRAINING,4,10,1,7,13752064,37fb62ea,2693
171,1,3,18,8,9,207,TRAINING,0,2,1,4,13750264,37fb26ea,2138
171,1,3,18,8,9,208,TRAINING,0,2,1,4,13750624,37fb2e6a,18185
171,1,3,18,8,9,209,TEST,2,6,1,1,true,4769
171,1,3,18,8,9,210,TEST,3,7,0,0,true,747
171,1,3,18,8,9,211,TEST,0,2,1,1,true,1450
171,1,3,18,8,9,212,TEST,5,11,0,1,false,10107
171,1,3,18,8,9,213,TEST,1,3,1,1,true,1714
171,1,3,18,8,9,214,TEST,6,14,0,0,true,531
171,1,3,18,8,9,215,TEST,7,15,0,0,true,644
171,1,3,18,8,9,216,TEST,4,10,1,0,false,530
171,1,3,18,8,10,217,TRAINING,5,11,0,2,23547061,67baf2e3,5763
171,1,3,18,8,10,218,TRAINING,2,6,1,0,23541067,67ba32ef,12785
171,1,3,18,8,10,219,TRAINING,1,3,1,4,23541076,67ba32fe,2287
171,1,3,18,8,10,220,TRAINING,7,15,0,6,23451076,67ab32fe,1691
171,1,3,18,8,10,221,TRAINING,4,10,1,2,26451073,6eab32f7,7024
171,1,3,18,8,10,222,TRAINING,5,11,0,3,26453071,6eab72f3,1706
171,1,3,18,8,10,223,TRAINING,3,7,0,7,26451073,6eab32f7,1586
171,1,3,18,8,10,224,TRAINING,2,6,1,0,27451063,6fab32e7,5513
171,1,3,18,8,10,225,TRAINING,0,2,1,5,27415063,6fa3b2e7,5514
171,1,3,18,8,10,226,TRAINING,6,14,0,2,27615043,6fe3b2a7,2002
171,1,3,18,8,10,227,TRAINING,1,3,1,3,27615034,6fe3b27a,6843
171,1,3,18,8,10,228,TRAINING,4,10,1,7,20615734,62e3bf7a,2435
171,1,3,18,8,10,229,TRAINING,3,7,0,6,20715634,62f3be7a,1745
171,1,3,18,8,10,230,TRAINING,6,14,0,5,20517634,62b3fe7a,3409
171,1,3,18,8,10,231,TRAINING,7,15,0,3,20571634,62bf3e7a,3650
171,1,3,18,8,10,232,TRAINING,0,2,1,4,21570634,63bf2e7a,6058
171,1,3,18,8,10,233,TEST,0,2,1,1,true,2400
171,1,3,18,8,10,234,TEST,6,14,0,0,true,875
171,1,3,18,8,10,235,TEST,5,11,0,0,true,692
171,1,3,18,8,10,236,TEST,4,10,1,1,true,1192
171,1,3,18,8,10,237,TEST,3,7,0,0,true,632
171,1,3,18,8,10,238,TEST,2,6,1,1,true,716
171,1,3,18,8,10,239,TEST,7,15,0,0,true,914
171,1,3,18,8,10,240,TEST,1,3,1,1,true,1386
171,1,3,18,8,11,241,TRAINING,1,3,1,4,63021574,e7263bfa,2869
171,1,3,18,8,11,242,TRAINING,5,11,0,5,64021573,ea263bf7,4208
171,1,3,18,8,11,243,TRAINING,7,15,0,0,74021563,fa263be7,2042
171,1,3,18,8,11,244,TRAINING,0,2,1,2,76021543,fe263ba7,3393
171,1,3,18,8,11,245,TRAINING,0,2,1,2,76012543,fe236ba7,2219
171,1,3,18,8,11,246,TRAINING,4,10,1,5,76012453,fe236ab7,1631
171,1,3,18,8,11,247,TRAINING,3,7,0,7,76021453,fe263ab7,1747
171,1,3,18,8,11,248,TRAINING,7,15,0,2,06721453,2ef63ab7,1689
171,1,3,18,8,11,249,TRAINING,4,10,1,6,06721543,2ef63ba7,1801
171,1,3,18,8,11,250,TRAINING,6,14,0,0,60721543,e2f63ba7,1513
171,1,3,18,8,11,251,TRAINING,1,3,1,1,61720543,e3f62ba7,1608
171,1,3,18,8,11,252,TRAINING,3,7,0,7,61270543,e36f2ba7,1257
171,1,3,18,8,11,253,TRAINING,2,6,1,4,61072543,e32f6ba7,2330
171,1,3,18,8,11,254,TRAINING,2,6,1,4,71062543,f32e6ba7,1565
171,1,3,18,8,11,255,TRAINING,6,14,0,3,70162543,f23e6ba7,2320
171,1,3,18,8,11,256,TRAINING,5,11,0,1,75162043,fb3e62a7,2130
171,1,3,18,8,11,257,TEST,5,11,0,0,true,1457
171,1,3,18,8,11,258,TEST,3,7,0,0,true,835
171,1,3,18,8,11,259,TEST,2,6,1,1,true,655
171,1,3,18,8,11,260,TEST,1,3,1,1,true,694
171,1,3,18,8,11,261,TEST,4,10,1,1,true,723
171,1,3,18,8,11,262,TEST,0,2,1,1,true,731
171,1,3,18,8,11,263,TEST,6,14,0,0,true,714
171,1,3,18,8,11,264,TEST,7,15,0,0,true,530
171,1,3,18,8,INSTRUCT,postquestionnaire,4

rulestrategy:A blue square with yellow border and/or a diagonal line as well as a purple square with a line are in group A. Everything else is group B.
howtoimprove:
engagement:9
difficulty:8
physicalaids:no