175,0,4,17,7,INSTRUCT,instruct1,21092
175,0,4,17,7,INSTRUCT,instructCatExample,20030
175,0,4,17,7,INSTRUCT,instructCatColor,7463
175,0,4,17,7,INSTRUCT,instructCatStripe,15502
175,0,4,17,7,INSTRUCT,instructDemoIntro,26078
175,0,4,17,7,INSTRUCT,instructDemo,28969
175,0,4,17,7,INSTRUCT,instructTest,33799
175,0,4,17,7,INSTRUCT,instructTest2,35943
175,0,4,17,7,INSTRUCT,instructDimColor,16711
175,0,4,17,7,INSTRUCT,instructDimBorder,7335
175,0,4,17,7,INSTRUCT,instructDimDots,6407
175,0,4,17,7,INSTRUCT,instructDimStripe,3471
175,0,4,17,7,INSTRUCT,instructDimAll,10703
175,0,4,17,7,INSTRUCT,instructFinal,16991
175,0,4,17,7,1,1,TRAINING,4,9,1,0,40273651,9b30218a,6479
175,0,4,17,7,1,2,TRAINING,1,10,0,7,47203651,903b218a,4331
175,0,4,17,7,1,3,TRAINING,0,11,1,3,47203561,903b281a,2706
175,0,4,17,7,1,4,TRAINING,6,1,0,4,47206531,903b182a,1379
175,0,4,17,7,1,5,TRAINING,2,3,1,2,37206541,203b189a,1548
175,0,4,17,7,1,6,TRAINING,4,9,1,6,37206145,203b1a98,1490
175,0,4,17,7,1,7,TRAINING,3,2,0,0,35206147,283b1a90,6412
175,0,4,17,7,1,8,TRAINING,1,10,0,5,30256147,2b381a90,1785
175,0,4,17,7,1,9,TRAINING,2,3,1,3,30526147,2b831a90,2275
175,0,4,17,7,1,10,TRAINING,7,0,1,7,50326147,8b231a90,5115
175,0,4,17,7,1,11,TRAINING,3,2,0,2,50321647,8b23a190,1139
175,0,4,17,7,1,12,TRAINING,4,9,1,6,05321647,b823a190,20643
175,0,4,17,7,1,13,TRAINING,6,1,0,5,75321640,0823a19b,1402
175,0,4,17,7,1,14,TRAINING,2,3,1,2,75231640,0832a19b,1602
175,0,4,17,7,1,15,TRAINING,3,2,0,1,73251640,0238a19b,6082
175,0,4,17,7,1,16,TRAINING,5,8,0,0,53271640,8230a19b,2148
175,0,4,17,7,1,17,TEST,7,0,1,0,false,4826
175,0,4,17,7,1,18,TEST,1,10,0,0,true,6531
175,0,4,17,7,1,19,TEST,6,1,0,1,false,1002
175,0,4,17,7,1,20,TEST,2,3,1,1,true,2562
175,0,4,17,7,1,21,TEST,3,2,0,1,false,699
175,0,4,17,7,1,22,TEST,5,8,0,0,true,787
175,0,4,17,7,1,23,TEST,0,11,1,1,true,1372
175,0,4,17,7,1,24,TEST,4,9,1,1,true,1451
175,0,4,17,7,2,25,TRAINING,6,1,0,0,62570143,1380ba92,20773
175,0,4,17,7,2,26,TRAINING,7,0,1,4,62507143,138b0a92,6330
175,0,4,17,7,2,27,TRAINING,2,3,1,7,63507142,128b0a93,6315
175,0,4,17,7,2,28,TRAINING,3,2,0,5,61507342,1a8b0293,15004
175,0,4,17,7,2,29,TRAINING,6,1,0,0,64507312,198b02a3,12378
175,0,4,17,7,2,30,TRAINING,2,3,1,6,64507321,198b023a,3025
175,0,4,17,7,2,31,TRAINING,0,11,1,3,64107325,19ab0238,1490
175,0,4,17,7,2,32,TRAINING,1,10,0,0,14607325,a91b0238,1482
175,0,4,17,7,2,33,TRAINING,5,8,0,6,14607352,a91b0283,1043
175,0,4,17,7,2,34,TRAINING,6,1,0,2,13607452,a21b0983,6466
175,0,4,17,7,2,35,TRAINING,5,8,0,6,12607453,a31b0982,1019
175,0,4,17,7,2,36,TRAINING,2,3,1,1,32607451,231b098a,3940
175,0,4,17,7,2,37,TRAINING,3,2,0,0,32706451,230b198a,1058
175,0,4,17,7,2,38,TRAINING,1,10,0,7,32760451,2301b98a,5820
175,0,4,17,7,2,39,TRAINING,0,11,1,3,32706451,230b198a,1754
175,0,4,17,7,2,40,TRAINING,4,9,1,2,32406751,239b108a,3163
175,0,4,17,7,2,41,TEST,3,2,0,0,true,3297
175,0,4,17,7,2,42,TEST,0,11,1,1,true,1442
175,0,4,17,7,2,43,TEST,2,3,1,1,true,603
175,0,4,17,7,2,44,TEST,4,9,1,0,false,563
175,0,4,17,7,2,45,TEST,7,0,1,0,false,595
175,0,4,17,7,2,46,TEST,5,8,0,0,true,658
175,0,4,17,7,2,47,TEST,6,1,0,0,true,986
175,0,4,17,7,2,48,TEST,1,10,0,1,false,1300
175,0,4,17,7,3,49,TRAINING,0,11,1,4,35670412,2810b9a3,5685
175,0,4,17,7,3,50,TRAINING,4,9,1,5,25670413,3810b9a2,1267
175,0,4,17,7,3,51,TRAINING,6,1,0,0,65270413,1830b9a2,1700
175,0,4,17,7,3,52,TRAINING,2,3,1,2,65210473,183ab902,1194
175,0,4,17,7,3,53,TRAINING,6,1,0,0,65270413,1830b9a2,14084
175,0,4,17,7,3,54,TRAINING,4,9,1,5,65207413,183b09a2,1419
175,0,4,17,7,3,55,TRAINING,5,8,0,1,65203417,183b29a0,5763
175,0,4,17,7,3,56,TRAINING,1,10,0,3,65213407,183a29b0,3459
175,0,4,17,7,3,57,TRAINING,4,9,1,7,65213704,183a20b9,2626
175,0,4,17,7,3,58,TRAINING,0,11,1,2,65013724,18ba2039,1298
175,0,4,17,7,3,59,TRAINING,6,1,0,0,65031724,18b2a039,6435
175,0,4,17,7,3,60,TRAINING,2,3,1,6,65037124,18b20a39,1170
175,0,4,17,7,3,61,TRAINING,4,9,1,7,65730124,1802ba39,1818
175,0,4,17,7,3,62,TRAINING,1,10,0,5,56730124,8102ba39,1124
175,0,4,17,7,3,63,TRAINING,7,0,1,2,65730124,1802ba39,1483
175,0,4,17,7,3,64,TRAINING,5,8,0,1,65740123,1809ba32,995
175,0,4,17,7,3,65,TEST,4,9,1,1,true,6361
175,0,4,17,7,3,66,TEST,7,0,1,1,true,5394
175,0,4,17,7,3,67,TEST,2,3,1,1,true,1868
175,0,4,17,7,3,68,TEST,5,8,0,1,false,1394
175,0,4,17,7,3,69,TEST,6,1,0,0,true,691
175,0,4,17,7,3,70,TEST,0,11,1,1,true,548
175,0,4,17,7,3,71,TEST,3,2,0,0,true,2210
175,0,4,17,7,3,72,TEST,1,10,0,0,true,1100
175,0,4,17,7,4,73,TRAINING,4,9,1,0,43157062,92a80b13,17862
175,0,4,17,7,4,74,TRAINING,3,2,0,1,43751062,9208ab13,14555
175,0,4,17,7,4,75,TRAINING,2,3,1,2,43251067,9238ab10,9483
175,0,4,17,7,4,76,TRAINING,1,10,0,3,43215067,923a8b10,10682
175,0,4,17,7,4,77,TRAINING,6,1,0,0,63215047,123a8b90,5290
175,0,4,17,7,4,78,TRAINING,3,2,0,7,67215043,103a8b92,7146
175,0,4,17,7,4,79,TRAINING,3,2,0,7,67214053,103a9b82,8051
175,0,4,17,7,4,80,TRAINING,1,10,0,3,76214053,013a9b82,1346
175,0,4,17,7,4,81,TRAINING,2,3,1,2,46217053,913a0b82,947
175,0,4,17,7,4,82,TRAINING,0,11,1,5,45217063,983a0b12,1435
175,0,4,17,7,4,83,TRAINING,7,0,1,6,45216073,983a1b02,8939
175,0,4,17,7,4,84,TRAINING,5,8,0,2,42516073,938a1b02,1331
175,0,4,17,7,4,85,TRAINING,6,1,0,4,42506173,938b1a02,1019
175,0,4,17,7,4,86,TRAINING,4,9,1,3,02546173,b3891a02,1315
175,0,4,17,7,4,87,TRAINING,7,0,1,6,02546371,b389120a,8083
175,0,4,17,7,4,88,TRAINING,5,8,0,2,20546371,3b89120a,3036
175,0,4,17,7,4,89,TEST,0,11,1,1,true,7196
175,0,4,17,7,4,90,TEST,4,9,1,0,false,2243
175,0,4,17,7,4,91,TEST,2,3,1,1,true,2516
175,0,4,17,7,4,92,TEST,6,1,0,0,true,1074
175,0,4,17,7,4,93,TEST,7,0,1,0,false,1260
175,0,4,17,7,4,94,TEST,5,8,0,0,true,738
175,0,4,17,7,4,95,TEST,3,2,0,0,true,3676
175,0,4,17,7,4,96,TEST,1,10,0,0,true,611
175,0,4,17,7,5,97,TRAINING,3,2,0,1,73125046,02a38b91,9319
175,0,4,17,7,5,98,TRAINING,1,10,0,2,63125047,12a38b90,1346
175,0,4,17,7,5,99,TRAINING,0,11,1,5,63124057,12a39b80,2924
175,0,4,17,7,5,100,TRAINING,2,3,1,6,63154027,12a89b30,1249
175,0,4,17,7,5,101,TRAINING,1,10,0,4,63451027,1298ab30,21763
175,0,4,17,7,5,102,TRAINING,2,3,1,6,63451720,1298a03b,3635
175,0,4,17,7,5,103,TRAINING,5,8,0,1,65431720,1892a03b,7348
175,0,4,17,7,5,104,TRAINING,7,0,1,5,05431726,b892a031,1433
175,0,4,17,7,5,105,TRAINING,4,9,1,2,05436721,b892103a,4914
175,0,4,17,7,5,106,TRAINING,5,8,0,1,25436701,389210ba,1002
175,0,4,17,7,5,107,TRAINING,6,1,0,4,35426701,289310ba,1082
175,0,4,17,7,5,108,TRAINING,5,8,0,1,15426703,a89310b2,11786
175,0,4,17,7,5,109,TRAINING,6,1,0,4,15406723,a89b1032,2138
175,0,4,17,7,5,110,TRAINING,7,0,1,5,25406713,389b10a2,6044
175,0,4,17,7,5,111,TRAINING,4,9,1,2,15406723,a89b1032,2099
175,0,4,17,7,5,112,TRAINING,7,0,1,5,15402763,a89b3012,4714
175,0,4,17,7,5,113,TEST,5,8,0,0,true,3027
175,0,4,17,7,5,114,TEST,2,3,1,1,true,1531
175,0,4,17,7,5,115,TEST,4,9,1,0,false,3946
175,0,4,17,7,5,116,TEST,6,1,0,1,false,2147
175,0,4,17,7,5,117,TEST,3,2,0,0,true,1197
175,0,4,17,7,5,118,TEST,0,11,1,1,true,3211
175,0,4,17,7,5,119,TEST,7,0,1,0,false,1155
175,0,4,17,7,5,120,TEST,1,10,0,0,true,1595
175,0,4,17,7,6,121,TRAINING,0,11,1,4,45160732,98a1b023,5998
175,0,4,17,7,6,122,TRAINING,2,3,1,7,54160732,89a1b023,2681
175,0,4,17,7,6,123,TRAINING,4,9,1,1,14560732,a981b023,1331
175,0,4,17,7,6,124,TRAINING,6,1,0,3,54160732,89a1b023,1147
175,0,4,17,7,6,125,TRAINING,5,8,0,7,24160735,39a1b028,15306
175,0,4,17,7,6,126,TRAINING,3,2,0,6,42160735,93a1b028,2499
175,0,4,17,7,6,127,TRAINING,7,0,1,5,46120735,91a3b028,1683
175,0,4,17,7,6,128,TRAINING,1,10,0,2,46125730,91a3802b,1114
175,0,4,17,7,6,129,TRAINING,6,1,0,1,06125734,b1a38029,3139
175,0,4,17,7,6,130,TRAINING,1,10,0,2,26105734,31ab8029,2723
175,0,4,17,7,6,131,TRAINING,3,2,0,5,26105374,31ab8209,2754
175,0,4,17,7,6,132,TRAINING,5,8,0,0,56102374,81ab3209,1036
175,0,4,17,7,6,133,TRAINING,7,0,1,6,56142370,81a9320b,1139
175,0,4,17,7,6,134,TRAINING,6,1,0,1,56132470,81a2390b,5403
175,0,4,17,7,6,135,TRAINING,7,0,1,6,26135470,31a2890b,1084
175,0,4,17,7,6,136,TRAINING,4,9,1,2,26435170,31928a0b,4764
175,0,4,17,7,6,137,TEST,3,2,0,0,true,2338
175,0,4,17,7,6,138,TEST,1,10,0,0,true,1236
175,0,4,17,7,6,139,TEST,4,9,1,1,true,1675
175,0,4,17,7,6,140,TEST,2,3,1,1,true,515
175,0,4,17,7,6,141,TEST,5,8,0,0,true,875
175,0,4,17,7,6,142,TEST,0,11,1,1,true,1403
175,0,4,17,7,6,143,TEST,6,1,0,0,true,652
175,0,4,17,7,6,144,TEST,7,0,1,1,true,1843
175,0,4,17,7,7,145,TRAINING,6,1,0,7,30124576,2ba39801,6191
175,0,4,17,7,7,146,TRAINING,2,3,1,3,34120576,29a3b801,1787
175,0,4,17,7,7,147,TRAINING,4,9,1,1,74120536,09a3b821,1867
175,0,4,17,7,7,148,TRAINING,0,11,1,5,74125036,09a38b21,1187
175,0,4,17,7,7,149,TRAINING,7,0,1,0,74126035,09a31b28,10625
175,0,4,17,7,7,150,TRAINING,1,10,0,2,72146035,03a91b28,2908
175,0,4,17,7,7,151,TRAINING,3,2,0,5,72146305,03a912b8,2195
175,0,4,17,7,7,152,TRAINING,5,8,0,7,02146375,b3a91208,1090
175,0,4,17,7,7,153,TRAINING,7,0,1,2,02746315,b30912a8,1082
175,0,4,17,7,7,154,TRAINING,5,8,0,7,02741365,b309a218,7850
175,0,4,17,7,7,155,TRAINING,5,8,0,7,02761345,b301a298,13034
175,0,4,17,7,7,156,TRAINING,1,10,0,2,02167345,b3a10298,3306
175,0,4,17,7,7,157,TRAINING,7,0,1,5,02163745,b3a12098,1019
175,0,4,17,7,7,158,TRAINING,3,2,0,1,03162745,b2a13098,3851
175,0,4,17,7,7,159,TRAINING,7,0,1,5,13062745,a2b13098,947
175,0,4,17,7,7,160,TRAINING,1,10,0,0,13052746,a2b83091,4210
175,0,4,17,7,7,161,TEST,7,0,1,0,false,2851
175,0,4,17,7,7,162,TEST,6,1,0,0,true,2011
175,0,4,17,7,7,163,TEST,4,9,1,1,true,523
175,0,4,17,7,7,164,TEST,5,8,0,0,true,1372
175,0,4,17,7,7,165,TEST,2,3,1,1,true,466
175,0,4,17,7,7,166,TEST,1,10,0,0,true,2708
175,0,4,17,7,7,167,TEST,3,2,0,1,false,2115
175,0,4,17,7,7,168,TEST,0,11,1,1,true,674
175,0,4,17,7,8,169,TRAINING,6,1,0,7,20734156,3b029a81,6716
175,0,4,17,7,8,170,TRAINING,2,3,1,2,70234156,0b329a81,7018
175,0,4,17,7,8,171,TRAINING,0,11,1,1,50234176,8b329a01,1883
175,0,4,17,7,8,172,TRAINING,4,9,1,5,50231476,8b32a901,954
175,0,4,17,7,8,173,TRAINING,5,8,0,2,20531476,3b82a901,13067
175,0,4,17,7,8,174,TRAINING,7,0,1,6,20536471,3b82190a,1314
175,0,4,17,7,8,175,TRAINING,1,10,0,4,20531476,3b82a901,4155
175,0,4,17,7,8,176,TRAINING,3,2,0,3,20431576,3b92a801,986
175,0,4,17,7,8,177,TRAINING,3,2,0,3,20631574,3b12a809,7778
175,0,4,17,7,8,178,TRAINING,5,8,0,5,60231574,1b32a809,1242
175,0,4,17,7,8,179,TRAINING,1,10,0,4,40231576,9b32a801,1059
175,0,4,17,7,8,180,TRAINING,7,0,1,6,30241576,2b39a801,1410
175,0,4,17,7,8,181,TRAINING,6,1,0,7,35241076,2839ab01,4954
175,0,4,17,7,8,182,TRAINING,7,0,1,6,31245076,2a398b01,4339
175,0,4,17,7,8,183,TRAINING,1,10,0,1,01245376,ba398201,6436
175,0,4,17,7,8,184,TRAINING,5,8,0,4,01265374,ba318209,1698
175,0,4,17,7,8,185,TEST,5,8,0,0,true,2682
175,0,4,17,7,8,186,TEST,4,9,1,1,true,1916
175,0,4,17,7,8,187,TEST,2,3,1,1,true,1452
175,0,4,17,7,8,188,TEST,6,1,0,0,true,692
175,0,4,17,7,8,189,TEST,7,0,1,1,true,4034
175,0,4,17,7,8,190,TEST,1,10,0,0,true,1386
175,0,4,17,7,8,191,TEST,3,2,0,0,true,2227
175,0,4,17,7,8,192,TEST,0,11,1,1,true,714
175,0,4,17,7,9,193,TRAINING,6,1,0,1,46057231,91b8032a,19983
175,0,4,17,7,9,194,TRAINING,4,9,1,0,46257031,91380b2a,1203
175,0,4,17,7,9,195,TRAINING,0,11,1,4,46250731,9138b02a,954
175,0,4,17,7,9,196,TRAINING,2,3,1,2,46230751,9132b08a,1411
175,0,4,17,7,9,197,TRAINING,7,0,1,3,46270351,9130b28a,10234
175,0,4,17,7,9,198,TRAINING,1,10,0,1,41270356,9a30b281,1290
175,0,4,17,7,9,199,TRAINING,5,8,0,6,41670352,9a10b283,2050
175,0,4,17,7,9,200,TRAINING,3,2,0,5,41760352,9a01b283,1419
175,0,4,17,7,9,201,TRAINING,4,9,1,0,41260357,9a31b280,2259
175,0,4,17,7,9,202,TRAINING,6,1,0,2,41620357,9a13b280,2948
175,0,4,17,7,9,203,TRAINING,7,0,1,1,47620351,9013b28a,1250
175,0,4,17,7,9,204,TRAINING,5,8,0,6,07624351,b013928a,1521
175,0,4,17,7,9,205,TRAINING,6,1,0,3,07264351,b031928a,4938
175,0,4,17,7,9,206,TRAINING,7,0,1,1,07263451,b031298a,7546
175,0,4,17,7,9,207,TRAINING,7,0,1,1,07261453,b031a982,3562
175,0,4,17,7,9,208,TRAINING,6,1,0,0,67201453,103ba982,3500
175,0,4,17,7,9,209,TEST,2,3,1,1,true,2594
175,0,4,17,7,9,210,TEST,5,8,0,0,true,6691
175,0,4,17,7,9,211,TEST,4,9,1,1,true,979
175,0,4,17,7,9,212,TEST,0,11,1,1,true,1883
175,0,4,17,7,9,213,TEST,6,1,0,0,true,707
175,0,4,17,7,9,214,TEST,1,10,0,0,true,2602
175,0,4,17,7,9,215,TEST,3,2,0,0,true,3853
175,0,4,17,7,9,216,TEST,7,0,1,1,true,1523
175,0,4,17,7,INSTRUCT,postquestionnaire,1

rulestrategy:All the squares with yellow border are B except for the solid purple which is A. All the squares with white border are A except the solid purple which is B.

It may have been vice versa, can't remember now.
howtoimprove:
engagement:8
difficulty:9
physicalaids:no