179,1,5,16,6,INSTRUCT,instruct1,18563
179,1,5,16,6,INSTRUCT,instructCatExample,25459
179,1,5,16,6,INSTRUCT,instructCatColor,5242
179,1,5,16,6,INSTRUCT,instructCatStripe,15951
179,1,5,16,6,INSTRUCT,instructDemoIntro,27097
179,1,5,16,6,INSTRUCT,instructDemo,95622
179,1,5,16,6,INSTRUCT,instructTest,47675
179,1,5,16,6,INSTRUCT,instructTest2,19220
179,1,5,16,6,INSTRUCT,instructDimColor,18408
179,1,5,16,6,INSTRUCT,instructDimBorder,7613
179,1,5,16,6,INSTRUCT,instructDimDots,7316
179,1,5,16,6,INSTRUCT,instructDimStripe,6646
179,1,5,16,6,INSTRUCT,instructDimAll,24105
179,1,5,16,6,INSTRUCT,instructFinal,19968
179,1,5,16,6,1,1,TRAINING,3,10,1,5,45207316,4c268ae0,5257
179,1,5,16,6,1,2,TRAINING,1,14,0,6,47205316,4826cae0,5777
179,1,5,16,6,1,3,TRAINING,6,0,1,1,46205317,4026cae8,5238
179,1,5,16,6,1,4,TRAINING,7,8,0,4,46207315,40268aec,6494
179,1,5,16,6,1,5,TRAINING,4,4,0,0,46207351,40268ace,7088
179,1,5,16,6,1,6,TRAINING,3,10,1,5,40267351,46208ace,5942
179,1,5,16,6,1,7,TRAINING,4,4,0,0,40257361,462c8a0e,3032
179,1,5,16,6,1,8,TRAINING,5,12,1,3,40257316,462c8ae0,3194
179,1,5,16,6,1,9,TRAINING,5,12,1,3,47250316,482c6ae0,2412
179,1,5,16,6,1,10,TRAINING,1,14,0,6,46250317,402c6ae8,3986
179,1,5,16,6,1,11,TRAINING,0,6,1,4,46750312,408c6ae2,3318
179,1,5,16,6,1,12,TRAINING,2,2,0,7,46570312,40c86ae2,4155
179,1,5,16,6,1,13,TRAINING,2,2,0,7,46530712,40ca68e2,2924
179,1,5,16,6,1,14,TRAINING,0,6,1,4,43560712,4ac068e2,2598
179,1,5,16,6,1,15,TRAINING,7,8,0,5,45360712,4ca068e2,2829
179,1,5,16,6,1,16,TRAINING,6,0,1,3,35460712,ac4068e2,3102
179,1,5,16,6,1,17,TEST,5,12,1,1,true,15338
179,1,5,16,6,1,18,TEST,7,8,0,0,true,4665
179,1,5,16,6,1,19,TEST,2,2,0,0,true,5304
179,1,5,16,6,1,20,TEST,0,6,1,1,true,2808
179,1,5,16,6,1,21,TEST,4,4,0,0,true,2683
179,1,5,16,6,1,22,TEST,3,10,1,1,true,3010
179,1,5,16,6,1,23,TEST,1,14,0,1,false,10327
179,1,5,16,6,1,24,TEST,6,0,1,0,false,1482
179,1,5,16,6,2,25,TRAINING,1,14,0,7,54237061,c42a860e,5825
179,1,5,16,6,2,26,TRAINING,2,2,0,2,74235061,842ac60e,4013
179,1,5,16,6,2,27,TRAINING,4,4,0,1,74253061,842ca60e,3345
179,1,5,16,6,2,28,TRAINING,3,10,1,4,74253016,842ca6e0,3859
179,1,5,16,6,2,29,TRAINING,7,8,0,0,74653012,840ca6e2,1956
179,1,5,16,6,2,30,TRAINING,0,6,1,5,74623015,8402a6ec,2267
179,1,5,16,6,2,31,TRAINING,4,4,0,1,74263015,8420a6ec,3469
179,1,5,16,6,2,32,TRAINING,7,8,0,0,74623015,8402a6ec,2020
179,1,5,16,6,2,33,TRAINING,6,0,1,2,74632015,840a26ec,1681
179,1,5,16,6,2,34,TRAINING,1,14,0,6,74623015,8402a6ec,4556
179,1,5,16,6,2,35,TRAINING,2,2,0,3,34627015,a40286ec,3545
179,1,5,16,6,2,36,TRAINING,0,6,1,5,64327015,04a286ec,2077
179,1,5,16,6,2,37,TRAINING,5,12,1,7,64723015,0482a6ec,4640
179,1,5,16,6,2,38,TRAINING,3,10,1,4,64713025,048ea62c,4731
179,1,5,16,6,2,39,TRAINING,5,12,1,7,64173025,04e8a62c,2946
179,1,5,16,6,2,40,TRAINING,6,0,1,0,64103725,04e6a82c,2643
179,1,5,16,6,2,41,TEST,7,8,0,0,true,1130
179,1,5,16,6,2,42,TEST,2,2,0,0,true,13354
179,1,5,16,6,2,43,TEST,1,14,0,1,false,2980
179,1,5,16,6,2,44,TEST,6,0,1,1,true,1391
179,1,5,16,6,2,45,TEST,5,12,1,1,true,3868
179,1,5,16,6,2,46,TEST,3,10,1,0,false,3245
179,1,5,16,6,2,47,TEST,0,6,1,0,false,8267
179,1,5,16,6,2,48,TEST,4,4,0,1,false,7347
179,1,5,16,6,3,49,TRAINING,1,14,0,3,73012654,8a6e20c4,6249
179,1,5,16,6,3,50,TRAINING,3,10,1,6,75012634,8c6e20a4,2148
179,1,5,16,6,3,51,TRAINING,1,14,0,3,65012734,0c6e28a4,2929
179,1,5,16,6,3,52,TRAINING,5,12,1,1,65014732,0c6e48a2,1807
179,1,5,16,6,3,53,TRAINING,0,6,1,2,25014736,2c6e48a0,2377
179,1,5,16,6,3,54,TRAINING,3,10,1,6,15024736,ec6248a0,2103
179,1,5,16,6,3,55,TRAINING,4,4,0,3,15042736,ec6428a0,3220
179,1,5,16,6,3,56,TRAINING,5,12,1,1,05142736,6ce428a0,2256
179,1,5,16,6,3,57,TRAINING,0,6,1,7,65142730,0ce428a6,2690
179,1,5,16,6,3,58,TRAINING,6,0,1,0,65241730,0c24e8a6,3130
179,1,5,16,6,3,59,TRAINING,2,2,0,2,64251730,042ce8a6,2883
179,1,5,16,6,3,60,TRAINING,4,4,0,3,65241730,0c24e8a6,8149
179,1,5,16,6,3,61,TRAINING,2,2,0,2,63241750,0a24e8c6,1971
179,1,5,16,6,3,62,TRAINING,7,8,0,1,67241350,0824eac6,2018
179,1,5,16,6,3,63,TRAINING,7,8,0,1,67241053,0824e6ca,1642
179,1,5,16,6,3,64,TRAINING,6,0,1,0,67214053,082e46ca,1936
179,1,5,16,6,3,65,TEST,5,12,1,1,true,10858
179,1,5,16,6,3,66,TEST,1,14,0,1,false,7426
179,1,5,16,6,3,67,TEST,4,4,0,0,true,3807
179,1,5,16,6,3,68,TEST,0,6,1,1,true,8799
179,1,5,16,6,3,69,TEST,2,2,0,0,true,7379
179,1,5,16,6,3,70,TEST,3,10,1,1,true,2980
179,1,5,16,6,3,71,TEST,6,0,1,1,true,5288
179,1,5,16,6,3,72,TEST,7,8,0,0,true,811
179,1,5,16,6,4,73,TRAINING,0,6,1,6,73426105,8a420e6c,4731
179,1,5,16,6,4,74,TRAINING,7,8,0,4,63427105,0a428e6c,4780
179,1,5,16,6,4,75,TRAINING,2,2,0,3,63127405,0ae2846c,3719
179,1,5,16,6,4,76,TRAINING,7,8,0,4,63027415,0a6284ec,2106
179,1,5,16,6,4,77,TRAINING,4,4,0,5,60327415,06a284ec,2460
179,1,5,16,6,4,78,TRAINING,1,14,0,6,60357412,06ac84e2,2551
179,1,5,16,6,4,79,TRAINING,1,14,0,6,67350412,08ac64e2,1645
179,1,5,16,6,4,80,TRAINING,3,10,1,5,67450312,084c6ae2,1901
179,1,5,16,6,4,81,TRAINING,4,4,0,7,67250314,082c6ae4,1870
179,1,5,16,6,4,82,TRAINING,0,6,1,2,67052314,086c2ae4,2965
179,1,5,16,6,4,83,TRAINING,6,0,1,0,67052134,086c2ea4,3717
179,1,5,16,6,4,84,TRAINING,2,2,0,7,67054132,086c4ea2,1924
179,1,5,16,6,4,85,TRAINING,3,10,1,6,67014532,086e4ca2,2000
179,1,5,16,6,4,86,TRAINING,5,12,1,4,67015432,086ec4a2,5950
179,1,5,16,6,4,87,TRAINING,5,12,1,4,07615432,680ec4a2,1921
179,1,5,16,6,4,88,TRAINING,6,0,1,2,03615472,6a0ec482,2254
179,1,5,16,6,4,89,TEST,1,14,0,0,true,19303
179,1,5,16,6,4,90,TEST,3,10,1,1,true,2527
179,1,5,16,6,4,91,TEST,4,4,0,1,false,3400
179,1,5,16,6,4,92,TEST,2,2,0,0,true,4431
179,1,5,16,6,4,93,TEST,7,8,0,0,true,8736
179,1,5,16,6,4,94,TEST,6,0,1,1,true,2449
179,1,5,16,6,4,95,TEST,5,12,1,1,true,2871
179,1,5,16,6,4,96,TEST,0,6,1,0,false,3232
179,1,5,16,6,5,97,TRAINING,1,14,0,1,61207534,0e268ca4,7270
179,1,5,16,6,5,98,TRAINING,0,6,1,3,41207536,4e268ca0,5268
179,1,5,16,6,5,99,TRAINING,1,14,0,1,31207546,ae268c40,3221
179,1,5,16,6,5,100,TRAINING,5,12,1,5,21307546,2ea68c40,1674
179,1,5,16,6,5,101,TRAINING,2,2,0,7,61307542,0ea68c42,2875
179,1,5,16,6,5,102,TRAINING,3,10,1,1,63107542,0ae68c42,3297
179,1,5,16,6,5,103,TRAINING,5,12,1,5,63104572,0ae64c82,1806
179,1,5,16,6,5,104,TRAINING,6,0,1,0,63107542,0ae68c42,1866
179,1,5,16,6,5,105,TRAINING,6,0,1,0,63147502,0ae48c62,1777
179,1,5,16,6,5,106,TRAINING,0,6,1,6,63174502,0ae84c62,2945
179,1,5,16,6,5,107,TRAINING,3,10,1,1,63714502,0a8e4c62,4393
179,1,5,16,6,5,108,TRAINING,7,8,0,2,63715402,0a8ec462,1847
179,1,5,16,6,5,109,TRAINING,4,4,0,5,63751402,0a8ce462,2368
179,1,5,16,6,5,110,TRAINING,7,8,0,2,61753402,0e8ca462,2517
179,1,5,16,6,5,111,TRAINING,2,2,0,7,16753402,e08ca462,1906
179,1,5,16,6,5,112,TRAINING,4,4,0,0,46753102,408cae62,2054
179,1,5,16,6,5,113,TEST,4,4,0,0,true,929
179,1,5,16,6,5,114,TEST,0,6,1,1,true,4259
179,1,5,16,6,5,115,TEST,3,10,1,0,false,3464
179,1,5,16,6,5,116,TEST,2,2,0,1,false,12714
179,1,5,16,6,5,117,TEST,6,0,1,0,false,3042
179,1,5,16,6,5,118,TEST,7,8,0,1,false,718
179,1,5,16,6,5,119,TEST,5,12,1,1,true,5418
179,1,5,16,6,5,120,TEST,1,14,0,0,true,2371
179,1,5,16,6,6,121,TRAINING,2,2,0,4,61372450,0ea824c6,3447
179,1,5,16,6,6,122,TRAINING,3,10,1,2,61372054,0ea826c4,2015
179,1,5,16,6,6,123,TRAINING,7,8,0,3,61372045,0ea8264c,5871
179,1,5,16,6,6,124,TRAINING,3,10,1,2,01372645,6ea8204c,3142
179,1,5,16,6,6,125,TRAINING,6,0,1,7,01372546,6ea82c40,4138
179,1,5,16,6,6,126,TRAINING,0,6,1,0,07312546,68ae2c40,2573
179,1,5,16,6,6,127,TRAINING,4,4,0,6,03712546,6a8e2c40,2207
179,1,5,16,6,6,128,TRAINING,4,4,0,6,03712645,6a8e204c,1565
179,1,5,16,6,6,129,TRAINING,5,12,1,0,53712640,ca8e2046,2243
179,1,5,16,6,6,130,TRAINING,6,0,1,5,52713640,c28ea046,7725
179,1,5,16,6,6,131,TRAINING,0,6,1,7,52714630,c28e40a6,3157
179,1,5,16,6,6,132,TRAINING,2,2,0,1,52713640,c28ea046,1976
179,1,5,16,6,6,133,TRAINING,5,12,1,5,62713540,028eac46,2017
179,1,5,16,6,6,134,TRAINING,1,14,0,3,62013547,026eac48,1963
179,1,5,16,6,6,135,TRAINING,7,8,0,1,67013542,086eac42,1769
179,1,5,16,6,6,136,TRAINING,1,14,0,3,37016542,a86e0c42,2992
179,1,5,16,6,6,137,TEST,6,0,1,1,true,4275
179,1,5,16,6,6,138,TEST,5,12,1,0,false,12776
179,1,5,16,6,6,139,TEST,7,8,0,1,false,1145
179,1,5,16,6,6,140,TEST,2,2,0,0,true,5039
179,1,5,16,6,6,141,TEST,1,14,0,1,false,5101
179,1,5,16,6,6,142,TEST,0,6,1,0,false,4306
179,1,5,16,6,6,143,TEST,3,10,1,0,false,5975
179,1,5,16,6,6,144,TEST,4,4,0,1,false,6583
179,1,5,16,6,7,145,TRAINING,6,0,1,3,47062531,48602cae,3106
179,1,5,16,6,7,146,TRAINING,1,14,0,7,47063521,4860ac2e,4610
179,1,5,16,6,7,147,TRAINING,5,12,1,5,42063571,4260ac8e,3234
179,1,5,16,6,7,148,TRAINING,1,14,0,7,47063521,4860ac2e,3188
179,1,5,16,6,7,149,TRAINING,2,2,0,6,67043521,0864ac2e,2455
179,1,5,16,6,7,150,TRAINING,6,0,1,0,65043721,0c64a82e,2055
179,1,5,16,6,7,151,TRAINING,3,10,1,1,63045721,0a64c82e,2533
179,1,5,16,6,7,152,TRAINING,0,6,1,3,63405721,0a46c82e,4074
179,1,5,16,6,7,153,TRAINING,4,4,0,2,23405761,2a46c80e,1878
179,1,5,16,6,7,154,TRAINING,7,8,0,5,63405721,0a46c82e,1930
179,1,5,16,6,7,155,TRAINING,3,10,1,1,63401725,0a46e82c,2410
179,1,5,16,6,7,156,TRAINING,4,4,0,2,63410725,0a4e682c,2770
179,1,5,16,6,7,157,TRAINING,0,6,1,4,63470125,0a486e2c,5764
179,1,5,16,6,7,158,TRAINING,7,8,0,1,67430125,084a6e2c,2502
179,1,5,16,6,7,159,TRAINING,2,2,0,7,67430152,084a6ec2,2804
179,1,5,16,6,7,160,TRAINING,5,12,1,6,67130452,08ea64c2,2019
179,1,5,16,6,7,161,TEST,0,6,1,0,false,13328
179,1,5,16,6,7,162,TEST,6,0,1,0,false,2761
179,1,5,16,6,7,163,TEST,7,8,0,0,true,5913
179,1,5,16,6,7,164,TEST,5,12,1,1,true,1918
179,1,5,16,6,7,165,TEST,2,2,0,0,true,12152
179,1,5,16,6,7,166,TEST,1,14,0,1,false,1154
179,1,5,16,6,7,167,TEST,3,10,1,0,false,6136
179,1,5,16,6,7,168,TEST,4,4,0,0,true,1107
179,1,5,16,6,8,169,TRAINING,3,10,1,1,53741620,ca84e026,1960
179,1,5,16,6,8,170,TRAINING,5,12,1,6,23741650,2a84e0c6,3749
179,1,5,16,6,8,171,TRAINING,4,4,0,3,23147650,2ae480c6,3860
179,1,5,16,6,8,172,TRAINING,6,0,1,0,63147250,0ae482c6,2702
179,1,5,16,6,8,173,TRAINING,5,12,1,6,60147253,06e482ca,1961
179,1,5,16,6,8,174,TRAINING,1,14,0,7,60347251,06a482ce,1879
179,1,5,16,6,8,175,TRAINING,2,2,0,5,63047251,0a6482ce,5028
179,1,5,16,6,8,176,TRAINING,1,14,0,7,53047261,ca64820e,5012
179,1,5,16,6,8,177,TRAINING,0,6,1,2,53046271,ca64028e,2727
179,1,5,16,6,8,178,TRAINING,7,8,0,6,56043271,c064a28e,2408
179,1,5,16,6,8,179,TRAINING,2,2,0,3,56023471,c062a48e,1939
179,1,5,16,6,8,180,TRAINING,4,4,0,5,51023476,ce62a480,2157
179,1,5,16,6,8,181,TRAINING,3,10,1,4,50123476,c6e2a480,2081
179,1,5,16,6,8,182,TRAINING,7,8,0,6,56123470,c0e2a486,1722
179,1,5,16,6,8,183,TRAINING,6,0,1,7,50123476,c6e2a480,1677
179,1,5,16,6,8,184,TRAINING,0,6,1,3,52103476,c2e6a480,1607
179,1,5,16,6,8,185,TEST,2,2,0,0,true,3026
179,1,5,16,6,8,186,TEST,5,12,1,0,false,5133
179,1,5,16,6,8,187,TEST,3,10,1,0,false,5304
179,1,5,16,6,8,188,TEST,0,6,1,1,true,4384
179,1,5,16,6,8,189,TEST,6,0,1,1,true,9392
179,1,5,16,6,8,190,TEST,1,14,0,0,true,11294
179,1,5,16,6,8,191,TEST,4,4,0,1,false,2932
179,1,5,16,6,8,192,TEST,7,8,0,0,true,1794
179,1,5,16,6,9,193,TRAINING,6,0,1,4,27036145,286a0e4c,3046
179,1,5,16,6,9,194,TRAINING,7,8,0,2,20736145,268a0e4c,2844
179,1,5,16,6,9,195,TRAINING,4,4,0,7,20736154,268a0ec4,2561
179,1,5,16,6,9,196,TRAINING,1,14,0,0,10736254,e68a02c4,2862
179,1,5,16,6,9,197,TRAINING,2,2,0,5,13706254,ea8602c4,1854
179,1,5,16,6,9,198,TRAINING,5,12,1,6,13760254,ea8062c4,1803
179,1,5,16,6,9,199,TRAINING,3,10,1,1,13764250,ea8042c6,7011
179,1,5,16,6,9,200,TRAINING,5,12,1,6,13674250,ea0842c6,2241
179,1,5,16,6,9,201,TRAINING,3,10,1,1,13764250,ea8042c6,1830
179,1,5,16,6,9,202,TRAINING,0,6,1,7,13467250,ea4082c6,1868
179,1,5,16,6,9,203,TRAINING,2,2,0,6,13467520,ea408c26,2300
179,1,5,16,6,9,204,TRAINING,0,6,1,7,14367520,e4a08c26,3092
179,1,5,16,6,9,205,TRAINING,4,4,0,1,34167520,a4e08c26,2328
179,1,5,16,6,9,206,TRAINING,7,8,0,4,34617520,a40e8c26,1832
179,1,5,16,6,9,207,TRAINING,1,14,0,3,24617530,240e8ca6,2687
179,1,5,16,6,9,208,TRAINING,6,0,1,0,64217530,042e8ca6,3626
179,1,5,16,6,9,209,TEST,2,2,0,0,true,7456
179,1,5,16,6,9,210,TEST,7,8,0,0,true,843
179,1,5,16,6,9,211,TEST,6,0,1,1,true,609
179,1,5,16,6,9,212,TEST,0,6,1,1,true,2043
179,1,5,16,6,9,213,TEST,3,10,1,0,false,2418
179,1,5,16,6,9,214,TEST,5,12,1,0,false,3775
179,1,5,16,6,9,215,TEST,4,4,0,1,false,1841
179,1,5,16,6,9,216,TEST,1,14,0,1,false,1639
179,1,5,16,6,10,217,TRAINING,1,14,0,0,13257604,ea2c8064,8268
179,1,5,16,6,10,218,TRAINING,4,4,0,7,12357604,e2ac8064,3389
179,1,5,16,6,10,219,TRAINING,3,10,1,3,12537604,e2ca8064,4521
179,1,5,16,6,10,220,TRAINING,6,0,1,5,52137604,c2ea8064,2189
179,1,5,16,6,10,221,TRAINING,2,2,0,7,54137602,c4ea8062,2429
179,1,5,16,6,10,222,TRAINING,4,4,0,1,54130672,c4ea6082,2907
179,1,5,16,6,10,223,TRAINING,0,6,1,4,64130572,04ea6c82,1675
179,1,5,16,6,10,224,TRAINING,7,8,0,5,64130752,04ea68c2,1888
179,1,5,16,6,10,225,TRAINING,5,12,1,2,64530712,04ca68e2,3499
179,1,5,16,6,10,226,TRAINING,2,2,0,3,64520713,04c268ea,1628
179,1,5,16,6,10,227,TRAINING,6,0,1,0,64527013,04c286ea,2268
179,1,5,16,6,10,228,TRAINING,1,14,0,4,64521073,04c2e68a,1750
179,1,5,16,6,10,229,TRAINING,7,8,0,5,64521703,04c2e86a,6978
179,1,5,16,6,10,230,TRAINING,5,12,1,3,64251703,042ce86a,3342
179,1,5,16,6,10,231,TRAINING,0,6,1,6,14256703,e42c086a,1581
179,1,5,16,6,10,232,TRAINING,3,10,1,7,24156703,24ec086a,1677
179,1,5,16,6,10,233,TEST,4,4,0,1,false,7199
179,1,5,16,6,10,234,TEST,6,0,1,1,true,952
179,1,5,16,6,10,235,TEST,1,14,0,0,true,4321
179,1,5,16,6,10,236,TEST,3,10,1,1,true,4820
179,1,5,16,6,10,237,TEST,7,8,0,0,true,2046
179,1,5,16,6,10,238,TEST,5,12,1,0,false,5445
179,1,5,16,6,10,239,TEST,2,2,0,0,true,468
179,1,5,16,6,10,240,TEST,0,6,1,1,true,952
179,1,5,16,6,11,241,TRAINING,4,4,0,4,57624301,c8024a6e,14715
179,1,5,16,6,11,242,TRAINING,0,6,1,6,52674301,c2084a6e,6557
179,1,5,16,6,11,243,TRAINING,7,8,0,3,25674301,2c084a6e,1954
179,1,5,16,6,11,244,TRAINING,3,10,1,5,25671304,2c08ea64,4537
179,1,5,16,6,11,245,TRAINING,5,12,1,2,26571304,20c8ea64,1912
179,1,5,16,6,11,246,TRAINING,2,2,0,3,76521304,80c2ea64,1893
179,1,5,16,6,11,247,TRAINING,4,4,0,1,74521306,84c2ea60,1713
179,1,5,16,6,11,248,TRAINING,3,10,1,5,74520316,84c26ae0,1759
179,1,5,16,6,11,249,TRAINING,7,8,0,3,24570316,24c86ae0,1944
179,1,5,16,6,11,250,TRAINING,6,0,1,7,14570326,e4c86a20,1994
179,1,5,16,6,11,251,TRAINING,1,14,0,0,14370526,e4a86c20,1824
179,1,5,16,6,11,252,TRAINING,2,2,0,6,14570326,e4c86a20,6765
179,1,5,16,6,11,253,TRAINING,6,0,1,3,14560327,e4c06a28,1894
179,1,5,16,6,11,254,TRAINING,0,6,1,4,13560427,eac06428,2016
179,1,5,16,6,11,255,TRAINING,5,12,1,2,31560427,aec06428,2142
179,1,5,16,6,11,256,TRAINING,1,14,0,1,31560724,aec06824,1932
179,1,5,16,6,11,257,TEST,6,0,1,1,true,1294
179,1,5,16,6,11,258,TEST,0,6,1,1,true,4430
179,1,5,16,6,11,259,TEST,5,12,1,1,true,2184
179,1,5,16,6,11,260,TEST,7,8,0,0,true,1357
179,1,5,16,6,11,261,TEST,3,10,1,1,true,4025
179,1,5,16,6,11,262,TEST,2,2,0,0,true,1092
179,1,5,16,6,11,263,TEST,1,14,0,0,true,3588
179,1,5,16,6,11,264,TEST,4,4,0,1,false,14758
179,1,5,16,6,12,265,TRAINING,1,14,0,3,76413502,804eac62,3181
179,1,5,16,6,12,266,TRAINING,5,12,1,5,67413502,084eac62,2193
179,1,5,16,6,12,267,TRAINING,0,6,1,1,60413572,064eac82,2172
179,1,5,16,6,12,268,TRAINING,2,2,0,7,40613572,460eac82,1768
179,1,5,16,6,12,269,TRAINING,3,10,1,4,40653172,460cae82,4950
179,1,5,16,6,12,270,TRAINING,4,4,0,0,41653072,4e0ca682,2115
179,1,5,16,6,12,271,TRAINING,0,6,1,3,41603572,4e06ac82,1611
179,1,5,16,6,12,272,TRAINING,5,12,1,6,41603752,4e06a8c2,2996
179,1,5,16,6,12,273,TRAINING,4,4,0,0,41607352,4e068ac2,1698
179,1,5,16,6,12,274,TRAINING,2,2,0,7,41637052,4e0a86c2,2097
179,1,5,16,6,12,275,TRAINING,1,14,0,1,41635072,4e0ac682,2102
179,1,5,16,6,12,276,TRAINING,6,0,1,2,41653072,4e0ca682,1568
179,1,5,16,6,12,277,TRAINING,6,0,1,2,41603572,4e06ac82,1456
179,1,5,16,6,12,278,TRAINING,3,10,1,4,41603527,4e06ac28,1989
179,1,5,16,6,12,279,TRAINING,7,8,0,0,71603524,8e06ac24,1833
179,1,5,16,6,12,280,TRAINING,7,8,0,0,71503624,8ec6a024,3232
179,1,5,16,6,12,281,TEST,3,10,1,1,true,4096
179,1,5,16,6,12,282,TEST,2,2,0,1,false,10483
179,1,5,16,6,12,283,TEST,0,6,1,1,true,1498
179,1,5,16,6,12,284,TEST,5,12,1,1,true,5726
179,1,5,16,6,12,285,TEST,4,4,0,0,true,827
179,1,5,16,6,12,286,TEST,6,0,1,1,true,4056
179,1,5,16,6,12,287,TEST,7,8,0,0,true,2995
179,1,5,16,6,12,288,TEST,1,14,0,0,true,983
179,1,5,16,6,13,289,TRAINING,5,12,1,4,26015734,206ec8a4,2969
179,1,5,16,6,13,290,TRAINING,0,6,1,2,26015743,206ec84a,1540
179,1,5,16,6,13,291,TRAINING,1,14,0,3,36015742,a06ec842,2345
179,1,5,16,6,13,292,TRAINING,6,0,1,1,36014752,a06e48c2,1474
179,1,5,16,6,13,293,TRAINING,6,0,1,1,36714052,a08e46c2,1707
179,1,5,16,6,13,294,TRAINING,3,10,1,7,26714053,208e46ca,2182
179,1,5,16,6,13,295,TRAINING,2,2,0,3,16724053,e08246ca,5339
179,1,5,16,6,13,296,TRAINING,4,4,0,4,61724053,0e8246ca,2319
179,1,5,16,6,13,297,TRAINING,5,12,1,6,01724653,6e8240ca,1635
179,1,5,16,6,13,298,TRAINING,1,14,0,3,02714653,628e40ca,2142
179,1,5,16,6,13,299,TRAINING,3,10,1,5,02714356,628e4ac0,1441
179,1,5,16,6,13,300,TRAINING,4,4,0,1,04712356,648e2ac0,4174
179,1,5,16,6,13,301,TRAINING,0,6,1,0,04612357,640e2ac8,1963
179,1,5,16,6,13,302,TRAINING,2,2,0,4,04612537,640e2ca8,2737
179,1,5,16,6,13,303,TRAINING,7,8,0,5,04612735,640e28ac,3438
179,1,5,16,6,13,304,TRAINING,7,8,0,5,04512736,64ce28a0,2240
179,1,5,16,6,13,305,TEST,1,14,0,0,true,7150
179,1,5,16,6,13,306,TEST,4,4,0,0,true,3525
179,1,5,16,6,13,307,TEST,7,8,0,1,false,764
179,1,5,16,6,13,308,TEST,2,2,0,1,false,5195
179,1,5,16,6,13,309,TEST,3,10,1,0,false,905
179,1,5,16,6,13,310,TEST,5,12,1,1,true,1295
179,1,5,16,6,13,311,TEST,0,6,1,0,false,624
179,1,5,16,6,13,312,TEST,6,0,1,0,false,873
179,1,5,16,6,14,313,TRAINING,5,12,1,1,35420671,ac42608e,6638
179,1,5,16,6,14,314,TRAINING,6,0,1,0,65420371,0c426a8e,1991
179,1,5,16,6,14,315,TRAINING,3,10,1,5,65470321,0c486a2e,1784
179,1,5,16,6,14,316,TRAINING,7,8,0,3,62470351,02486ace,1772
179,1,5,16,6,14,317,TRAINING,2,2,0,1,62570341,02c86a4e,1639
179,1,5,16,6,14,318,TRAINING,4,4,0,6,02576341,62c80a4e,1615
179,1,5,16,6,14,319,TRAINING,1,14,0,3,02516347,62ce0a48,1575
179,1,5,16,6,14,320,TRAINING,7,8,0,7,52016347,c26e0a48,2075
179,1,5,16,6,14,321,TRAINING,5,12,1,4,62015347,026eca48,2192
179,1,5,16,6,14,322,TRAINING,3,10,1,5,02615347,620eca48,1827
179,1,5,16,6,14,323,TRAINING,1,14,0,1,01625347,6e02ca48,1703
179,1,5,16,6,14,324,TRAINING,2,2,0,3,01526347,6ec20a48,2144
179,1,5,16,6,14,325,TRAINING,4,4,0,6,01527346,6ec28a40,1655
179,1,5,16,6,14,326,TRAINING,0,6,1,4,71520346,8ec26a40,1592
179,1,5,16,6,14,327,TRAINING,6,0,1,3,71560342,8ec06a42,12364
179,1,5,16,6,14,328,TRAINING,0,6,1,4,72560341,82c06a4e,3281
179,1,5,16,6,14,329,TEST,1,14,0,0,true,6209
179,1,5,16,6,14,330,TEST,3,10,1,1,true,4243
179,1,5,16,6,14,331,TEST,4,4,0,0,true,4649
179,1,5,16,6,14,332,TEST,7,8,0,0,true,4460
179,1,5,16,6,14,333,TEST,6,0,1,1,true,655
179,1,5,16,6,14,334,TEST,0,6,1,1,true,1170
179,1,5,16,6,14,335,TEST,5,12,1,1,true,2761
179,1,5,16,6,14,336,TEST,2,2,0,0,true,4103
179,1,5,16,6,15,337,TRAINING,6,0,1,0,61254730,0e2c48a6,5460
179,1,5,16,6,15,338,TRAINING,0,6,1,7,64251730,042ce8a6,1690
179,1,5,16,6,15,339,TRAINING,7,8,0,6,64251370,042cea86,1845
179,1,5,16,6,15,340,TRAINING,1,14,0,0,14256370,e42c0a86,1727
179,1,5,16,6,15,341,TRAINING,6,0,1,4,14206375,e4260a8c,1832
179,1,5,16,6,15,342,TRAINING,4,4,0,5,13206475,ea26048c,1816
179,1,5,16,6,15,343,TRAINING,5,12,1,7,13706425,ea86042c,5338
179,1,5,16,6,15,344,TRAINING,3,10,1,1,13076425,ea68042c,2733
179,1,5,16,6,15,345,TRAINING,1,14,0,0,13706425,ea86042c,2131
179,1,5,16,6,15,346,TRAINING,2,2,0,6,13406725,ea46082c,1517
179,1,5,16,6,15,347,TRAINING,3,10,1,1,13407625,ea46802c,1405
179,1,5,16,6,15,348,TRAINING,2,2,0,6,13457620,ea4c8026,1775
179,1,5,16,6,15,349,TRAINING,0,6,1,0,03457621,6a4c802e,1853
179,1,5,16,6,15,350,TRAINING,5,12,1,2,03547621,6ac4802e,1387
179,1,5,16,6,15,351,TRAINING,7,8,0,1,07543621,68c4a02e,1513
179,1,5,16,6,15,352,TRAINING,4,4,0,7,07513624,68cea024,2660
179,1,5,16,6,15,353,TEST,6,0,1,1,true,1482
179,1,5,16,6,15,354,TEST,5,12,1,1,true,3183
179,1,5,16,6,15,355,TEST,1,14,0,0,true,2121
179,1,5,16,6,15,356,TEST,0,6,1,1,true,1716
179,1,5,16,6,15,357,TEST,3,10,1,1,true,879
179,1,5,16,6,15,358,TEST,2,2,0,0,true,2699
179,1,5,16,6,15,359,TEST,4,4,0,0,true,1872
179,1,5,16,6,15,360,TEST,7,8,0,0,true,2528
179,1,5,16,6,INSTRUCT,postquestionnaire,0

rulestrategy:The rule I used to memorize is to choose one category, such as B and remember those four squares and which category they belong to as opposed to trying to memorize all squares at once. It made it easier to remember which category belonged where because of splitting them up and memorizing only one category at a time.
howtoimprove:No.
engagement:8
difficulty:8
physicalaids:no