182,0,2,2,6,INSTRUCT,instruct1,15643
182,0,2,2,6,INSTRUCT,instructCatExample,14902
182,0,2,2,6,INSTRUCT,instructCatColor,7996
182,0,2,2,6,INSTRUCT,instructCatStripe,7657
182,0,2,2,6,INSTRUCT,instructDemoIntro,10490
182,0,2,2,6,INSTRUCT,instructDemo,66808
182,0,2,2,6,INSTRUCT,instructTest,30371
182,0,2,2,6,INSTRUCT,instructTest2,12054
182,0,2,2,6,INSTRUCT,instructDimColor,8684
182,0,2,2,6,INSTRUCT,instructDimBorder,3757
182,0,2,2,6,INSTRUCT,instructDimDots,3804
182,0,2,2,6,INSTRUCT,instructDimStripe,3302
182,0,2,2,6,INSTRUCT,instructDimAll,7085
182,0,2,2,6,INSTRUCT,instructFinal,9321
182,0,2,2,6,1,1,TRAINING,4,1,1,0,41073256,1d94c850,7170
182,0,2,2,6,1,2,TRAINING,1,13,0,1,41023756,1d98c450,1184
182,0,2,2,6,1,3,TRAINING,7,4,0,5,41023765,1d98c405,1620
182,0,2,2,6,1,4,TRAINING,6,0,0,6,31024765,cd981405,927
182,0,2,2,6,1,5,TRAINING,1,13,0,1,21034765,8d9c1405,1989
182,0,2,2,6,1,6,TRAINING,4,1,1,4,21034567,8d9c1504,1158
182,0,2,2,6,1,7,TRAINING,3,12,0,2,21304567,8dc91504,1476
182,0,2,2,6,1,8,TRAINING,5,5,1,5,61304527,0dc91584,1255
182,0,2,2,6,1,9,TRAINING,7,4,0,7,61302547,0dc98514,950
182,0,2,2,6,1,10,TRAINING,0,9,1,3,31602547,cd098514,963
182,0,2,2,6,1,11,TRAINING,4,1,1,6,32601547,c809d514,1294
182,0,2,2,6,1,12,TRAINING,5,5,1,5,62301547,08c9d514,1110
182,0,2,2,6,1,13,TRAINING,1,13,0,0,12306547,d8c90514,1527
182,0,2,2,6,1,14,TRAINING,5,5,1,5,12036547,d89c0514,1778
182,0,2,2,6,1,15,TRAINING,6,0,0,1,16032547,d09c8514,1552
182,0,2,2,6,1,16,TRAINING,2,8,1,4,16732540,d04c8519,1238
182,0,2,2,6,1,17,TEST,0,9,1,1,true,3047
182,0,2,2,6,1,18,TEST,7,4,0,0,true,6004
182,0,2,2,6,1,19,TEST,6,0,0,0,true,1861
182,0,2,2,6,1,20,TEST,3,12,0,1,false,937
182,0,2,2,6,1,21,TEST,2,8,1,1,true,1330
182,0,2,2,6,1,22,TEST,5,5,1,1,true,1035
182,0,2,2,6,1,23,TEST,1,13,0,1,false,1086
182,0,2,2,6,1,24,TEST,4,1,1,0,false,890
182,0,2,2,6,2,25,TRAINING,0,9,1,0,02516473,985d014c,7064
182,0,2,2,6,2,26,TRAINING,4,1,1,5,02156473,98d5014c,1115
182,0,2,2,6,2,27,TRAINING,1,13,0,2,02156437,98d501c4,1838
182,0,2,2,6,2,28,TRAINING,5,5,1,3,62150437,08d591c4,1658
182,0,2,2,6,2,29,TRAINING,2,8,1,0,26150437,80d591c4,2897
182,0,2,2,6,2,30,TRAINING,6,0,0,6,23150467,8cd59104,1091
182,0,2,2,6,2,31,TRAINING,3,12,0,1,23510467,8c5d9104,1476
182,0,2,2,6,2,32,TRAINING,7,4,0,7,23410567,8c1d9504,2207
182,0,2,2,6,2,33,TRAINING,6,0,0,6,23140567,8cd19504,1928
182,0,2,2,6,2,34,TRAINING,3,12,0,3,24130567,81dc9504,1232
182,0,2,2,6,2,35,TRAINING,2,8,1,4,04132567,91dc8504,1904
182,0,2,2,6,2,36,TRAINING,0,9,1,5,54132067,51dc8904,1798
182,0,2,2,6,2,37,TRAINING,4,1,1,1,54632017,510c89d4,1844
182,0,2,2,6,2,38,TRAINING,6,0,0,0,64532017,015c89d4,1170
182,0,2,2,6,2,39,TRAINING,5,5,1,6,64132057,01dc8954,1145
182,0,2,2,6,2,40,TRAINING,7,4,0,7,64102357,01d98c54,1071
182,0,2,2,6,2,41,TEST,4,1,1,1,true,5183
182,0,2,2,6,2,42,TEST,3,12,0,0,true,2794
182,0,2,2,6,2,43,TEST,5,5,1,1,true,1169
182,0,2,2,6,2,44,TEST,0,9,1,1,true,745
182,0,2,2,6,2,45,TEST,2,8,1,0,false,741
182,0,2,2,6,2,46,TEST,7,4,0,0,true,608
182,0,2,2,6,2,47,TEST,6,0,0,0,true,678
182,0,2,2,6,2,48,TEST,1,13,0,1,false,670
182,0,2,2,6,3,49,TRAINING,2,8,1,2,15247630,d58140c9,1585
182,0,2,2,6,3,50,TRAINING,6,0,0,5,10247635,d98140c5,1791
182,0,2,2,6,3,51,TRAINING,4,1,1,0,40217635,198d40c5,1220
182,0,2,2,6,3,52,TRAINING,7,4,0,4,40317625,19cd4085,1391
182,0,2,2,6,3,53,TRAINING,5,5,1,7,46317025,10cd4985,1316
182,0,2,2,6,3,54,TRAINING,3,12,0,2,64317025,01cd4985,1586
182,0,2,2,6,3,55,TRAINING,6,0,0,0,64317205,01cd4895,1835
182,0,2,2,6,3,56,TRAINING,3,12,0,2,64315207,01cd5894,1898
182,0,2,2,6,3,57,TRAINING,2,8,1,4,64312507,01cd8594,1121
182,0,2,2,6,3,58,TRAINING,1,13,0,3,74312506,41cd8590,2108
182,0,2,2,6,3,59,TRAINING,5,5,1,5,74612503,410d859c,975
182,0,2,2,6,3,60,TRAINING,5,5,1,5,04612573,910d854c,7088
182,0,2,2,6,3,61,TRAINING,7,4,0,6,24610573,810d954c,943
182,0,2,2,6,3,62,TRAINING,3,12,0,7,24601573,8109d54c,1227
182,0,2,2,6,3,63,TRAINING,1,13,0,4,42601573,1809d54c,916
182,0,2,2,6,3,64,TRAINING,4,1,1,0,46201573,1089d54c,1537
182,0,2,2,6,3,65,TEST,2,8,1,0,false,1875
182,0,2,2,6,3,66,TEST,6,0,0,0,true,1526
182,0,2,2,6,3,67,TEST,4,1,1,1,true,1398
182,0,2,2,6,3,68,TEST,7,4,0,1,false,2118
182,0,2,2,6,3,69,TEST,5,5,1,1,true,649
182,0,2,2,6,3,70,TEST,1,13,0,1,false,669
182,0,2,2,6,3,71,TEST,0,9,1,0,false,852
182,0,2,2,6,3,72,TEST,3,12,0,0,true,979
182,0,2,2,6,4,73,TRAINING,6,0,0,0,65123740,05d8c419,4682
182,0,2,2,6,4,74,TRAINING,5,5,1,1,65103742,05d9c418,19377
182,0,2,2,6,4,75,TRAINING,5,5,1,1,65403712,0519c4d8,8593
182,0,2,2,6,4,76,TRAINING,4,1,1,2,65401732,0519d4c8,2402
182,0,2,2,6,4,77,TRAINING,4,1,1,2,65401723,0519d48c,3088
182,0,2,2,6,4,78,TRAINING,0,9,1,3,65402713,051984dc,2757
182,0,2,2,6,4,79,TRAINING,2,8,1,4,56402713,501984dc,5937
182,0,2,2,6,4,80,TRAINING,7,4,0,5,51402763,5d19840c,4270
182,0,2,2,6,4,81,TRAINING,7,4,0,5,50412763,591d840c,6942
182,0,2,2,6,4,82,TRAINING,1,13,0,6,50462713,591084dc,1684
182,0,2,2,6,4,83,TRAINING,6,0,0,7,50432716,591c84d0,6993
182,0,2,2,6,4,84,TRAINING,6,0,0,7,50472316,59148cd0,3331
182,0,2,2,6,4,85,TRAINING,3,12,0,5,57402316,54198cd0,4942
182,0,2,2,6,4,86,TRAINING,4,1,1,2,50472316,59148cd0,1002
182,0,2,2,6,4,87,TRAINING,7,4,0,4,50427316,59184cd0,960
182,0,2,2,6,4,88,TRAINING,3,12,0,5,51427306,5d184c90,1928
182,0,2,2,6,4,89,TEST,5,5,1,1,true,8493
182,0,2,2,6,4,90,TEST,3,12,0,1,false,27201
182,0,2,2,6,4,91,TEST,7,4,0,0,true,5073
182,0,2,2,6,4,92,TEST,2,8,1,1,true,4085
182,0,2,2,6,4,93,TEST,0,9,1,1,true,3273
182,0,2,2,6,4,94,TEST,4,1,1,1,true,7604
182,0,2,2,6,4,95,TEST,6,0,0,0,true,1988
182,0,2,2,6,4,96,TEST,1,13,0,1,false,6496
182,0,2,2,6,5,97,TRAINING,0,9,1,2,24056731,819504cd,5315
182,0,2,2,6,5,98,TRAINING,1,13,0,7,34056721,c195048d,940
182,0,2,2,6,5,99,TRAINING,4,1,1,1,24056731,819504cd,1344
182,0,2,2,6,5,100,TRAINING,4,1,1,1,24076531,819405cd,11411
182,0,2,2,6,5,101,TRAINING,6,0,0,4,24076135,81940dc5,1025
182,0,2,2,6,5,102,TRAINING,5,5,1,7,24076315,81940cd5,2603
182,0,2,2,6,5,103,TRAINING,1,13,0,6,24706315,81490cd5,1512
182,0,2,2,6,5,104,TRAINING,7,4,0,2,04726315,91480cd5,1062
182,0,2,2,6,5,105,TRAINING,2,8,1,7,04756312,91450cd8,1306
182,0,2,2,6,5,106,TRAINING,3,12,0,5,04765312,91405cd8,1342
182,0,2,2,6,5,107,TRAINING,0,9,1,0,04715362,914d5c08,2196
182,0,2,2,6,5,108,TRAINING,5,5,1,4,01745362,9d415c08,1037
182,0,2,2,6,5,109,TRAINING,7,4,0,2,01725364,9d485c01,1613
182,0,2,2,6,5,110,TRAINING,6,0,0,6,01735264,9d4c5801,1131
182,0,2,2,6,5,111,TRAINING,2,8,1,5,10735264,d94c5801,1000
182,0,2,2,6,5,112,TRAINING,4,1,1,1,14735260,d14c5809,1185
182,0,2,2,6,5,113,TEST,5,5,1,0,false,926
182,0,2,2,6,5,114,TEST,0,9,1,1,true,980
182,0,2,2,6,5,115,TEST,7,4,0,1,false,804
182,0,2,2,6,5,116,TEST,1,13,0,0,true,682
182,0,2,2,6,5,117,TEST,3,12,0,1,false,694
182,0,2,2,6,5,118,TEST,4,1,1,0,false,696
182,0,2,2,6,5,119,TEST,2,8,1,0,false,575
182,0,2,2,6,5,120,TEST,6,0,0,1,false,878
182,0,2,2,6,6,121,TRAINING,4,1,1,0,41567032,1d5049c8,44625
182,0,2,2,6,6,122,TRAINING,4,1,1,0,43567012,1c5049d8,1329
182,0,2,2,6,6,123,TRAINING,7,4,0,4,43527016,1c5849d0,12949
182,0,2,2,6,6,124,TRAINING,1,13,0,1,41527036,1d5849c0,10022
182,0,2,2,6,6,125,TRAINING,1,13,0,1,41567032,1d5049c8,8870
182,0,2,2,6,6,126,TRAINING,4,1,1,0,41560732,1d5094c8,5799
182,0,2,2,6,6,127,TRAINING,6,0,0,5,41570632,1d5490c8,17204
182,0,2,2,6,6,128,TRAINING,6,0,0,5,41573602,1d54c098,4393
182,0,2,2,6,6,129,TRAINING,5,5,1,2,42573601,1854c09d,7030
182,0,2,2,6,6,130,TRAINING,0,9,1,6,41573602,1d54c098,10190
182,0,2,2,6,6,131,TRAINING,2,8,1,7,43571602,1c54d098,6226
182,0,2,2,6,6,132,TRAINING,3,12,0,1,63571402,0c54d198,12473
182,0,2,2,6,6,133,TRAINING,4,1,1,5,63071452,0c94d158,3791
182,0,2,2,6,6,134,TRAINING,6,0,0,0,63051472,0c95d148,1146
182,0,2,2,6,6,135,TRAINING,1,13,0,4,63501472,0c59d148,1657
182,0,2,2,6,6,136,TRAINING,2,8,1,7,67501432,0459d1c8,3955
182,0,2,2,6,6,137,TEST,0,9,1,1,true,2596
182,0,2,2,6,6,138,TEST,5,5,1,1,true,6177
182,0,2,2,6,6,139,TEST,2,8,1,1,true,2000
182,0,2,2,6,6,140,TEST,7,4,0,1,false,8056
182,0,2,2,6,6,141,TEST,4,1,1,1,true,1601
182,0,2,2,6,6,142,TEST,1,13,0,0,true,4119
182,0,2,2,6,6,143,TEST,6,0,0,0,true,3249
182,0,2,2,6,6,144,TEST,3,12,0,0,true,3172
182,0,2,2,6,7,145,TRAINING,4,1,1,1,04276135,91840dc5,1495
182,0,2,2,6,7,146,TRAINING,4,1,1,1,04672135,91048dc5,2933
182,0,2,2,6,7,147,TRAINING,0,9,1,0,04372165,91c48d05,1033
182,0,2,2,6,7,148,TRAINING,6,0,0,4,04376125,91c40d85,1207
182,0,2,2,6,7,149,TRAINING,7,4,0,5,04316725,91cd0485,7080
182,0,2,2,6,7,150,TRAINING,1,13,0,2,04136725,91dc0485,27239
182,0,2,2,6,7,151,TRAINING,1,13,0,2,04136752,91dc0458,7319
182,0,2,2,6,7,152,TRAINING,3,12,0,4,04163752,91d0c458,6397
182,0,2,2,6,7,153,TRAINING,7,4,0,1,07163452,94d0c158,2842
182,0,2,2,6,7,154,TRAINING,5,5,1,6,07263451,9480c15d,4114
182,0,2,2,6,7,155,TRAINING,4,1,1,5,07261453,9480d15c,6291
182,0,2,2,6,7,156,TRAINING,7,4,0,1,17260453,d480915c,2326
182,0,2,2,6,7,157,TRAINING,6,0,0,3,17263450,d480c159,1366
182,0,2,2,6,7,158,TRAINING,5,5,1,6,17463250,d410c859,1038
182,0,2,2,6,7,159,TRAINING,0,9,1,7,13467250,dc104859,1232
182,0,2,2,6,7,160,TRAINING,2,8,1,5,73461250,4c10d859,1661
182,0,2,2,6,7,161,TEST,2,8,1,1,true,2092
182,0,2,2,6,7,162,TEST,4,1,1,1,true,1623
182,0,2,2,6,7,163,TEST,7,4,0,0,true,3945
182,0,2,2,6,7,164,TEST,5,5,1,1,true,5309
182,0,2,2,6,7,165,TEST,1,13,0,0,true,14787
182,0,2,2,6,7,166,TEST,3,12,0,0,true,988
182,0,2,2,6,7,167,TEST,0,9,1,1,true,1258
182,0,2,2,6,7,168,TEST,6,0,0,0,true,2202
182,0,2,2,6,8,169,TRAINING,6,0,0,0,63724051,0c48195d,1525
182,0,2,2,6,8,170,TRAINING,6,0,0,0,63721054,0c48d951,1098
182,0,2,2,6,8,171,TRAINING,4,1,1,5,63721450,0c48d159,1769
182,0,2,2,6,8,172,TRAINING,3,12,0,1,63725410,0c4851d9,1343
182,0,2,2,6,8,173,TRAINING,3,12,0,1,63527410,0c5841d9,2404
182,0,2,2,6,8,174,TRAINING,1,13,0,6,63572410,0c5481d9,1562
182,0,2,2,6,8,175,TRAINING,0,9,1,4,63570412,0c5491d8,1550
182,0,2,2,6,8,176,TRAINING,7,4,0,3,65370412,05c491d8,4526
182,0,2,2,6,8,177,TRAINING,5,5,1,1,65370142,05c49d18,1626
182,0,2,2,6,8,178,TRAINING,2,8,1,7,65370412,05c491d8,938
182,0,2,2,6,8,179,TRAINING,1,13,0,2,65170432,05d491c8,1125
182,0,2,2,6,8,180,TRAINING,4,1,1,5,35170462,c5d49108,1461
182,0,2,2,6,8,181,TRAINING,3,12,0,0,30175462,c9d45108,965
182,0,2,2,6,8,182,TRAINING,3,12,0,0,31075462,cd945108,1206
182,0,2,2,6,8,183,TRAINING,4,1,1,5,31076452,cd940158,1097
182,0,2,2,6,8,184,TRAINING,6,0,0,4,31056472,cd950148,2172
182,0,2,2,6,8,185,TEST,0,9,1,1,true,6724
182,0,2,2,6,8,186,TEST,7,4,0,0,true,2880
182,0,2,2,6,8,187,TEST,4,1,1,1,true,2417
182,0,2,2,6,8,188,TEST,1,13,0,0,true,3884
182,0,2,2,6,8,189,TEST,2,8,1,1,true,2042
182,0,2,2,6,8,190,TEST,3,12,0,0,true,4089
182,0,2,2,6,8,191,TEST,6,0,0,0,true,2892
182,0,2,2,6,8,192,TEST,5,5,1,1,true,4857
182,0,2,2,6,INSTRUCT,postquestionnaire,5

rulestrategy:paper
howtoimprove:
engagement:8
difficulty:7
physicalaids:yes