183,1,2,22,2,INSTRUCT,instruct1,15916
183,1,2,22,2,INSTRUCT,instructCatExample,9693
183,1,2,22,2,INSTRUCT,instructCatColor,8056
183,1,2,22,2,INSTRUCT,instructCatStripe,5725
183,1,2,22,2,INSTRUCT,instructDemoIntro,8366
183,1,2,22,2,INSTRUCT,instructDemo,89760
183,1,2,22,2,INSTRUCT,instructTest,14876
183,1,2,22,2,INSTRUCT,instructTest2,8349
183,1,2,22,2,INSTRUCT,instructDimColor,6026
183,1,2,22,2,INSTRUCT,instructDimBorder,4986
183,1,2,22,2,INSTRUCT,instructDimDots,5287
183,1,2,22,2,INSTRUCT,instructDimStripe,2647
183,1,2,22,2,INSTRUCT,instructDimAll,3029
183,1,2,22,2,INSTRUCT,instructFinal,13237
183,1,2,22,2,1,1,TRAINING,3,1,0,7,06257413,280b9a31,3012
183,1,2,22,2,1,2,TRAINING,5,11,1,3,06752413,289b0a31,2337
183,1,2,22,2,1,3,TRAINING,0,2,1,0,04752613,2a9b0831,2654
183,1,2,22,2,1,4,TRAINING,2,0,1,1,02754613,209ba831,2313
183,1,2,22,2,1,5,TRAINING,0,2,1,0,02654713,208ba931,2102
183,1,2,22,2,1,6,TRAINING,6,8,0,2,02653714,208b193a,2387
183,1,2,22,2,1,7,TRAINING,5,11,1,1,05623714,2b80193a,2939
183,1,2,22,2,1,8,TRAINING,3,1,0,4,05623741,2b8019a3,2030
183,1,2,22,2,1,9,TRAINING,1,3,0,7,05673241,2b8910a3,3488
183,1,2,22,2,1,10,TRAINING,1,3,0,7,45673201,ab891023,2052
183,1,2,22,2,1,11,TRAINING,4,10,1,0,45376201,ab198023,3227
183,1,2,22,2,1,12,TRAINING,6,8,0,4,47356201,a91b8023,3075
183,1,2,22,2,1,13,TRAINING,2,0,1,5,43756201,a19b8023,1613
183,1,2,22,2,1,14,TRAINING,4,10,1,1,34756201,1a9b8023,1455
183,1,2,22,2,1,15,TRAINING,7,9,0,2,34765201,1a98b023,1713
183,1,2,22,2,1,16,TRAINING,7,9,0,2,34761205,1a98302b,1400
183,1,2,22,2,1,17,TEST,1,3,0,1,false,2108
183,1,2,22,2,1,18,TEST,4,10,1,0,false,854
183,1,2,22,2,1,19,TEST,6,8,0,0,true,1824
183,1,2,22,2,1,20,TEST,5,11,1,1,true,1287
183,1,2,22,2,1,21,TEST,0,2,1,0,false,1012
183,1,2,22,2,1,22,TEST,7,9,0,0,true,1344
183,1,2,22,2,1,23,TEST,2,0,1,1,true,712
183,1,2,22,2,1,24,TEST,3,1,0,0,true,1187
183,1,2,22,2,2,25,TRAINING,7,9,0,2,30752461,129b0a83,3438
183,1,2,22,2,2,26,TRAINING,2,0,1,3,30725461,1290ba83,1689
183,1,2,22,2,2,27,TRAINING,4,10,1,5,36725401,1890ba23,2460
183,1,2,22,2,2,28,TRAINING,4,10,1,5,36025471,1820ba93,4216
183,1,2,22,2,2,29,TRAINING,3,1,0,0,36125470,1830ba92,8677
183,1,2,22,2,2,30,TRAINING,5,11,1,4,36105472,1832ba90,3666
183,1,2,22,2,2,31,TRAINING,6,8,0,1,36125470,1830ba92,2413
183,1,2,22,2,2,32,TRAINING,0,2,1,5,36125074,1830b29a,1616
183,1,2,22,2,2,33,TRAINING,7,9,0,6,36124075,1830a29b,3925
183,1,2,22,2,2,34,TRAINING,0,2,1,5,36214075,1803a29b,2073
183,1,2,22,2,2,35,TRAINING,6,8,0,4,34216075,1a03829b,2891
183,1,2,22,2,2,36,TRAINING,3,1,0,0,37216045,190382ab,2008
183,1,2,22,2,2,37,TRAINING,1,3,0,3,37216054,190382ba,1858
183,1,2,22,2,2,38,TRAINING,5,11,1,6,37612054,198302ba,1717
183,1,2,22,2,2,39,TRAINING,2,0,1,4,37612450,19830ab2,2424
183,1,2,22,2,2,40,TRAINING,1,3,0,3,37012456,19230ab8,1781
183,1,2,22,2,2,41,TEST,1,3,0,0,true,945
183,1,2,22,2,2,42,TEST,0,2,1,1,true,1099
183,1,2,22,2,2,43,TEST,6,8,0,0,true,700
183,1,2,22,2,2,44,TEST,4,10,1,1,true,953
183,1,2,22,2,2,45,TEST,2,0,1,0,false,860
183,1,2,22,2,2,46,TEST,7,9,0,1,false,671
183,1,2,22,2,2,47,TEST,5,11,1,1,true,532
183,1,2,22,2,2,48,TEST,3,1,0,0,true,624
183,1,2,22,2,3,49,TRAINING,0,2,1,7,36521740,18b039a2,10818
183,1,2,22,2,3,50,TRAINING,6,8,0,1,16523740,38b019a2,1690
183,1,2,22,2,3,51,TRAINING,7,9,0,0,76523140,98b013a2,4033
183,1,2,22,2,3,52,TRAINING,3,1,0,4,76543120,98ba1302,2232
183,1,2,22,2,3,53,TRAINING,2,0,1,6,71543620,93ba1802,2335
183,1,2,22,2,3,54,TRAINING,2,0,1,6,71643520,938a1b02,1623
183,1,2,22,2,3,55,TRAINING,0,2,1,7,71634520,9381ab02,1830
183,1,2,22,2,3,56,TRAINING,1,3,0,0,17634520,3981ab02,1625
183,1,2,22,2,3,57,TRAINING,4,10,1,4,17654320,398ba102,1522
183,1,2,22,2,3,58,TRAINING,4,10,1,4,15674320,3b89a102,5572
183,1,2,22,2,3,59,TRAINING,7,9,0,3,65174320,8b39a102,1643
183,1,2,22,2,3,60,TRAINING,5,11,1,1,15674320,3b89a102,1427
183,1,2,22,2,3,61,TRAINING,6,8,0,5,15374620,3b19a802,1844
183,1,2,22,2,3,62,TRAINING,1,3,0,0,15374602,3b19a820,11827
183,1,2,22,2,3,63,TRAINING,5,11,1,1,15734602,3b91a820,1573
183,1,2,22,2,3,64,TRAINING,3,1,0,3,15734620,3b91a802,2060
183,1,2,22,2,3,65,TEST,3,1,0,0,true,1058
183,1,2,22,2,3,66,TEST,5,11,1,0,false,1635
183,1,2,22,2,3,67,TEST,1,3,0,1,false,1060
183,1,2,22,2,3,68,TEST,6,8,0,0,true,1120
183,1,2,22,2,3,69,TEST,2,0,1,1,true,616
183,1,2,22,2,3,70,TEST,4,10,1,1,true,1644
183,1,2,22,2,3,71,TEST,0,2,1,0,false,1336
183,1,2,22,2,3,72,TEST,7,9,0,0,true,395
183,1,2,22,2,4,73,TRAINING,6,8,0,2,75602134,9b82031a,1521
183,1,2,22,2,4,74,TRAINING,2,0,1,4,71602534,93820b1a,1490
183,1,2,22,2,4,75,TRAINING,4,10,1,7,75602134,9b82031a,1595
183,1,2,22,2,4,76,TRAINING,7,9,0,5,15602734,3b82091a,1461
183,1,2,22,2,4,77,TRAINING,3,1,0,6,25601734,0b82391a,1474
183,1,2,22,2,4,78,TRAINING,1,3,0,4,25401736,0ba23918,2606
183,1,2,22,2,4,79,TRAINING,3,1,0,6,25461730,0ba83912,1943
183,1,2,22,2,4,80,TRAINING,7,9,0,7,25461037,0ba83219,2022
183,1,2,22,2,4,81,TRAINING,5,11,1,2,24561037,0ab83219,1406
183,1,2,22,2,4,82,TRAINING,6,8,0,1,26541037,08ba3219,1391
183,1,2,22,2,4,83,TRAINING,0,2,1,0,06541237,28ba3019,1353
183,1,2,22,2,4,84,TRAINING,2,0,1,6,06541327,28ba3109,1462
183,1,2,22,2,4,85,TRAINING,1,3,0,4,05641327,2b8a3109,1472
183,1,2,22,2,4,86,TRAINING,5,11,1,2,06541327,28ba3109,1281
183,1,2,22,2,4,87,TRAINING,0,2,1,0,06541723,28ba3901,2002
183,1,2,22,2,4,88,TRAINING,4,10,1,3,03541726,21ba3908,1575
183,1,2,22,2,4,89,TEST,6,8,0,0,true,2339
183,1,2,22,2,4,90,TEST,1,3,0,0,true,1090
183,1,2,22,2,4,91,TEST,0,2,1,1,true,677
183,1,2,22,2,4,92,TEST,2,0,1,1,true,1552
183,1,2,22,2,4,93,TEST,4,10,1,1,true,1650
183,1,2,22,2,4,94,TEST,5,11,1,1,true,696
183,1,2,22,2,4,95,TEST,3,1,0,0,true,595
183,1,2,22,2,4,96,TEST,7,9,0,0,true,459
183,1,2,22,2,5,97,TRAINING,0,2,1,3,32504671,10b2a893,1149
183,1,2,22,2,5,98,TRAINING,0,2,1,3,42503671,a0b21893,1437
183,1,2,22,2,5,99,TRAINING,7,9,0,6,24503671,0ab21893,1603
183,1,2,22,2,5,100,TRAINING,5,11,1,2,14503672,3ab21890,1478
183,1,2,22,2,5,101,TRAINING,6,8,0,3,14563072,3ab81290,1475
183,1,2,22,2,5,102,TRAINING,2,0,1,7,34561072,1ab83290,1643
183,1,2,22,2,5,103,TRAINING,1,3,0,4,74561032,9ab83210,1873
183,1,2,22,2,5,104,TRAINING,1,3,0,4,75461032,9ba83210,1424
183,1,2,22,2,5,105,TRAINING,2,0,1,7,74561032,9ab83210,1870
183,1,2,22,2,5,106,TRAINING,3,1,0,6,47561032,a9b83210,1491
183,1,2,22,2,5,107,TRAINING,7,9,0,4,41567032,a3b89210,1322
183,1,2,22,2,5,108,TRAINING,4,10,1,0,41267035,a308921b,2072
183,1,2,22,2,5,109,TRAINING,4,10,1,0,41257036,a30b9218,1447
183,1,2,22,2,5,110,TRAINING,5,11,1,3,46257031,a80b9213,2166
183,1,2,22,2,5,111,TRAINING,3,1,0,6,46251037,a80b3219,1337
183,1,2,22,2,5,112,TRAINING,6,8,0,1,76251034,980b321a,1372
183,1,2,22,2,5,113,TEST,6,8,0,0,true,1308
183,1,2,22,2,5,114,TEST,5,11,1,1,true,852
183,1,2,22,2,5,115,TEST,2,0,1,1,true,614
183,1,2,22,2,5,116,TEST,4,10,1,1,true,561
183,1,2,22,2,5,117,TEST,7,9,0,0,true,716
183,1,2,22,2,5,118,TEST,3,1,0,0,true,844
183,1,2,22,2,5,119,TEST,1,3,0,0,true,388
183,1,2,22,2,5,120,TEST,0,2,1,1,true,746
183,1,2,22,2,INSTRUCT,postquestionnaire,1

rulestrategy:All of the "rough" squares were group B except the purple rough with the yellow border & all the smooth square were group A except the smooth purple with the white border.
howtoimprove:None
engagement:10
difficulty:7
physicalaids:no