184,0,1,7,7,INSTRUCT,instruct1,8018
184,0,1,7,7,INSTRUCT,instructCatExample,11571
184,0,1,7,7,INSTRUCT,instructCatColor,7101
184,0,1,7,7,INSTRUCT,instructCatStripe,13492
184,0,1,7,7,INSTRUCT,instructDemoIntro,18296
184,0,1,7,7,INSTRUCT,instructDemo,70187
184,0,1,7,7,INSTRUCT,instructTest,22668
184,0,1,7,7,INSTRUCT,instructTest2,24020
184,0,1,7,7,INSTRUCT,instructDimColor,12159
184,0,1,7,7,INSTRUCT,instructDimBorder,4339
184,0,1,7,7,INSTRUCT,instructDimDots,5571
184,0,1,7,7,INSTRUCT,instructDimStripe,4071
184,0,1,7,7,INSTRUCT,instructDimAll,8772
184,0,1,7,7,INSTRUCT,instructFinal,34064
184,0,1,7,7,1,1,TRAINING,1,5,1,0,16052347,52743160,4030
184,0,1,7,7,1,2,TRAINING,4,6,0,6,16072345,52703164,1271
184,0,1,7,7,1,3,TRAINING,7,0,0,3,16072543,52703461,2537
184,0,1,7,7,1,4,TRAINING,4,6,0,6,16073542,52701463,1470
184,0,1,7,7,1,5,TRAINING,3,1,0,2,16370542,52107463,2466
184,0,1,7,7,1,6,TRAINING,7,0,0,3,61370542,25107463,1399
184,0,1,7,7,1,7,TRAINING,0,7,0,1,60371542,27105463,1553
184,0,1,7,7,1,8,TRAINING,4,6,0,6,60271543,27305461,1050
184,0,1,7,7,1,9,TRAINING,2,3,1,5,60571243,27405361,1388
184,0,1,7,7,1,10,TRAINING,1,5,1,7,60573241,27401365,2195
184,0,1,7,7,1,11,TRAINING,0,7,0,1,70563241,07421365,1587
184,0,1,7,7,1,12,TRAINING,5,4,1,2,70523641,07431265,1471
184,0,1,7,7,1,13,TRAINING,7,0,0,0,70543621,07461235,2268
184,0,1,7,7,1,14,TRAINING,0,7,0,1,70563421,07421635,1012
184,0,1,7,7,1,15,TRAINING,3,1,0,4,70563241,07421365,2046
184,0,1,7,7,1,16,TRAINING,1,5,1,7,70563421,07421635,1727
184,0,1,7,7,1,17,TEST,2,3,1,0,false,5228
184,0,1,7,7,1,18,TEST,5,4,1,1,true,6376
184,0,1,7,7,1,19,TEST,0,7,0,0,true,2125
184,0,1,7,7,1,20,TEST,7,0,0,1,false,1436
184,0,1,7,7,1,21,TEST,1,5,1,0,false,2339
184,0,1,7,7,1,22,TEST,6,2,1,1,true,1671
184,0,1,7,7,1,23,TEST,4,6,0,1,false,1327
184,0,1,7,7,1,24,TEST,3,1,0,0,true,1249
184,0,1,7,7,2,25,TRAINING,1,5,1,0,14302576,56173402,4829
184,0,1,7,7,2,26,TRAINING,2,3,1,5,14305276,56174302,1858
184,0,1,7,7,2,27,TRAINING,3,1,0,2,14365270,56124307,3589
184,0,1,7,7,2,28,TRAINING,7,0,0,6,54361270,46125307,1272
184,0,1,7,7,2,29,TRAINING,4,6,0,3,56341270,42165307,3204
184,0,1,7,7,2,30,TRAINING,7,0,0,6,56143270,42561307,1692
184,0,1,7,7,2,31,TRAINING,0,7,0,7,56341270,42165307,1285
184,0,1,7,7,2,32,TRAINING,3,1,0,2,56342170,42163507,1636
184,0,1,7,7,2,33,TRAINING,7,0,0,5,56342710,42163057,1811
184,0,1,7,7,2,34,TRAINING,2,3,1,4,65342710,24163057,1717
184,0,1,7,7,2,35,TRAINING,6,2,1,0,65142730,24563017,1729
184,0,1,7,7,2,36,TRAINING,0,7,0,1,60142735,27563014,1552
184,0,1,7,7,2,37,TRAINING,4,6,0,3,60142375,27563104,1878
184,0,1,7,7,2,38,TRAINING,7,0,0,6,60542371,27463105,3732
184,0,1,7,7,2,39,TRAINING,3,1,0,7,60542173,27463501,2020
184,0,1,7,7,2,40,TRAINING,1,5,1,5,20546173,37462501,2325
184,0,1,7,7,2,41,TEST,7,0,0,0,true,1615
184,0,1,7,7,2,42,TEST,1,5,1,1,true,3296
184,0,1,7,7,2,43,TEST,0,7,0,1,false,3250
184,0,1,7,7,2,44,TEST,4,6,0,1,false,3239
184,0,1,7,7,2,45,TEST,2,3,1,0,false,1970
184,0,1,7,7,2,46,TEST,5,4,1,1,true,868
184,0,1,7,7,2,47,TEST,6,2,1,0,false,2712
184,0,1,7,7,2,48,TEST,3,1,0,0,true,1624
184,0,1,7,7,3,49,TRAINING,0,7,0,4,53240671,41367205,4929
184,0,1,7,7,3,50,TRAINING,1,5,1,1,51240673,45367201,1516
184,0,1,7,7,3,51,TRAINING,4,6,0,0,41250673,65347201,2292
184,0,1,7,7,3,52,TRAINING,0,7,0,4,41520673,65437201,1378
184,0,1,7,7,3,53,TRAINING,5,4,1,7,41320675,65137204,1599
184,0,1,7,7,3,54,TRAINING,1,5,1,1,41370625,65107234,1297
184,0,1,7,7,3,55,TRAINING,2,3,1,6,61370425,25107634,5241
184,0,1,7,7,3,56,TRAINING,6,2,1,0,61470325,25607134,1729
184,0,1,7,7,3,57,TRAINING,3,1,0,5,61475320,25604137,1444
184,0,1,7,7,3,58,TRAINING,7,0,0,3,61475302,25604173,1400
184,0,1,7,7,3,59,TRAINING,1,5,1,1,61574302,25406173,4482
184,0,1,7,7,3,60,TRAINING,4,6,0,4,61574203,25406371,2227
184,0,1,7,7,3,61,TRAINING,7,0,0,3,01574263,75406321,2083
184,0,1,7,7,3,62,TRAINING,6,2,1,6,01574362,75406123,2665
184,0,1,7,7,3,63,TRAINING,3,1,0,5,04571362,76405123,1564
184,0,1,7,7,3,64,TRAINING,2,3,1,7,04751362,76045123,1390
184,0,1,7,7,3,65,TEST,0,7,0,1,false,7876
184,0,1,7,7,3,66,TEST,5,4,1,0,false,3663
184,0,1,7,7,3,67,TEST,4,6,0,1,false,2818
184,0,1,7,7,3,68,TEST,1,5,1,0,false,1122
184,0,1,7,7,3,69,TEST,7,0,0,0,true,2744
184,0,1,7,7,3,70,TEST,2,3,1,0,false,3555
184,0,1,7,7,3,71,TEST,3,1,0,1,false,872
184,0,1,7,7,3,72,TEST,6,2,1,0,false,828
184,0,1,7,7,4,73,TRAINING,0,7,0,0,04361752,76125043,6396
184,0,1,7,7,4,74,TRAINING,4,6,0,1,04361257,76125340,1261
184,0,1,7,7,4,75,TRAINING,5,4,1,6,04261357,76325140,1858
184,0,1,7,7,4,76,TRAINING,1,5,1,4,04621357,76235140,1602
184,0,1,7,7,4,77,TRAINING,3,1,0,5,06421357,72635140,1235
184,0,1,7,7,4,78,TRAINING,4,6,0,0,46021357,62735140,1425
184,0,1,7,7,4,79,TRAINING,6,2,1,1,46051327,62745130,1189
184,0,1,7,7,4,80,TRAINING,4,6,0,0,46150327,62547130,3180
184,0,1,7,7,4,81,TRAINING,1,5,1,2,46150237,62547310,1950
184,0,1,7,7,4,82,TRAINING,7,0,0,7,46130257,62517340,1461
184,0,1,7,7,4,83,TRAINING,4,6,0,0,43160257,61527340,1496
184,0,1,7,7,4,84,TRAINING,6,2,1,3,42160357,63527140,1387
184,0,1,7,7,4,85,TRAINING,1,5,1,2,40162357,67523140,1506
184,0,1,7,7,4,86,TRAINING,4,6,0,1,04162357,76523140,3509
184,0,1,7,7,4,87,TRAINING,3,1,0,5,04126357,76532140,3131
184,0,1,7,7,4,88,TRAINING,6,2,1,4,04176352,76502143,1260
184,0,1,7,7,4,89,TEST,3,1,0,1,false,2842
184,0,1,7,7,4,90,TEST,6,2,1,0,false,2109
184,0,1,7,7,4,91,TEST,4,6,0,1,false,1636
184,0,1,7,7,4,92,TEST,5,4,1,0,false,955
184,0,1,7,7,4,93,TEST,1,5,1,0,false,710
184,0,1,7,7,4,94,TEST,7,0,0,1,false,1084
184,0,1,7,7,4,95,TEST,0,7,0,0,true,1192
184,0,1,7,7,4,96,TEST,2,3,1,0,false,2988
184,0,1,7,7,5,97,TRAINING,3,1,0,2,62370451,23107645,4013
184,0,1,7,7,5,98,TRAINING,7,0,0,3,62375401,23104675,942
184,0,1,7,7,5,99,TRAINING,1,5,1,7,26375401,32104675,2068
184,0,1,7,7,5,100,TRAINING,2,3,1,5,46375201,62104375,4423
184,0,1,7,7,5,101,TRAINING,0,7,0,6,43675201,61204375,1401
184,0,1,7,7,5,102,TRAINING,0,7,0,6,41675203,65204371,1389
184,0,1,7,7,5,103,TRAINING,7,0,0,0,71645203,05264371,1624
184,0,1,7,7,5,104,TRAINING,0,7,0,6,71654203,05246371,2174
184,0,1,7,7,5,105,TRAINING,3,1,0,7,71456203,05642371,1296
184,0,1,7,7,5,106,TRAINING,4,6,0,5,71256403,05342671,1941
184,0,1,7,7,5,107,TRAINING,7,0,0,0,71056423,05742631,1356
184,0,1,7,7,5,108,TRAINING,4,6,0,5,71256403,05342671,3003
184,0,1,7,7,5,109,TRAINING,7,0,0,0,75216403,04352671,1389
184,0,1,7,7,5,110,TRAINING,0,7,0,6,75126403,04532671,1610
184,0,1,7,7,5,111,TRAINING,3,1,0,5,75126304,04532176,1576
184,0,1,7,7,5,112,TRAINING,0,7,0,6,75162304,04523176,2233
184,0,1,7,7,5,113,TEST,3,1,0,0,true,1137
184,0,1,7,7,5,114,TEST,6,2,1,1,true,1016
184,0,1,7,7,5,115,TEST,7,0,0,0,true,1422
184,0,1,7,7,5,116,TEST,4,6,0,0,true,756
184,0,1,7,7,5,117,TEST,0,7,0,0,true,523
184,0,1,7,7,5,118,TEST,5,4,1,1,true,934
184,0,1,7,7,5,119,TEST,1,5,1,1,true,1166
184,0,1,7,7,5,120,TEST,2,3,1,1,true,2231
184,0,1,7,7,6,121,TRAINING,0,7,0,0,03145276,71564302,1372
184,0,1,7,7,6,122,TRAINING,3,1,0,1,03541276,71465302,1087
184,0,1,7,7,6,123,TRAINING,4,6,0,3,03541672,71465203,1413
184,0,1,7,7,6,124,TRAINING,7,0,0,6,03241675,71365204,2128
184,0,1,7,7,6,125,TRAINING,0,7,0,5,63241075,21365704,1367
184,0,1,7,7,6,126,TRAINING,7,0,0,6,63541072,21465703,1296
184,0,1,7,7,6,127,TRAINING,4,6,0,4,63514072,21456703,1331
184,0,1,7,7,6,128,TRAINING,3,1,0,1,03514672,71456203,1296
184,0,1,7,7,6,129,TRAINING,0,7,0,0,03514627,71456230,1718
184,0,1,7,7,6,130,TRAINING,3,1,0,1,03516427,71452630,1273
184,0,1,7,7,6,131,TRAINING,4,6,0,6,03516247,71452360,1342
184,0,1,7,7,6,132,TRAINING,3,1,0,1,73516240,01452367,1452
184,0,1,7,7,6,133,TRAINING,0,7,0,7,73615240,01254367,2029
184,0,1,7,7,6,134,TRAINING,3,1,0,1,73645210,01264357,1483
184,0,1,7,7,6,135,TRAINING,4,6,0,3,73645120,01264537,2186
184,0,1,7,7,6,136,TRAINING,7,0,0,0,73642150,01263547,2009
184,0,1,7,7,6,137,TEST,0,7,0,0,true,878
184,0,1,7,7,6,138,TEST,7,0,0,0,true,875
184,0,1,7,7,6,139,TEST,6,2,1,1,true,1389
184,0,1,7,7,6,140,TEST,1,5,1,1,true,972
184,0,1,7,7,6,141,TEST,3,1,0,0,true,940
184,0,1,7,7,6,142,TEST,2,3,1,1,true,1142
184,0,1,7,7,6,143,TEST,4,6,0,0,true,1215
184,0,1,7,7,6,144,TEST,5,4,1,1,true,816
184,0,1,7,7,INSTRUCT,postquestionnaire,1

rulestrategy:When I realized the pattern (finally!), I spoke aloud, 'Rough diagonal is A, smooth is A' over and over until my 16 tries were up. Then when classifying them on the test, I said, A, not A, aloud.
howtoimprove:
engagement:10
difficulty:4
physicalaids:no