186,0,3,11,7,INSTRUCT,instruct1,2479
186,0,3,11,7,INSTRUCT,instructCatExample,3777
186,0,3,11,7,INSTRUCT,instructCatColor,855
186,0,3,11,7,INSTRUCT,instructCatStripe,1394
186,0,3,11,7,INSTRUCT,instructDemoIntro,4014
186,0,3,11,7,INSTRUCT,instructDemo,225292
186,0,3,11,7,INSTRUCT,instructTest,58342
186,0,3,11,7,INSTRUCT,instructTest2,31915
186,0,3,11,7,INSTRUCT,instructDimColor,11881
186,0,3,11,7,INSTRUCT,instructDimBorder,3171
186,0,3,11,7,INSTRUCT,instructDimDots,4353
186,0,3,11,7,INSTRUCT,instructDimStripe,4713
186,0,3,11,7,INSTRUCT,instructDimAll,7581
186,0,3,11,7,INSTRUCT,instructFinal,28339
186,0,3,11,7,1,1,TRAINING,2,6,1,1,72053461,06714325,8945
186,0,3,11,7,1,2,TRAINING,0,7,1,2,32057461,46710325,6701
186,0,3,11,7,1,3,TRAINING,1,5,1,7,42057361,36710425,13278
186,0,3,11,7,1,4,TRAINING,6,2,0,4,42056371,36712405,3674
186,0,3,11,7,1,5,TRAINING,4,3,1,0,42036571,36742105,2459
186,0,3,11,7,1,6,TRAINING,7,0,0,6,42056371,36712405,1684
186,0,3,11,7,1,7,TRAINING,3,4,0,5,40256371,37612405,2358
186,0,3,11,7,1,8,TRAINING,2,6,1,1,42056371,36712405,2618
186,0,3,11,7,1,9,TRAINING,5,1,0,3,42756301,36012475,4991
186,0,3,11,7,1,10,TRAINING,7,0,0,2,32756401,46012375,1458
186,0,3,11,7,1,11,TRAINING,1,5,1,7,02756431,76012345,3733
186,0,3,11,7,1,12,TRAINING,4,3,1,5,02753461,76014325,4642
186,0,3,11,7,1,13,TRAINING,6,2,0,4,02756431,76012345,3404
186,0,3,11,7,1,14,TRAINING,5,1,0,2,02576431,76102345,3956
186,0,3,11,7,1,15,TRAINING,4,3,1,5,02516437,76152340,9547
186,0,3,11,7,1,16,TRAINING,0,7,1,3,12506437,56172340,4328
186,0,3,11,7,1,17,TEST,5,1,0,0,true,5291
186,0,3,11,7,1,18,TEST,6,2,0,1,false,3676
186,0,3,11,7,1,19,TEST,4,3,1,1,true,974
186,0,3,11,7,1,20,TEST,1,5,1,0,false,1110
186,0,3,11,7,1,21,TEST,2,6,1,1,true,1236
186,0,3,11,7,1,22,TEST,3,4,0,0,true,760
186,0,3,11,7,1,23,TEST,7,0,0,0,true,768
186,0,3,11,7,1,24,TEST,0,7,1,1,true,980
186,0,3,11,7,2,25,TRAINING,5,1,0,0,52741630,16035247,2590
186,0,3,11,7,2,26,TRAINING,7,0,0,2,50741632,17035246,5609
186,0,3,11,7,2,27,TRAINING,4,3,1,3,50741623,17035264,4753
186,0,3,11,7,2,28,TRAINING,6,2,0,6,50741263,17035624,1854
186,0,3,11,7,2,29,TRAINING,2,6,1,5,50341267,17435620,12506
186,0,3,11,7,2,30,TRAINING,1,5,1,7,50347261,17430625,3944
186,0,3,11,7,2,31,TRAINING,0,7,1,1,50437261,17340625,2975
186,0,3,11,7,2,32,TRAINING,4,3,1,2,60437251,27340615,4034
186,0,3,11,7,2,33,TRAINING,3,4,0,3,20437651,67340215,3629
186,0,3,11,7,2,34,TRAINING,5,1,0,4,20435671,67341205,38540
186,0,3,11,7,2,35,TRAINING,7,0,0,2,20735641,67041235,3696
186,0,3,11,7,2,36,TRAINING,6,2,0,5,02735641,76041235,1839
186,0,3,11,7,2,37,TRAINING,3,4,0,3,52730641,16047235,3698
186,0,3,11,7,2,38,TRAINING,2,6,1,1,52730614,16047253,8514
186,0,3,11,7,2,39,TRAINING,0,7,1,7,52734610,16043257,1650
186,0,3,11,7,2,40,TRAINING,4,3,1,4,52134670,16543207,1637
186,0,3,11,7,2,41,TEST,2,6,1,1,true,12798
186,0,3,11,7,2,42,TEST,3,4,0,0,true,1794
186,0,3,11,7,2,43,TEST,6,2,0,0,true,3822
186,0,3,11,7,2,44,TEST,0,7,1,1,true,4676
186,0,3,11,7,2,45,TEST,1,5,1,1,true,4124
186,0,3,11,7,2,46,TEST,7,0,0,0,true,2370
186,0,3,11,7,2,47,TEST,5,1,0,0,true,582
186,0,3,11,7,2,48,TEST,4,3,1,1,true,3170
186,0,3,11,7,3,49,TRAINING,3,4,0,0,37526014,40162753,4773
186,0,3,11,7,3,50,TRAINING,1,5,1,1,31526074,45162703,2314
186,0,3,11,7,3,51,TRAINING,2,6,1,3,31026574,45762103,15025
186,0,3,11,7,3,52,TRAINING,0,7,1,2,31024576,45763102,1450
186,0,3,11,7,3,53,TRAINING,1,5,1,4,34021576,43765102,2200
186,0,3,11,7,3,54,TRAINING,5,1,0,5,36021574,42765103,2110
186,0,3,11,7,3,55,TRAINING,7,0,0,6,34021576,43765102,6567
186,0,3,11,7,3,56,TRAINING,6,2,0,7,14023576,53764102,15438
186,0,3,11,7,3,57,TRAINING,3,4,0,0,34021576,43765102,11695
186,0,3,11,7,3,58,TRAINING,5,1,0,5,34012576,43756102,2643
186,0,3,11,7,3,59,TRAINING,7,0,0,6,34062571,43726105,1140
186,0,3,11,7,3,60,TRAINING,6,2,0,1,36042571,42736105,2493
186,0,3,11,7,3,61,TRAINING,0,7,1,2,36024571,42763105,4082
186,0,3,11,7,3,62,TRAINING,2,6,1,3,36027541,42760135,1109
186,0,3,11,7,3,63,TRAINING,1,5,1,7,36025741,42761035,1356
186,0,3,11,7,3,64,TRAINING,4,3,1,6,06325741,72461035,2505
186,0,3,11,7,3,65,TEST,1,5,1,1,true,4235
186,0,3,11,7,3,66,TEST,3,4,0,0,true,3584
186,0,3,11,7,3,67,TEST,4,3,1,1,true,2506
186,0,3,11,7,3,68,TEST,6,2,0,0,true,1728
186,0,3,11,7,3,69,TEST,7,0,0,0,true,3800
186,0,3,11,7,3,70,TEST,2,6,1,1,true,4992
186,0,3,11,7,3,71,TEST,5,1,0,0,true,2336
186,0,3,11,7,3,72,TEST,0,7,1,1,true,2482
186,0,3,11,7,INSTRUCT,postquestionnaire,1

rulestrategy:There wasn't a clear rule to determine the category, other than it was four images to remember.  I must admit, I did resort to pen and paper because I have such a horrible memory and I remember things much better when written down.  I'm sorry to have failed at this request.
howtoimprove:No, but thank you for allowing my lack of cognitive ability to participate!
engagement:10
difficulty:8
physicalaids:yes