188,1,1,18,0,INSTRUCT,instruct1,6367
188,1,1,18,0,INSTRUCT,instructCatExample,6156
188,1,1,18,0,INSTRUCT,instructCatColor,1935
188,1,1,18,0,INSTRUCT,instructCatStripe,4742
188,1,1,18,0,INSTRUCT,instructDemoIntro,7961
188,1,1,18,0,INSTRUCT,instructDemo,56697
188,1,1,18,0,INSTRUCT,instructTest,7628
188,1,1,18,0,INSTRUCT,instructTest2,13918
188,1,1,18,0,INSTRUCT,instructDimColor,3125
188,1,1,18,0,INSTRUCT,instructDimBorder,2203
188,1,1,18,0,INSTRUCT,instructDimDots,984
188,1,1,18,0,INSTRUCT,instructDimStripe,781
188,1,1,18,0,INSTRUCT,instructDimAll,1672
188,1,1,18,0,INSTRUCT,instructFinal,4235
188,1,1,18,0,1,1,TRAINING,4,8,0,3,73140256,d518049c,1443
188,1,1,18,0,1,2,TRAINING,0,0,0,0,03147256,0518d49c,1223
188,1,1,18,0,1,3,TRAINING,5,9,1,6,07143256,0d18549c,1380
188,1,1,18,0,1,4,TRAINING,2,4,1,5,03147256,0518d49c,1690
188,1,1,18,0,1,5,TRAINING,3,5,0,1,13047256,1508d49c,1303
188,1,1,18,0,1,6,TRAINING,6,12,1,7,13057246,1509d48c,1344
188,1,1,18,0,1,7,TRAINING,5,9,1,2,13507246,1590d48c,1268
188,1,1,18,0,1,8,TRAINING,4,8,0,6,31507246,5190d48c,1333
188,1,1,18,0,1,9,TRAINING,0,0,0,3,31502746,51904d8c,1493
188,1,1,18,0,1,10,TRAINING,1,1,1,1,31602745,51c04d89,1602
188,1,1,18,0,1,11,TRAINING,6,12,1,2,21603745,41c05d89,1674
188,1,1,18,0,1,12,TRAINING,1,1,1,1,21603754,41c05d98,1396
188,1,1,18,0,1,13,TRAINING,2,4,1,0,21603745,41c05d89,1691
188,1,1,18,0,1,14,TRAINING,3,5,0,7,21605743,41c09d85,1600
188,1,1,18,0,1,15,TRAINING,7,13,0,5,21405763,41809dc5,1414
188,1,1,18,0,1,16,TRAINING,7,13,0,5,12405763,14809dc5,1380
188,1,1,18,0,1,17,TEST,7,13,0,1,false,3282
188,1,1,18,0,1,18,TEST,0,0,0,0,true,4281
188,1,1,18,0,1,19,TEST,6,12,1,0,false,922
188,1,1,18,0,1,20,TEST,5,9,1,1,true,515
188,1,1,18,0,1,21,TEST,2,4,1,1,true,454
188,1,1,18,0,1,22,TEST,1,1,1,0,false,375
188,1,1,18,0,1,23,TEST,4,8,0,1,false,344
188,1,1,18,0,1,24,TEST,3,5,0,0,true,344
188,1,1,18,0,2,25,TRAINING,5,9,1,1,35274016,594d801c,969
188,1,1,18,0,2,26,TRAINING,2,4,1,2,35264017,594c801d,1429
188,1,1,18,0,2,27,TRAINING,6,12,1,6,35214067,594180cd,2030
188,1,1,18,0,2,28,TRAINING,3,5,0,1,53214067,954180cd,1517
188,1,1,18,0,2,29,TRAINING,4,8,0,4,53124067,951480cd,1409
188,1,1,18,0,2,30,TRAINING,0,0,0,6,53124607,95148c0d,1320
188,1,1,18,0,2,31,TRAINING,1,1,1,2,56124307,9c14850d,1369
188,1,1,18,0,2,32,TRAINING,1,1,1,2,76124305,dc148509,1303
188,1,1,18,0,2,33,TRAINING,7,13,0,0,76134205,dc158409,1463
188,1,1,18,0,2,34,TRAINING,6,12,1,1,76135204,dc159408,1376
188,1,1,18,0,2,35,TRAINING,4,8,0,7,76105234,dc109458,1318
188,1,1,18,0,2,36,TRAINING,7,13,0,2,16705234,1cd09458,1180
188,1,1,18,0,2,37,TRAINING,5,9,1,4,12705634,14d09c58,1336
188,1,1,18,0,2,38,TRAINING,0,0,0,3,13705624,15d09c48,1583
188,1,1,18,0,2,39,TRAINING,3,5,0,7,14705623,18d09c45,1239
188,1,1,18,0,2,40,TRAINING,2,4,1,6,74105623,d8109c45,1256
188,1,1,18,0,2,41,TEST,5,9,1,0,false,1829
188,1,1,18,0,2,42,TEST,7,13,0,1,false,500
188,1,1,18,0,2,43,TEST,0,0,0,0,true,390
188,1,1,18,0,2,44,TEST,1,1,1,0,false,611
188,1,1,18,0,2,45,TEST,6,12,1,1,true,313
188,1,1,18,0,2,46,TEST,3,5,0,1,false,328
188,1,1,18,0,2,47,TEST,2,4,1,1,true,391
188,1,1,18,0,2,48,TEST,4,8,0,0,true,360
188,1,1,18,0,3,49,TRAINING,6,12,1,1,16457302,1c89d504,1141
188,1,1,18,0,3,50,TRAINING,1,1,1,0,16450372,1c8905d4,1440
188,1,1,18,0,3,51,TRAINING,5,9,1,5,16430572,1c8509d4,1853
188,1,1,18,0,3,52,TRAINING,0,0,0,3,16403572,1c8059d4,1628
188,1,1,18,0,3,53,TRAINING,5,9,1,5,36401572,5c8019d4,1861
188,1,1,18,0,3,54,TRAINING,3,5,0,4,16403572,1c8059d4,2098
188,1,1,18,0,3,55,TRAINING,4,8,0,2,76403512,dc805914,1870
188,1,1,18,0,3,56,TRAINING,7,13,0,5,56403712,9c805d14,3629
188,1,1,18,0,3,57,TRAINING,2,4,1,6,56403721,9c805d41,5488
188,1,1,18,0,3,58,TRAINING,3,5,0,4,56413720,9c815d40,1651
188,1,1,18,0,3,59,TRAINING,2,4,1,6,46513720,8c915d40,1427
188,1,1,18,0,3,60,TRAINING,6,12,1,3,41563720,819c5d40,1331
188,1,1,18,0,3,61,TRAINING,7,13,0,5,41365720,815c9d40,1522
188,1,1,18,0,3,62,TRAINING,4,8,0,6,21365740,415c9d80,3444
188,1,1,18,0,3,63,TRAINING,0,0,0,7,23165740,451c9d80,1395
188,1,1,18,0,3,64,TRAINING,1,1,1,2,23175640,451d9c80,1384
188,1,1,18,0,3,65,TEST,7,13,0,0,true,1968
188,1,1,18,0,3,66,TEST,4,8,0,0,true,500
188,1,1,18,0,3,67,TEST,3,5,0,0,true,1094
188,1,1,18,0,3,68,TEST,6,12,1,1,true,531
188,1,1,18,0,3,69,TEST,5,9,1,0,false,907
188,1,1,18,0,3,70,TEST,1,1,1,1,true,3610
188,1,1,18,0,3,71,TEST,0,0,0,1,false,782
188,1,1,18,0,3,72,TEST,2,4,1,1,true,344
188,1,1,18,0,4,73,TRAINING,6,12,1,5,32571604,549d1c08,1094
188,1,1,18,0,4,74,TRAINING,0,0,0,6,12573604,149d5c08,2456
188,1,1,18,0,4,75,TRAINING,0,0,0,6,52173604,941d5c08,1573
188,1,1,18,0,4,76,TRAINING,3,5,0,4,52473601,948d5c01,1706
188,1,1,18,0,4,77,TRAINING,5,9,1,0,57423601,9d845c01,1507
188,1,1,18,0,4,78,TRAINING,2,4,1,3,56423701,9c845d01,1819
188,1,1,18,0,4,79,TRAINING,1,1,1,7,56723401,9cd45801,2637
188,1,1,18,0,4,80,TRAINING,3,5,0,4,50723461,90d458c1,1757
188,1,1,18,0,4,81,TRAINING,2,4,1,5,50743261,90d854c1,1240
188,1,1,18,0,4,82,TRAINING,4,8,0,3,10743265,10d854c9,1396
188,1,1,18,0,4,83,TRAINING,7,13,0,7,10543267,109854cd,1526
188,1,1,18,0,4,84,TRAINING,1,1,1,0,13540267,159804cd,1306
188,1,1,18,0,4,85,TRAINING,6,12,1,6,13520467,159408cd,1661
188,1,1,18,0,4,86,TRAINING,7,13,0,7,10523467,109458cd,1321
188,1,1,18,0,4,87,TRAINING,5,9,1,2,01523467,019458cd,1559
188,1,1,18,0,4,88,TRAINING,4,8,0,5,10523467,109458cd,1207
188,1,1,18,0,4,89,TEST,1,1,1,1,true,2437
188,1,1,18,0,4,90,TEST,0,0,0,0,true,938
188,1,1,18,0,4,91,TEST,3,5,0,0,true,1422
188,1,1,18,0,4,92,TEST,2,4,1,1,true,469
188,1,1,18,0,4,93,TEST,4,8,0,0,true,1016
188,1,1,18,0,4,94,TEST,7,13,0,0,true,3453
188,1,1,18,0,4,95,TEST,5,9,1,1,true,1016
188,1,1,18,0,4,96,TEST,6,12,1,1,true,470
188,1,1,18,0,5,97,TRAINING,4,8,0,4,01724653,01d48c95,1063
188,1,1,18,0,5,98,TRAINING,2,4,1,3,03724651,05d48c91,1478
188,1,1,18,0,5,99,TRAINING,6,12,1,5,03124657,05148c9d,2283
188,1,1,18,0,5,100,TRAINING,3,5,0,1,03124675,05148cd9,2149
188,1,1,18,0,5,101,TRAINING,6,12,1,5,53124670,95148cd0,1257
188,1,1,18,0,5,102,TRAINING,5,9,1,0,53127640,9514dc80,1337
188,1,1,18,0,5,103,TRAINING,0,0,0,7,57123640,9d145c80,1489
188,1,1,18,0,5,104,TRAINING,0,0,0,7,54123670,98145cd0,1331
188,1,1,18,0,5,105,TRAINING,7,13,0,6,52143670,94185cd0,1241
188,1,1,18,0,5,106,TRAINING,4,8,0,3,25143670,49185cd0,1368
188,1,1,18,0,5,107,TRAINING,7,13,0,6,25643170,49c851d0,1239
188,1,1,18,0,5,108,TRAINING,1,1,1,2,25143670,49185cd0,1240
188,1,1,18,0,5,109,TRAINING,5,9,1,1,35142670,59184cd0,1225
188,1,1,18,0,5,110,TRAINING,3,5,0,5,65142370,c91845d0,1163
188,1,1,18,0,5,111,TRAINING,2,4,1,7,65140372,c91805d4,1209
188,1,1,18,0,5,112,TRAINING,1,1,1,4,65041372,c90815d4,2193
188,1,1,18,0,5,113,TEST,0,0,0,0,true,2219
188,1,1,18,0,5,114,TEST,4,8,0,0,true,875
188,1,1,18,0,5,115,TEST,7,13,0,0,true,1359
188,1,1,18,0,5,116,TEST,1,1,1,1,true,500
188,1,1,18,0,5,117,TEST,6,12,1,1,true,1172
188,1,1,18,0,5,118,TEST,5,9,1,1,true,1188
188,1,1,18,0,5,119,TEST,2,4,1,1,true,891
188,1,1,18,0,5,120,TEST,3,5,0,0,true,343
188,1,1,18,0,INSTRUCT,postquestionnaire,0

rulestrategy:I noticed which combination of border color and presence of a line determined what group a square was in and used that to solve the problem
howtoimprove:
engagement:8
difficulty:6
physicalaids:no