189,1,5,7,14,INSTRUCT,instruct1,40442
189,1,5,7,14,INSTRUCT,instructCatExample,19275
189,1,5,7,14,INSTRUCT,instructCatColor,9422
189,1,5,7,14,INSTRUCT,instructCatStripe,12459
189,1,5,7,14,INSTRUCT,instructDemoIntro,56284
189,1,5,7,14,INSTRUCT,instructDemo,24873
189,1,5,7,14,INSTRUCT,instructTest,31936
189,1,5,7,14,INSTRUCT,instructTest2,72329
189,1,5,7,14,INSTRUCT,instructDimColor,13799
189,1,5,7,14,INSTRUCT,instructDimBorder,5845
189,1,5,7,14,INSTRUCT,instructDimDots,6301
189,1,5,7,14,INSTRUCT,instructDimStripe,15642
189,1,5,7,14,INSTRUCT,instructDimAll,6938
189,1,5,7,14,INSTRUCT,instructFinal,33703
189,1,5,7,14,1,1,TRAINING,4,12,0,3,25146370,9efc8bad,10110
189,1,5,7,14,1,2,TRAINING,5,14,1,1,25146730,9efc8abd,8297
189,1,5,7,14,1,3,TRAINING,2,9,0,0,25146037,9efc8dba,10379
189,1,5,7,14,1,4,TRAINING,1,15,0,2,25146073,9efc8dab,7590
189,1,5,7,14,1,5,TRAINING,7,10,0,5,25146703,9efc8adb,8055
189,1,5,7,14,1,6,TRAINING,0,13,1,6,45126703,cef98adb,11773
189,1,5,7,14,1,7,TRAINING,5,14,1,1,45621703,ce89fadb,14488
189,1,5,7,14,1,8,TRAINING,2,9,0,3,45627103,ce89afdb,11013
189,1,5,7,14,1,9,TRAINING,7,10,0,5,45621703,ce89fadb,10045
189,1,5,7,14,1,10,TRAINING,6,8,1,6,45021763,ced9fa8b,2784
189,1,5,7,14,1,11,TRAINING,6,8,1,6,54021763,ecd9fa8b,5348
189,1,5,7,14,1,12,TRAINING,0,13,1,5,54721063,eca9fd8b,3085
189,1,5,7,14,1,13,TRAINING,1,15,0,7,54723061,eca9bd8f,11356
189,1,5,7,14,1,14,TRAINING,3,11,1,4,56723041,e8a9bdcf,8368
189,1,5,7,14,1,15,TRAINING,3,11,1,4,54723061,eca9bd8f,9075
189,1,5,7,14,1,16,TRAINING,4,12,0,1,64723051,8ca9bdef,6357
189,1,5,7,14,1,17,TEST,3,11,1,0,false,4446
189,1,5,7,14,1,18,TEST,0,13,1,1,true,13785
189,1,5,7,14,1,19,TEST,6,8,1,1,true,2519
189,1,5,7,14,1,20,TEST,2,9,0,0,true,4545
189,1,5,7,14,1,21,TEST,1,15,0,1,false,11719
189,1,5,7,14,1,22,TEST,7,10,0,0,true,6862
189,1,5,7,14,1,23,TEST,5,14,1,1,true,14197
189,1,5,7,14,1,24,TEST,4,12,0,0,true,4556
189,1,5,7,14,2,25,TRAINING,1,15,0,1,51724063,efa9cd8b,1826
189,1,5,7,14,2,26,TRAINING,4,12,0,4,51724036,efa9cdb8,3153
189,1,5,7,14,2,27,TRAINING,3,11,1,0,31724056,bfa9cde8,2344
189,1,5,7,14,2,28,TRAINING,0,13,1,5,31724065,bfa9cd8e,2108
189,1,5,7,14,2,29,TRAINING,7,10,0,2,31742065,bfac9d8e,2312
189,1,5,7,14,2,30,TRAINING,2,9,0,4,31762045,bfa89dce,3800
189,1,5,7,14,2,31,TRAINING,0,13,1,0,01762345,dfa89bce,2471
189,1,5,7,14,2,32,TRAINING,6,8,1,3,01762435,dfa89cbe,3524
189,1,5,7,14,2,33,TRAINING,7,10,0,2,03762415,dba89cfe,1884
189,1,5,7,14,2,34,TRAINING,5,14,1,7,43762015,cba89dfe,1962
189,1,5,7,14,2,35,TRAINING,4,12,0,5,03762415,dba89cfe,2882
189,1,5,7,14,2,36,TRAINING,1,15,0,6,30762415,bda89cfe,1863
189,1,5,7,14,2,37,TRAINING,3,11,1,7,50762413,eda89cfb,1748
189,1,5,7,14,2,38,TRAINING,5,14,1,0,50672413,ed8a9cfb,2124
189,1,5,7,14,2,39,TRAINING,6,8,1,2,50672143,ed8a9fcb,8537
189,1,5,7,14,2,40,TRAINING,2,9,0,5,50671243,ed8af9cb,1638
189,1,5,7,14,2,41,TEST,1,15,0,0,true,13934
189,1,5,7,14,2,42,TEST,6,8,1,1,true,2528
189,1,5,7,14,2,43,TEST,0,13,1,1,true,6557
189,1,5,7,14,2,44,TEST,5,14,1,0,false,7788
189,1,5,7,14,2,45,TEST,7,10,0,0,true,4043
189,1,5,7,14,2,46,TEST,2,9,0,0,true,5100
189,1,5,7,14,2,47,TEST,3,11,1,1,true,12659
189,1,5,7,14,2,48,TEST,4,12,0,0,true,3534
189,1,5,7,14,3,49,TRAINING,0,13,1,0,05327461,deb9ac8f,2374
189,1,5,7,14,3,50,TRAINING,4,12,0,5,05723461,dea9bc8f,2060
189,1,5,7,14,3,51,TRAINING,7,10,0,3,05273461,de9abc8f,1751
189,1,5,7,14,3,52,TRAINING,1,15,0,7,02573461,d9eabc8f,1767
189,1,5,7,14,3,53,TRAINING,3,11,1,4,05273461,de9abc8f,14578
189,1,5,7,14,3,54,TRAINING,1,15,0,7,05243761,de9cba8f,11224
189,1,5,7,14,3,55,TRAINING,4,12,0,0,45203761,ce9dba8f,14118
189,1,5,7,14,3,56,TRAINING,5,14,1,6,46203751,c89dbaef,8134
189,1,5,7,14,3,57,TRAINING,2,9,0,2,40263751,cd98baef,2798
189,1,5,7,14,3,58,TRAINING,6,8,1,3,40261753,cd98faeb,2903
189,1,5,7,14,3,59,TRAINING,0,13,1,1,30261754,bd98faec,7391
189,1,5,7,14,3,60,TRAINING,2,9,0,7,30461752,bdc8fae9,4771
189,1,5,7,14,3,61,TRAINING,3,11,1,0,30561742,bde8fac9,10316
189,1,5,7,14,3,62,TRAINING,6,8,1,3,30761542,bda8fec9,2695
189,1,5,7,14,3,63,TRAINING,7,10,0,2,31760542,bfa8dec9,12044
189,1,5,7,14,3,64,TRAINING,5,14,1,5,31760524,bfa8de9c,9940
189,1,5,7,14,3,65,TEST,5,14,1,0,false,20149
189,1,5,7,14,3,66,TEST,7,10,0,0,true,5082
189,1,5,7,14,3,67,TEST,6,8,1,1,true,1665
189,1,5,7,14,3,68,TEST,3,11,1,1,true,5874
189,1,5,7,14,3,69,TEST,0,13,1,1,true,3508
189,1,5,7,14,3,70,TEST,2,9,0,0,true,3843
189,1,5,7,14,3,71,TEST,4,12,0,0,true,3540
189,1,5,7,14,3,72,TEST,1,15,0,0,true,10258
189,1,5,7,14,4,73,TRAINING,7,10,0,0,70213645,ad9fb8ce,14592
189,1,5,7,14,4,74,TRAINING,7,10,0,0,70231645,ad9bf8ce,6294
189,1,5,7,14,4,75,TRAINING,5,14,1,7,70213645,ad9fb8ce,13286
189,1,5,7,14,4,76,TRAINING,0,13,1,1,70263145,ad98bfce,11736
189,1,5,7,14,4,77,TRAINING,6,8,1,0,60273145,8d9abfce,5098
189,1,5,7,14,4,78,TRAINING,3,11,1,6,60274135,8d9acfbe,7445
189,1,5,7,14,4,79,TRAINING,4,12,0,4,60254137,8d9ecfba,9063
189,1,5,7,14,4,80,TRAINING,6,8,1,0,60274135,8d9acfbe,5929
189,1,5,7,14,4,81,TRAINING,1,15,0,3,60214735,8d9fcabe,11040
189,1,5,7,14,4,82,TRAINING,5,14,1,4,60215734,8d9feabc,10142
189,1,5,7,14,4,83,TRAINING,2,9,0,2,30215764,bd9fea8c,7017
189,1,5,7,14,4,84,TRAINING,0,13,1,1,30215467,bd9fec8a,7591
189,1,5,7,14,4,85,TRAINING,3,11,1,0,30275461,bd9aec8f,24800
189,1,5,7,14,4,86,TRAINING,4,12,0,7,30275164,bd9aef8c,4630
189,1,5,7,14,4,87,TRAINING,2,9,0,2,30257164,bd9eaf8c,5272
189,1,5,7,14,4,88,TRAINING,1,15,0,5,03257164,db9eaf8c,7065
189,1,5,7,14,4,89,TEST,0,13,1,1,true,12290
189,1,5,7,14,4,90,TEST,2,9,0,0,true,4382
189,1,5,7,14,4,91,TEST,7,10,0,0,true,4955
189,1,5,7,14,4,92,TEST,4,12,0,0,true,7368
189,1,5,7,14,4,93,TEST,3,11,1,1,true,4128
189,1,5,7,14,4,94,TEST,5,14,1,1,true,17626
189,1,5,7,14,4,95,TEST,1,15,0,0,true,6124
189,1,5,7,14,4,96,TEST,6,8,1,1,true,4029
189,1,5,7,14,5,97,TRAINING,7,10,0,7,05234167,de9bcf8a,21343
189,1,5,7,14,5,98,TRAINING,1,15,0,5,65234107,8e9bcfda,9789
189,1,5,7,14,5,99,TRAINING,3,11,1,3,56234107,e89bcfda,10238
189,1,5,7,14,5,100,TRAINING,5,14,1,6,06234157,d89bcfea,9298
189,1,5,7,14,5,101,TRAINING,4,12,0,4,06734152,d8abcfe9,9377
189,1,5,7,14,5,102,TRAINING,0,13,1,0,06724153,d8a9cfeb,12654
189,1,5,7,14,5,103,TRAINING,0,13,1,0,06724135,d8a9cfbe,2785
189,1,5,7,14,5,104,TRAINING,2,9,0,3,07624135,da89cfbe,6765
189,1,5,7,14,5,105,TRAINING,1,15,0,5,07623145,da89bfce,12331
189,1,5,7,14,5,106,TRAINING,2,9,0,3,47623105,ca89bfde,7313
189,1,5,7,14,5,107,TRAINING,3,11,1,1,43627105,cb89afde,12171
189,1,5,7,14,5,108,TRAINING,4,12,0,2,63427105,8bc9afde,11461
189,1,5,7,14,5,109,TRAINING,7,10,0,0,73426105,abc98fde,3823
189,1,5,7,14,5,110,TRAINING,5,14,1,7,73426015,abc98dfe,8177
189,1,5,7,14,5,111,TRAINING,6,8,1,4,71426035,afc98dbe,8158
189,1,5,7,14,5,112,TRAINING,6,8,1,4,72416035,a9cf8dbe,2938
189,1,5,7,14,5,113,TEST,2,9,0,0,true,9753
189,1,5,7,14,5,114,TEST,5,14,1,1,true,4745
189,1,5,7,14,5,115,TEST,3,11,1,1,true,9441
189,1,5,7,14,5,116,TEST,7,10,0,0,true,2789
189,1,5,7,14,5,117,TEST,6,8,1,1,true,7015
189,1,5,7,14,5,118,TEST,1,15,0,0,true,16744
189,1,5,7,14,5,119,TEST,4,12,0,0,true,16686
189,1,5,7,14,5,120,TEST,0,13,1,1,true,5544
189,1,5,7,14,INSTRUCT,postquestionnaire,4

rulestrategy:i pictured it and memorized it in my mind the different A and B. 
howtoimprove:
engagement:10
difficulty:10
physicalaids:no