190,1,4,17,9,INSTRUCT,instruct1,145784
190,1,4,17,9,INSTRUCT,instructCatExample,14040
190,1,4,17,9,INSTRUCT,instructCatColor,10042
190,1,4,17,9,INSTRUCT,instructCatStripe,6721
190,1,4,17,9,INSTRUCT,instructDemoIntro,2012
190,1,4,17,9,INSTRUCT,instructDemo,51878
190,1,4,17,9,INSTRUCT,instructTest,14600
190,1,4,17,9,INSTRUCT,instructTest2,1068
190,1,4,17,9,INSTRUCT,instructDimColor,3076
190,1,4,17,9,INSTRUCT,instructDimBorder,1132
190,1,4,17,9,INSTRUCT,instructDimDots,756
190,1,4,17,9,INSTRUCT,instructDimStripe,982
190,1,4,17,9,INSTRUCT,instructDimAll,6669
190,1,4,17,9,INSTRUCT,instructFinal,1530
190,1,4,17,9,1,1,TRAINING,4,7,1,1,74356201,e7c6fd54,2318
190,1,4,17,9,1,2,TRAINING,3,12,0,3,74536201,e76cfd54,1293
190,1,4,17,9,1,3,TRAINING,6,15,0,4,74536102,e76cf45d,1599
190,1,4,17,9,1,4,TRAINING,6,15,0,4,14536702,476cfe5d,1336
190,1,4,17,9,1,5,TRAINING,5,6,0,2,74536102,e76cf45d,1473
190,1,4,17,9,1,6,TRAINING,1,4,0,0,14536702,476cfe5d,5022
190,1,4,17,9,1,7,TRAINING,7,14,1,5,14563702,476fce5d,1552
190,1,4,17,9,1,8,TRAINING,7,14,1,5,14560732,476f5ecd,1469
190,1,4,17,9,1,9,TRAINING,2,13,1,7,41560732,746f5ecd,1958
190,1,4,17,9,1,10,TRAINING,5,6,0,2,41506732,7465fecd,1874
190,1,4,17,9,1,11,TRAINING,2,13,1,7,71506432,e465f7cd,1653
190,1,4,17,9,1,12,TRAINING,0,5,1,3,17506432,4e65f7cd,1888
190,1,4,17,9,1,13,TRAINING,1,4,0,1,71506432,e465f7cd,1131
190,1,4,17,9,1,14,TRAINING,0,5,1,3,71506234,e465fdc7,1405
190,1,4,17,9,1,15,TRAINING,3,12,0,2,71306254,e4c5fd67,1289
190,1,4,17,9,1,16,TRAINING,4,7,1,4,71304256,e4c57d6f,1357
190,1,4,17,9,1,17,TEST,5,6,0,1,false,2089
190,1,4,17,9,1,18,TEST,6,15,0,0,true,1498
190,1,4,17,9,1,19,TEST,0,5,1,0,false,786
190,1,4,17,9,1,20,TEST,2,13,1,1,true,701
190,1,4,17,9,1,21,TEST,1,4,0,1,false,1837
190,1,4,17,9,1,22,TEST,7,14,1,1,true,1901
190,1,4,17,9,1,23,TEST,4,7,1,0,false,404
190,1,4,17,9,1,24,TEST,3,12,0,1,false,538
190,1,4,17,9,2,25,TRAINING,4,7,1,3,21345670,d4c76fe5,1256
190,1,4,17,9,2,26,TRAINING,1,4,0,1,51342670,64c7dfe5,1256
190,1,4,17,9,2,27,TRAINING,6,15,0,5,21345670,d4c76fe5,1280
190,1,4,17,9,2,28,TRAINING,3,12,0,2,21375640,d4ce6f75,1381
190,1,4,17,9,2,29,TRAINING,7,14,1,4,21357640,d4c6ef75,1479
190,1,4,17,9,2,30,TRAINING,4,7,1,6,20357641,d5c6ef74,1240
190,1,4,17,9,2,31,TRAINING,7,14,1,4,60357241,f5c6ed74,2046
190,1,4,17,9,2,32,TRAINING,0,5,1,3,65307241,f6c5ed74,1444
190,1,4,17,9,2,33,TRAINING,5,6,0,0,56307241,6fc5ed74,1272
190,1,4,17,9,2,34,TRAINING,6,15,0,5,52307641,6dc5ef74,1375
190,1,4,17,9,2,35,TRAINING,3,12,0,2,52347601,6dc7ef54,4316
190,1,4,17,9,2,36,TRAINING,0,5,1,4,52340671,6dc75fe4,5475
190,1,4,17,9,2,37,TRAINING,5,6,0,0,52340761,6dc75ef4,2014
190,1,4,17,9,2,38,TRAINING,1,4,0,6,52340716,6dc75e4f,1211
190,1,4,17,9,2,39,TRAINING,2,13,1,1,52370416,6dce574f,1421
190,1,4,17,9,2,40,TRAINING,2,13,1,1,52374016,6dce754f,1342
190,1,4,17,9,2,41,TEST,2,13,1,0,false,1371
190,1,4,17,9,2,42,TEST,1,4,0,0,true,639
190,1,4,17,9,2,43,TEST,7,14,1,1,true,907
190,1,4,17,9,2,44,TEST,0,5,1,0,false,468
190,1,4,17,9,2,45,TEST,4,7,1,0,false,1458
190,1,4,17,9,2,46,TEST,3,12,0,0,true,640
190,1,4,17,9,2,47,TEST,6,15,0,0,true,340
190,1,4,17,9,2,48,TEST,5,6,0,1,false,342
190,1,4,17,9,3,49,TRAINING,2,13,1,6,61470325,f47e5cd6,915
190,1,4,17,9,3,50,TRAINING,6,15,0,5,31470625,c47e5fd6,1234
190,1,4,17,9,3,51,TRAINING,4,7,1,2,13470625,4c7e5fd6,1396
190,1,4,17,9,3,52,TRAINING,1,4,0,0,13475620,4c7e6fd5,1575
190,1,4,17,9,3,53,TRAINING,3,12,0,6,12475630,4d7e6fc5,1460
190,1,4,17,9,3,54,TRAINING,0,5,1,7,12457630,4d76efc5,1389
190,1,4,17,9,3,55,TRAINING,7,14,1,4,16457230,4f76edc5,1601
190,1,4,17,9,3,56,TRAINING,1,4,0,0,16357240,4fc6ed75,1771
190,1,4,17,9,3,57,TRAINING,0,5,1,3,16307245,4fc5ed76,2225
190,1,4,17,9,3,58,TRAINING,3,12,0,2,16304275,4fc57de6,212854
190,1,4,17,9,3,59,TRAINING,5,6,0,5,16304572,4fc576ed,1349
190,1,4,17,9,3,60,TRAINING,4,7,1,0,46301572,7fc546ed,1428
190,1,4,17,9,3,61,TRAINING,5,6,0,5,43601572,7cf546ed,1608
190,1,4,17,9,3,62,TRAINING,2,13,1,7,43106572,7c45f6ed,57066
190,1,4,17,9,3,63,TRAINING,6,15,0,3,43160572,7c4f56ed,1748
190,1,4,17,9,3,64,TRAINING,7,14,1,6,53160472,6c4f57ed,1419
190,1,4,17,9,3,65,TEST,5,6,0,0,true,925
190,1,4,17,9,3,66,TEST,2,13,1,1,true,724
190,1,4,17,9,3,67,TEST,1,4,0,1,false,328
190,1,4,17,9,3,68,TEST,6,15,0,0,true,1685
190,1,4,17,9,3,69,TEST,4,7,1,0,false,11371
190,1,4,17,9,3,70,TEST,3,12,0,1,false,577
190,1,4,17,9,3,71,TEST,0,5,1,0,false,538
190,1,4,17,9,3,72,TEST,7,14,1,0,false,499
190,1,4,17,9,4,73,TRAINING,2,13,1,7,50437612,657cef4d,987
190,1,4,17,9,4,74,TRAINING,5,6,0,0,50436712,657cfe4d,1293
190,1,4,17,9,4,75,TRAINING,1,4,0,2,50136742,654cfe7d,1225
190,1,4,17,9,4,76,TRAINING,6,15,0,4,50136724,654cfed7,3621
190,1,4,17,9,4,77,TRAINING,5,6,0,1,05136724,564cfed7,1184
190,1,4,17,9,4,78,TRAINING,1,4,0,2,25136704,d64cfe57,1287
190,1,4,17,9,4,79,TRAINING,0,5,1,0,05136724,564cfed7,1388
190,1,4,17,9,4,80,TRAINING,2,13,1,3,05126734,564dfec7,2108
190,1,4,17,9,4,81,TRAINING,7,14,1,5,01526734,546dfec7,1724
190,1,4,17,9,4,82,TRAINING,3,12,0,6,01625734,54fd6ec7,1397
190,1,4,17,9,4,83,TRAINING,4,7,1,0,41625730,74fd6ec5,7977
190,1,4,17,9,4,84,TRAINING,3,12,0,6,41675230,74fe6dc5,1278
190,1,4,17,9,4,85,TRAINING,0,5,1,7,46175230,7f4e6dc5,1337
190,1,4,17,9,4,86,TRAINING,6,15,0,1,46125730,7f4d6ec5,1290
190,1,4,17,9,4,87,TRAINING,7,14,1,5,46135720,7f4c6ed5,1340
190,1,4,17,9,4,88,TRAINING,4,7,1,3,36145720,cf476ed5,1301
190,1,4,17,9,4,89,TEST,4,7,1,1,true,546
190,1,4,17,9,4,90,TEST,3,12,0,1,false,433
190,1,4,17,9,4,91,TEST,7,14,1,1,true,236
190,1,4,17,9,4,92,TEST,1,4,0,1,false,441
190,1,4,17,9,4,93,TEST,5,6,0,0,true,320
190,1,4,17,9,4,94,TEST,2,13,1,1,true,1537
190,1,4,17,9,4,95,TEST,6,15,0,1,false,297
190,1,4,17,9,4,96,TEST,0,5,1,1,true,638
190,1,4,17,9,5,97,TRAINING,2,13,1,3,05627134,56fde4c7,2013
190,1,4,17,9,5,98,TRAINING,0,5,1,2,65027134,f65de4c7,1191
190,1,4,17,9,5,99,TRAINING,7,14,1,4,45027136,765de4cf,1436
190,1,4,17,9,5,100,TRAINING,1,4,0,5,35027146,c65de47f,1327
190,1,4,17,9,5,101,TRAINING,3,12,0,0,35027164,c65de4f7,1562
190,1,4,17,9,5,102,TRAINING,3,12,0,0,35207164,c6d5e4f7,1380
190,1,4,17,9,5,103,TRAINING,1,4,0,6,35207614,c6d5ef47,1427
190,1,4,17,9,5,104,TRAINING,4,7,1,7,36207514,cfd5e647,1458
190,1,4,17,9,5,105,TRAINING,2,13,1,2,56207314,6fd5ec47,1364
190,1,4,17,9,5,106,TRAINING,6,15,0,1,56237014,6fdce547,1390
190,1,4,17,9,5,107,TRAINING,5,6,0,0,56237041,6fdce574,1505
190,1,4,17,9,5,108,TRAINING,4,7,1,6,56732041,6fecd574,1334
190,1,4,17,9,5,109,TRAINING,5,6,0,0,56723041,6fedc574,4670
190,1,4,17,9,5,110,TRAINING,6,15,0,1,56273041,6fdec574,1504
190,1,4,17,9,5,111,TRAINING,7,14,1,3,56273014,6fdec547,9219
190,1,4,17,9,5,112,TRAINING,0,5,1,5,56273041,6fdec574,1622
190,1,4,17,9,5,113,TEST,7,14,1,0,false,669
190,1,4,17,9,5,114,TEST,0,5,1,0,false,365
190,1,4,17,9,5,115,TEST,4,7,1,0,false,436
190,1,4,17,9,5,116,TEST,6,15,0,0,true,489
190,1,4,17,9,5,117,TEST,1,4,0,1,false,279
190,1,4,17,9,5,118,TEST,2,13,1,1,true,436
190,1,4,17,9,5,119,TEST,3,12,0,1,false,2006
190,1,4,17,9,5,120,TEST,5,6,0,1,false,507
190,1,4,17,9,6,121,TRAINING,7,14,1,5,06435721,5f7c6ed4,881
190,1,4,17,9,6,122,TRAINING,3,12,0,6,06425731,5f7d6ec4,8860
190,1,4,17,9,6,123,TRAINING,2,13,1,3,06421735,5f7d4ec6,26446
190,1,4,17,9,6,124,TRAINING,4,7,1,5,06721435,5fed47c6,48657
190,1,4,17,9,6,125,TRAINING,4,7,1,5,16720435,4fed57c6,2660
190,1,4,17,9,6,126,TRAINING,5,6,0,1,15720436,46ed57cf,1388
190,1,4,17,9,6,127,TRAINING,0,5,1,4,15720463,46ed57fc,328480
190,1,4,17,9,6,128,TRAINING,3,12,0,7,25710463,d6e457fc,1370
190,1,4,17,9,6,129,TRAINING,0,5,1,4,15720463,46ed57fc,1436
190,1,4,17,9,6,130,TRAINING,1,4,0,0,15270463,46de57fc,49616
190,1,4,17,9,6,131,TRAINING,1,4,0,0,15230467,46dc57fe,1552
190,1,4,17,9,6,132,TRAINING,5,6,0,1,15260437,46df57ce,1529
190,1,4,17,9,6,133,TRAINING,7,14,1,6,15260473,46df57ec,1272
190,1,4,17,9,6,134,TRAINING,6,15,0,3,15260374,46df5ce7,1561
190,1,4,17,9,6,135,TRAINING,2,13,1,7,15460372,467f5ced,1317
190,1,4,17,9,6,136,TRAINING,6,15,0,3,15760342,46ef5c7d,1936
190,1,4,17,9,6,137,TEST,1,4,0,0,true,1196
190,1,4,17,9,6,138,TEST,3,12,0,1,false,1227
190,1,4,17,9,6,139,TEST,2,13,1,0,false,724
190,1,4,17,9,6,140,TEST,7,14,1,0,false,461
190,1,4,17,9,6,141,TEST,0,5,1,0,false,605
190,1,4,17,9,6,142,TEST,4,7,1,0,false,679
190,1,4,17,9,6,143,TEST,6,15,0,0,true,1062
190,1,4,17,9,6,144,TEST,5,6,0,0,true,942
190,1,4,17,9,7,145,TRAINING,6,15,0,5,15234607,46dc7f5e,1369
190,1,4,17,9,7,146,TRAINING,4,7,1,4,35214607,c6d47f5e,1536
190,1,4,17,9,7,147,TRAINING,2,13,1,1,32514607,cd647f5e,1545
190,1,4,17,9,7,148,TRAINING,0,5,1,6,32154607,cd467f5e,1630
190,1,4,17,9,7,149,TRAINING,4,7,1,4,32164507,cd4f765e,1460
190,1,4,17,9,7,150,TRAINING,6,15,0,3,32564107,cd6f745e,1490
190,1,4,17,9,7,151,TRAINING,5,6,0,5,32164507,cd4f765e,1203
190,1,4,17,9,7,152,TRAINING,0,5,1,6,32167504,cd4fe657,1451
190,1,4,17,9,7,153,TRAINING,3,12,0,2,12367504,4dcfe657,1592
190,1,4,17,9,7,154,TRAINING,5,6,0,3,12357604,4dc6ef57,1294
190,1,4,17,9,7,155,TRAINING,3,12,0,2,42357601,7dc6ef54,1301
190,1,4,17,9,7,156,TRAINING,7,14,1,1,47352601,7ec6df54,1677
190,1,4,17,9,7,157,TRAINING,7,14,1,1,47312605,7ec4df56,1436
190,1,4,17,9,7,158,TRAINING,1,4,0,3,57312604,6ec4df57,1818
190,1,4,17,9,7,159,TRAINING,1,4,0,3,57314602,6ec47f5d,1834
190,1,4,17,9,7,160,TRAINING,2,13,1,7,67314502,fec4765d,1452
190,1,4,17,9,7,161,TEST,5,6,0,0,true,746
190,1,4,17,9,7,162,TEST,2,13,1,0,false,755
190,1,4,17,9,7,163,TEST,4,7,1,1,true,358
190,1,4,17,9,7,164,TEST,0,5,1,0,false,507
190,1,4,17,9,7,165,TEST,7,14,1,0,false,466
190,1,4,17,9,7,166,TEST,3,12,0,0,true,443
190,1,4,17,9,7,167,TEST,1,4,0,0,true,677
190,1,4,17,9,7,168,TEST,6,15,0,0,true,5841
190,1,4,17,9,8,169,TRAINING,5,6,0,0,50243176,65d7c4ef,1050
190,1,4,17,9,8,170,TRAINING,2,13,1,2,53240176,6cd754ef,3538
190,1,4,17,9,8,171,TRAINING,6,15,0,7,57240136,6ed754cf,1603
190,1,4,17,9,8,172,TRAINING,2,13,1,2,47250136,7ed654cf,1405
190,1,4,17,9,8,173,TRAINING,4,7,1,0,40257136,75d6e4cf,1380
190,1,4,17,9,8,174,TRAINING,7,14,1,4,40257316,75d6ec4f,1568
190,1,4,17,9,8,175,TRAINING,0,5,1,1,40217356,75d4ec6f,1515
190,1,4,17,9,8,176,TRAINING,4,7,1,6,50217346,65d4ec7f,1561
190,1,4,17,9,8,177,TRAINING,3,12,0,5,50267341,65dfec74,1528
190,1,4,17,9,8,178,TRAINING,7,14,1,4,50217346,65d4ec7f,1561
190,1,4,17,9,8,179,TRAINING,6,15,0,7,40217356,75d4ec6f,1381
190,1,4,17,9,8,180,TRAINING,1,4,0,3,40517326,7564ecdf,1530
190,1,4,17,9,8,181,TRAINING,3,12,0,2,40317526,75c4e6df,1458
190,1,4,17,9,8,182,TRAINING,0,5,1,1,70314526,e5c476df,1397
190,1,4,17,9,8,183,TRAINING,5,6,0,5,70312546,e5c4d67f,1395
190,1,4,17,9,8,184,TRAINING,1,4,0,3,60312547,f5c4d67e,1446
190,1,4,17,9,8,185,TEST,0,5,1,1,true,693
190,1,4,17,9,8,186,TEST,4,7,1,1,true,154
190,1,4,17,9,8,187,TEST,7,14,1,1,true,710
190,1,4,17,9,8,188,TEST,3,12,0,0,true,281
190,1,4,17,9,8,189,TEST,2,13,1,0,false,443
190,1,4,17,9,8,190,TEST,1,4,0,1,false,434
190,1,4,17,9,8,191,TEST,5,6,0,0,true,532
190,1,4,17,9,8,192,TEST,6,15,0,0,true,515
190,1,4,17,9,9,193,TRAINING,7,14,1,3,61275340,f4de6c75,966
190,1,4,17,9,9,194,TRAINING,5,6,0,4,64275310,f7de6c45,1311
190,1,4,17,9,9,195,TRAINING,6,15,0,0,64275130,f7de64c5,1422
190,1,4,17,9,9,196,TRAINING,2,13,1,2,64275103,f7de645c,2130
190,1,4,17,9,9,197,TRAINING,4,7,1,1,64205173,f7d564ec,1365
190,1,4,17,9,9,198,TRAINING,7,14,1,3,64275103,f7de645c,1457
190,1,4,17,9,9,199,TRAINING,4,7,1,1,64075123,f75e64dc,1513
190,1,4,17,9,9,200,TRAINING,1,4,0,5,64375120,f7ce64d5,1461
190,1,4,17,9,9,201,TRAINING,0,5,1,7,64275130,f7de64c5,1449
190,1,4,17,9,9,202,TRAINING,3,12,0,2,64375120,f7ce64d5,1381
190,1,4,17,9,9,203,TRAINING,3,12,0,2,64357120,f7c6e4d5,1443
190,1,4,17,9,9,204,TRAINING,1,4,0,5,64327150,f7cde465,1641
190,1,4,17,9,9,205,TRAINING,2,13,1,3,04327156,57cde46f,1301
190,1,4,17,9,9,206,TRAINING,6,15,0,1,06327154,5fcde467,1374
190,1,4,17,9,9,207,TRAINING,0,5,1,0,06324157,5fcd746e,1520
190,1,4,17,9,9,208,TRAINING,5,6,0,6,06374152,5fce746d,1397
190,1,4,17,9,9,209,TEST,0,5,1,0,false,785
190,1,4,17,9,9,210,TEST,6,15,0,0,true,383
190,1,4,17,9,9,211,TEST,2,13,1,0,false,1075
190,1,4,17,9,9,212,TEST,4,7,1,0,false,2051
190,1,4,17,9,9,213,TEST,3,12,0,0,true,384
190,1,4,17,9,9,214,TEST,5,6,0,1,false,1155
190,1,4,17,9,9,215,TEST,7,14,1,0,false,655
190,1,4,17,9,9,216,TEST,1,4,0,0,true,959
190,1,4,17,9,10,217,TRAINING,6,15,0,5,24571630,d76e4fc5,955
190,1,4,17,9,10,218,TRAINING,7,14,1,1,27541630,de674fc5,1342
190,1,4,17,9,10,219,TRAINING,5,6,0,0,57241630,6ed74fc5,1688
190,1,4,17,9,10,220,TRAINING,0,5,1,5,57241036,6ed745cf,2268
190,1,4,17,9,10,221,TRAINING,4,7,1,7,57261034,6edf45c7,1373
190,1,4,17,9,10,222,TRAINING,1,4,0,3,57216034,6ed4f5c7,1435
190,1,4,17,9,10,223,TRAINING,3,12,0,4,57213064,6ed4c5f7,1474
190,1,4,17,9,10,224,TRAINING,7,14,1,2,52713064,6de4c5f7,1625
190,1,4,17,9,10,225,TRAINING,6,15,0,6,52743061,6de7c5f4,1356
190,1,4,17,9,10,226,TRAINING,2,13,1,5,50743261,65e7cdf4,1849
190,1,4,17,9,10,227,TRAINING,0,5,1,3,54703261,67e5cdf4,1455
190,1,4,17,9,10,228,TRAINING,1,4,0,7,54603271,67f5cde4,1380
190,1,4,17,9,10,229,TRAINING,4,7,1,6,57603241,6ef5cd74,1187
190,1,4,17,9,10,230,TRAINING,2,13,1,5,57630241,6efc5d74,1524
190,1,4,17,9,10,231,TRAINING,3,12,0,3,57631240,6efc4d75,1590
190,1,4,17,9,10,232,TRAINING,5,6,0,0,57031246,6e5c4d7f,1450
190,1,4,17,9,10,233,TEST,7,14,1,0,false,6766
190,1,4,17,9,10,234,TEST,4,7,1,0,false,6656
190,1,4,17,9,10,235,TEST,3,12,0,0,true,655
190,1,4,17,9,10,236,TEST,6,15,0,1,false,451
190,1,4,17,9,10,237,TEST,0,5,1,0,false,592
190,1,4,17,9,10,238,TEST,1,4,0,0,true,578
190,1,4,17,9,10,239,TEST,2,13,1,1,true,625
190,1,4,17,9,10,240,TEST,5,6,0,0,true,882
190,1,4,17,9,11,241,TRAINING,7,14,1,1,07165234,5e4f6dc7,890
190,1,4,17,9,11,242,TRAINING,1,4,0,2,37165204,ce4f6d57,1309
190,1,4,17,9,11,243,TRAINING,2,13,1,0,27165304,de4f6c57,1366
190,1,4,17,9,11,244,TRAINING,6,15,0,5,27135604,de4c6f57,1263
190,1,4,17,9,11,245,TRAINING,0,5,1,6,21735604,d4ec6f57,1640
190,1,4,17,9,11,246,TRAINING,4,7,1,7,51732604,64ecdf57,1763
190,1,4,17,9,11,247,TRAINING,4,7,1,7,57132604,6e4cdf57,1420
190,1,4,17,9,11,248,TRAINING,5,6,0,0,57162304,6e4fdc57,1560
190,1,4,17,9,11,249,TRAINING,7,14,1,1,57160324,6e4f5cd7,1387
190,1,4,17,9,11,250,TRAINING,1,4,0,4,57061324,6e5f4cd7,1537
190,1,4,17,9,11,251,TRAINING,5,6,0,7,47061325,7e5f4cd6,1389
190,1,4,17,9,11,252,TRAINING,6,15,0,1,46071325,7f5e4cd6,1443
190,1,4,17,9,11,253,TRAINING,0,5,1,2,46017325,7f54ecd6,1412
190,1,4,17,9,11,254,TRAINING,2,13,1,7,46017352,7f54ec6d,1326
190,1,4,17,9,11,255,TRAINING,3,12,0,6,46017532,7f54e6cd,1242
190,1,4,17,9,11,256,TRAINING,3,12,0,6,46517032,7f64e5cd,1607
190,1,4,17,9,11,257,TEST,7,14,1,0,false,622
190,1,4,17,9,11,258,TEST,2,13,1,1,true,538
190,1,4,17,9,11,259,TEST,1,4,0,0,true,851
190,1,4,17,9,11,260,TEST,3,12,0,0,true,482
190,1,4,17,9,11,261,TEST,4,7,1,0,false,426
190,1,4,17,9,11,262,TEST,0,5,1,0,false,351
190,1,4,17,9,11,263,TEST,6,15,0,0,true,364
190,1,4,17,9,11,264,TEST,5,6,0,0,true,297
190,1,4,17,9,12,265,TRAINING,1,4,0,0,12703546,4de5c67f,1024
190,1,4,17,9,12,266,TRAINING,7,14,1,2,14703526,47e5c6df,1304
190,1,4,17,9,12,267,TRAINING,3,12,0,4,14703562,47e5c6fd,1458
190,1,4,17,9,12,268,TRAINING,5,6,0,7,14703265,47e5cdf6,1522
190,1,4,17,9,12,269,TRAINING,7,14,1,2,14723065,47edc5f6,1864
190,1,4,17,9,12,270,TRAINING,5,6,0,7,14723605,47edcf56,1272
190,1,4,17,9,12,271,TRAINING,2,13,1,3,14726305,47edfc56,1490
190,1,4,17,9,12,272,TRAINING,4,7,1,1,74126305,e74dfc56,1304
190,1,4,17,9,12,273,TRAINING,1,4,0,4,74621305,e7fd4c56,1645
190,1,4,17,9,12,274,TRAINING,4,7,1,1,74521306,e76d4c5f,1731
190,1,4,17,9,12,275,TRAINING,6,15,0,7,24571306,d76e4c5f,1579
190,1,4,17,9,12,276,TRAINING,0,5,1,6,14572306,476edc5f,1535
190,1,4,17,9,12,277,TRAINING,6,15,0,7,14532706,476cde5f,1366
190,1,4,17,9,12,278,TRAINING,2,13,1,4,15432706,467cde5f,1419
190,1,4,17,9,12,279,TRAINING,0,5,1,3,15402736,4675decf,1466
190,1,4,17,9,12,280,TRAINING,3,12,0,6,14502736,4765decf,1398
190,1,4,17,9,12,281,TEST,2,13,1,0,false,511
190,1,4,17,9,12,282,TEST,6,15,0,0,true,297
190,1,4,17,9,12,283,TEST,3,12,0,0,true,460
190,1,4,17,9,12,284,TEST,4,7,1,0,false,562
190,1,4,17,9,12,285,TEST,5,6,0,1,false,2778
190,1,4,17,9,12,286,TEST,0,5,1,0,false,515
190,1,4,17,9,12,287,TEST,1,4,0,0,true,375
190,1,4,17,9,12,288,TEST,7,14,1,0,false,499
190,1,4,17,9,13,289,TRAINING,3,12,0,4,47513026,7e64c5df,894
190,1,4,17,9,13,290,TRAINING,0,5,1,3,47503126,7e65c4df,1178
190,1,4,17,9,13,291,TRAINING,6,15,0,7,17503426,4e65c7df,1755
190,1,4,17,9,13,292,TRAINING,1,4,0,5,47503126,7e65c4df,1163
190,1,4,17,9,13,293,TRAINING,7,14,1,6,42503176,7d65c4ef,1194
190,1,4,17,9,13,294,TRAINING,4,7,1,0,42506173,7d65f4ec,1693
190,1,4,17,9,13,295,TRAINING,1,4,0,5,46502173,7f65d4ec,1318
190,1,4,17,9,13,296,TRAINING,2,13,1,4,43502176,7c65d4ef,1882
190,1,4,17,9,13,297,TRAINING,0,5,1,0,03542176,5c67d4ef,1536
190,1,4,17,9,13,298,TRAINING,5,6,0,6,03742156,5ce7d46f,1514
190,1,4,17,9,13,299,TRAINING,3,12,0,1,03472156,5c7ed46f,1507
190,1,4,17,9,13,300,TRAINING,4,7,1,2,03471256,5c7e4d6f,1529
190,1,4,17,9,13,301,TRAINING,5,6,0,6,73401256,ec754d6f,1529
190,1,4,17,9,13,302,TRAINING,7,14,1,1,37401256,ce754d6f,2227
190,1,4,17,9,13,303,TRAINING,6,15,0,7,37402156,ce75d46f,1310
190,1,4,17,9,13,304,TRAINING,2,13,1,4,37102456,ce45d76f,1466
190,1,4,17,9,13,305,TEST,2,13,1,0,false,1054
190,1,4,17,9,13,306,TEST,4,7,1,0,false,926
190,1,4,17,9,13,307,TEST,6,15,0,0,true,1946
190,1,4,17,9,13,308,TEST,7,14,1,0,false,669
190,1,4,17,9,13,309,TEST,0,5,1,1,true,553
190,1,4,17,9,13,310,TEST,5,6,0,0,true,359
190,1,4,17,9,13,311,TEST,3,12,0,0,true,413
190,1,4,17,9,13,312,TEST,1,4,0,0,true,688
190,1,4,17,9,14,313,TRAINING,0,5,1,3,46105273,7f456dec,1031
190,1,4,17,9,14,314,TRAINING,1,4,0,0,16405273,4f756dec,1343
190,1,4,17,9,14,315,TRAINING,4,7,1,6,16705243,4fe56d7c,1333
190,1,4,17,9,14,316,TRAINING,7,14,1,7,16305247,4fc56d7e,1318
190,1,4,17,9,14,317,TRAINING,3,12,0,5,16205347,4fd56c7e,1531
190,1,4,17,9,14,318,TRAINING,5,6,0,2,16502347,4f65dc7e,1276
190,1,4,17,9,14,319,TRAINING,2,13,1,4,10562347,456fdc7e,1513
190,1,4,17,9,14,320,TRAINING,3,12,0,0,30562147,c56fd47e,1390
190,1,4,17,9,14,321,TRAINING,6,15,0,3,30562741,c56fde74,1411
190,1,4,17,9,14,322,TRAINING,0,5,1,1,30162745,c54fde76,1535
190,1,4,17,9,14,323,TRAINING,5,6,0,7,30261745,c5df4e76,1467
190,1,4,17,9,14,324,TRAINING,2,13,1,2,30261475,c5df47e6,1280
190,1,4,17,9,14,325,TRAINING,6,15,0,3,03261475,5cdf47e6,1441
190,1,4,17,9,14,326,TRAINING,4,7,1,5,01263475,54dfc7e6,1365
190,1,4,17,9,14,327,TRAINING,1,4,0,1,01362475,54cfd7e6,1568
190,1,4,17,9,14,328,TRAINING,7,14,1,0,71362405,e4cfd756,1537
190,1,4,17,9,14,329,TEST,2,13,1,0,false,856
190,1,4,17,9,14,330,TEST,0,5,1,1,true,1008
190,1,4,17,9,14,331,TEST,7,14,1,0,false,873
190,1,4,17,9,14,332,TEST,5,6,0,0,true,451
190,1,4,17,9,14,333,TEST,1,4,0,0,true,438
190,1,4,17,9,14,334,TEST,4,7,1,1,true,617
190,1,4,17,9,14,335,TEST,3,12,0,1,false,715
190,1,4,17,9,14,336,TEST,6,15,0,1,false,561
190,1,4,17,9,15,337,TRAINING,0,5,1,6,75123406,e64dc75f,1078
190,1,4,17,9,15,338,TRAINING,5,6,0,1,75124306,e64d7c5f,1693
190,1,4,17,9,15,339,TRAINING,1,4,0,4,75421306,e67d4c5f,1654
190,1,4,17,9,15,340,TRAINING,4,7,1,2,75421603,e67d4f5c,1457
190,1,4,17,9,15,341,TRAINING,3,12,0,0,35421607,c67d4f5e,1459
190,1,4,17,9,15,342,TRAINING,3,12,0,0,35412607,c674df5e,1552
190,1,4,17,9,15,343,TRAINING,1,4,0,3,35712604,c6e4df57,1312
190,1,4,17,9,15,344,TRAINING,0,5,1,2,35012674,c654dfe7,1182
190,1,4,17,9,15,345,TRAINING,4,7,1,7,35017624,c654efd7,1305
190,1,4,17,9,15,346,TRAINING,5,6,0,1,25017634,d654efc7,1715
190,1,4,17,9,15,347,TRAINING,7,14,1,4,25107634,d645efc7,1592
190,1,4,17,9,15,348,TRAINING,6,15,0,5,25107643,d645ef7c,1537
190,1,4,17,9,15,349,TRAINING,2,13,1,0,25147603,d647ef5c,1623
190,1,4,17,9,15,350,TRAINING,2,13,1,0,21547603,d467ef5c,1749
190,1,4,17,9,15,351,TRAINING,6,15,0,5,27541603,de674f5c,1334
190,1,4,17,9,15,352,TRAINING,7,14,1,4,21547603,d467ef5c,1327
190,1,4,17,9,15,353,TEST,1,4,0,1,false,685
190,1,4,17,9,15,354,TEST,3,12,0,1,false,524
190,1,4,17,9,15,355,TEST,2,13,1,1,true,1195
190,1,4,17,9,15,356,TEST,4,7,1,1,true,765
190,1,4,17,9,15,357,TEST,6,15,0,1,false,748
190,1,4,17,9,15,358,TEST,7,14,1,1,true,5057
190,1,4,17,9,15,359,TEST,0,5,1,1,true,703
190,1,4,17,9,15,360,TEST,5,6,0,0,true,559
190,1,4,17,9,16,361,TRAINING,0,5,1,3,51607432,64f5e7cd,1016
190,1,4,17,9,16,362,TRAINING,6,15,0,2,52607431,6df5e7c4,1442
190,1,4,17,9,16,363,TRAINING,0,5,1,3,52607413,6df5e74c,1678
190,1,4,17,9,16,364,TRAINING,7,14,1,4,52607431,6df5e7c4,5191
190,1,4,17,9,16,365,TRAINING,3,12,0,6,52607134,6df5e4c7,1280
190,1,4,17,9,16,366,TRAINING,3,12,0,6,54607132,67f5e4cd,1264
190,1,4,17,9,16,367,TRAINING,1,4,0,5,54706132,67e5f4cd,1387
190,1,4,17,9,16,368,TRAINING,2,13,1,7,54607132,67f5e4cd,2888
190,1,4,17,9,16,369,TRAINING,5,6,0,0,53607142,6cf5e47d,4099
190,1,4,17,9,16,370,TRAINING,4,7,1,6,57603142,6ef5c47d,1742
190,1,4,17,9,16,371,TRAINING,1,4,0,1,51603742,64f5ce7d,1356
190,1,4,17,9,16,372,TRAINING,2,13,1,7,51703642,64e5cf7d,1726
190,1,4,17,9,16,373,TRAINING,5,6,0,0,51763042,64efc57d,2045
190,1,4,17,9,16,374,TRAINING,6,15,0,3,50763142,65efc47d,1616
190,1,4,17,9,16,375,TRAINING,7,14,1,6,50463172,657fc4ed,1373
190,1,4,17,9,16,376,TRAINING,4,7,1,4,50364172,65cf74ed,1475
190,1,4,17,9,16,377,TEST,2,13,1,1,true,16066
190,1,4,17,9,16,378,TEST,3,12,0,1,false,1133
190,1,4,17,9,16,379,TEST,0,5,1,1,true,892
190,1,4,17,9,16,380,TEST,1,4,0,0,true,802
190,1,4,17,9,16,381,TEST,4,7,1,1,true,374
190,1,4,17,9,16,382,TEST,7,14,1,0,false,2638
190,1,4,17,9,16,383,TEST,6,15,0,1,false,2084
190,1,4,17,9,16,384,TEST,5,6,0,0,true,2187
190,1,4,17,9,17,385,TRAINING,4,7,1,3,01342567,54c7d6fe,1142
190,1,4,17,9,17,386,TRAINING,7,14,1,7,01342657,54c7df6e,1958
190,1,4,17,9,17,387,TRAINING,2,13,1,5,01346257,54c7fd6e,2530
190,1,4,17,9,17,388,TRAINING,0,5,1,1,10346257,45c7fd6e,1280
190,1,4,17,9,17,389,TRAINING,5,6,0,6,70346251,e5c7fd64,1686
190,1,4,17,9,17,390,TRAINING,2,13,1,5,30746251,c5e7fd64,34904
190,1,4,17,9,17,391,TRAINING,1,4,0,3,30716254,c5e4fd67,1289
190,1,4,17,9,17,392,TRAINING,1,4,0,3,30516274,c564fde7,1700
190,1,4,17,9,17,393,TRAINING,5,6,0,2,40516273,7564fdec,1763
190,1,4,17,9,17,394,TRAINING,0,5,1,1,40516723,7564fedc,1312
190,1,4,17,9,17,395,TRAINING,6,15,0,4,40516327,7564fcde,1615
190,1,4,17,9,17,396,TRAINING,7,14,1,7,40516237,7564fdce,1934
190,1,4,17,9,17,397,TRAINING,3,12,0,6,41506237,7465fdce,1444
190,1,4,17,9,17,398,TRAINING,4,7,1,0,41526037,746df5ce,1787
190,1,4,17,9,17,399,TRAINING,6,15,0,4,40526137,756df4ce,1327
190,1,4,17,9,17,400,TRAINING,3,12,0,7,40526173,756df4ec,1413
190,1,4,17,9,17,401,TEST,5,6,0,1,false,457
190,1,4,17,9,17,402,TEST,2,13,1,1,true,499
190,1,4,17,9,17,403,TEST,4,7,1,1,true,740
190,1,4,17,9,17,404,TEST,1,4,0,0,true,664
190,1,4,17,9,17,405,TEST,0,5,1,0,false,351
190,1,4,17,9,17,406,TEST,7,14,1,1,true,325
190,1,4,17,9,17,407,TEST,3,12,0,1,false,280
190,1,4,17,9,17,408,TEST,6,15,0,1,false,342
190,1,4,17,9,18,409,TRAINING,5,6,0,5,62143570,fd47c6e5,903
190,1,4,17,9,18,410,TRAINING,0,5,1,7,67143520,fe47c6d5,1325
190,1,4,17,9,18,411,TRAINING,4,7,1,1,64173520,f74ec6d5,1242
190,1,4,17,9,18,412,TRAINING,7,14,1,6,64123570,f74dc6e5,1379
190,1,4,17,9,18,413,TRAINING,0,5,1,2,64023571,f75dc6e4,1161
190,1,4,17,9,18,414,TRAINING,3,12,0,1,63024571,fc5d76e4,1474
190,1,4,17,9,18,415,TRAINING,7,14,1,5,63024751,fc5d7e64,1415
190,1,4,17,9,18,416,TRAINING,1,4,0,0,13024756,4c5d7e6f,1307
190,1,4,17,9,18,417,TRAINING,4,7,1,4,13064752,4c5f7e6d,1584
190,1,4,17,9,18,418,TRAINING,5,6,0,1,15064732,465f7ecd,1122
190,1,4,17,9,18,419,TRAINING,2,13,1,2,15264730,46df7ec5,1140
190,1,4,17,9,18,420,TRAINING,3,12,0,6,15246730,46d7fec5,1286
190,1,4,17,9,18,421,TRAINING,2,13,1,2,15240736,46d75ecf,1321
190,1,4,17,9,18,422,TRAINING,6,15,0,0,65240731,f6d75ec4,1320
190,1,4,17,9,18,423,TRAINING,6,15,0,0,65240137,f6d754ce,1442
190,1,4,17,9,18,424,TRAINING,1,4,0,5,65740132,f6e754cd,1388
190,1,4,17,9,18,425,TEST,5,6,0,1,false,668
190,1,4,17,9,18,426,TEST,0,5,1,0,false,1138
190,1,4,17,9,18,427,TEST,4,7,1,1,true,327
190,1,4,17,9,18,428,TEST,3,12,0,1,false,336
190,1,4,17,9,18,429,TEST,7,14,1,1,true,334
190,1,4,17,9,18,430,TEST,2,13,1,1,true,273
190,1,4,17,9,18,431,TEST,6,15,0,1,false,295
190,1,4,17,9,18,432,TEST,1,4,0,1,false,632
190,1,4,17,9,19,433,TRAINING,3,12,0,5,71064352,e45f7c6d,1415
190,1,4,17,9,19,434,TRAINING,6,15,0,3,72064351,ed5f7c64,17747
190,1,4,17,9,19,435,TRAINING,6,15,0,3,75064321,e65f7cd4,1757
190,1,4,17,9,19,436,TRAINING,0,5,1,2,75064312,e65f7c4d,1349
190,1,4,17,9,19,437,TRAINING,1,4,0,6,35064712,c65f7e4d,1287
190,1,4,17,9,19,438,TRAINING,7,14,1,5,32064715,cd5f7e46,1326
190,1,4,17,9,19,439,TRAINING,4,7,1,4,32564710,cd6f7e45,148799
190,1,4,17,9,19,440,TRAINING,5,6,0,1,35264710,c6df7e45,1286
190,1,4,17,9,19,441,TRAINING,2,13,1,2,35264701,c6df7e54,1356
190,1,4,17,9,19,442,TRAINING,2,13,1,2,35204761,c6d57ef4,1428
190,1,4,17,9,19,443,TRAINING,4,7,1,4,31204765,c4d57ef6,1399
190,1,4,17,9,19,444,TRAINING,7,14,1,5,35204761,c6d57ef4,20832
190,1,4,17,9,19,445,TRAINING,1,4,0,3,35214760,c6d47ef5,1787
190,1,4,17,9,19,446,TRAINING,3,12,0,0,30214765,c5d47ef6,1428
190,1,4,17,9,19,447,TRAINING,0,5,1,1,30214756,c5d47e6f,1411
190,1,4,17,9,19,448,TRAINING,5,6,0,4,30215746,c5d46e7f,1363
190,1,4,17,9,19,449,TEST,5,6,0,0,true,1456
190,1,4,17,9,19,450,TEST,2,13,1,0,false,1519
190,1,4,17,9,19,451,TEST,7,14,1,1,true,412
190,1,4,17,9,19,452,TEST,1,4,0,0,true,515
190,1,4,17,9,19,453,TEST,0,5,1,0,false,382
190,1,4,17,9,19,454,TEST,3,12,0,0,true,132
190,1,4,17,9,19,455,TEST,4,7,1,0,false,404
190,1,4,17,9,19,456,TEST,6,15,0,0,true,792
190,1,4,17,9,INSTRUCT,postquestionnaire,9

rulestrategy:I take some notes on paper and my mind
howtoimprove:
engagement:4
difficulty:9
physicalaids:no