193,1,0,18,3,INSTRUCT,instruct1,17404
193,1,0,18,3,INSTRUCT,instructCatExample,16660
193,1,0,18,3,INSTRUCT,instructCatColor,4588
193,1,0,18,3,INSTRUCT,instructCatStripe,2022
193,1,0,18,3,INSTRUCT,instructDemoIntro,29191
193,1,0,18,3,INSTRUCT,instructDemo,19035
193,1,0,18,3,INSTRUCT,instructTest,32978
193,1,0,18,3,INSTRUCT,instructTest2,43277
193,1,0,18,3,INSTRUCT,instructDimColor,25538
193,1,0,18,3,INSTRUCT,instructDimBorder,9559
193,1,0,18,3,INSTRUCT,instructDimDots,11031
193,1,0,18,3,INSTRUCT,instructDimStripe,17905
193,1,0,18,3,INSTRUCT,instructDimAll,33191
193,1,0,18,3,INSTRUCT,instructFinal,43556
193,1,0,18,3,1,1,TRAINING,7,8,1,2,50764132,c589d401,4314
193,1,0,18,3,1,2,TRAINING,3,0,1,6,40765132,d589c401,5578
193,1,0,18,3,1,3,TRAINING,6,9,0,3,50764132,c589d401,4203
193,1,0,18,3,1,4,TRAINING,5,12,1,0,50761432,c5894d01,4796
193,1,0,18,3,1,5,TRAINING,0,5,0,2,57061432,c8594d01,3201
193,1,0,18,3,1,6,TRAINING,0,5,0,2,51067432,c4598d01,3267
193,1,0,18,3,1,7,TRAINING,1,4,1,4,57061432,c8594d01,2716
193,1,0,18,3,1,8,TRAINING,4,13,0,5,37061452,08594dc1,2538
193,1,0,18,3,1,9,TRAINING,7,8,1,7,32061457,01594dc8,2545
193,1,0,18,3,1,10,TRAINING,1,4,1,4,52061437,c1594d08,2426
193,1,0,18,3,1,11,TRAINING,2,1,0,1,52361407,c1094d58,3847
193,1,0,18,3,1,12,TRAINING,2,1,0,1,42361507,d1094c58,2050
193,1,0,18,3,1,13,TRAINING,6,9,0,3,42361570,d1094c85,1738
193,1,0,18,3,1,14,TRAINING,3,0,1,2,42361750,d10948c5,1683
193,1,0,18,3,1,15,TRAINING,4,13,0,0,41362750,d40918c5,1923
193,1,0,18,3,1,16,TRAINING,5,12,1,6,41302756,d40518c9,2203
193,1,0,18,3,1,17,TEST,3,0,1,0,false,4266
193,1,0,18,3,1,18,TEST,5,12,1,1,true,1923
193,1,0,18,3,1,19,TEST,2,1,0,1,false,2123
193,1,0,18,3,1,20,TEST,6,9,0,1,false,1989
193,1,0,18,3,1,21,TEST,1,4,1,0,false,866
193,1,0,18,3,1,22,TEST,7,8,1,0,false,1242
193,1,0,18,3,1,23,TEST,4,13,0,1,false,692
193,1,0,18,3,1,24,TEST,0,5,0,1,false,683
193,1,0,18,3,2,25,TRAINING,0,5,0,3,41502367,d4c51098,1586
193,1,0,18,3,2,26,TRAINING,3,0,1,5,41205367,d415c098,2323
193,1,0,18,3,2,27,TRAINING,6,9,0,2,41605327,d495c018,1810
193,1,0,18,3,2,28,TRAINING,2,1,0,6,14605327,4d95c018,1700
193,1,0,18,3,2,29,TRAINING,2,1,0,6,13605427,4095cd18,1599
193,1,0,18,3,2,30,TRAINING,4,13,0,5,17605423,4895cd10,1716
193,1,0,18,3,2,31,TRAINING,3,0,1,0,37605421,0895cd14,2811
193,1,0,18,3,2,32,TRAINING,0,5,0,7,37615420,0894cd15,1930
193,1,0,18,3,2,33,TRAINING,5,12,1,4,34615720,0d94c815,1520
193,1,0,18,3,2,34,TRAINING,1,4,1,5,34675120,0d98c415,1997
193,1,0,18,3,2,35,TRAINING,5,12,1,4,36475120,09d8c415,1698
193,1,0,18,3,2,36,TRAINING,7,8,1,3,36075124,0958c41d,1539
193,1,0,18,3,2,37,TRAINING,7,8,1,3,26075134,1958c40d,1666
193,1,0,18,3,2,38,TRAINING,1,4,1,0,16075234,4958c10d,1428
193,1,0,18,3,2,39,TRAINING,6,9,0,1,16075243,4958c1d0,1530
193,1,0,18,3,2,40,TRAINING,4,13,0,5,16075423,4958cd10,1562
193,1,0,18,3,2,41,TEST,2,1,0,0,true,1762
193,1,0,18,3,2,42,TEST,3,0,1,1,true,714
193,1,0,18,3,2,43,TEST,0,5,0,0,true,763
193,1,0,18,3,2,44,TEST,1,4,1,1,true,586
193,1,0,18,3,2,45,TEST,6,9,0,0,true,843
193,1,0,18,3,2,46,TEST,7,8,1,1,true,900
193,1,0,18,3,2,47,TEST,5,12,1,1,true,634
193,1,0,18,3,2,48,TEST,4,13,0,0,true,874
193,1,0,18,3,3,49,TRAINING,4,13,0,5,60753421,958c0d14,2797
193,1,0,18,3,3,50,TRAINING,1,4,1,7,30756421,058c9d14,1834
193,1,0,18,3,3,51,TRAINING,1,4,1,7,30256471,051c9d84,1531
193,1,0,18,3,3,52,TRAINING,6,9,0,4,34256071,0d1c9584,1762
193,1,0,18,3,3,53,TRAINING,0,5,0,0,04256371,5d1c9084,1499
193,1,0,18,3,3,54,TRAINING,3,0,1,6,04256731,5d1c9804,1642
193,1,0,18,3,3,55,TRAINING,0,5,0,0,05246731,5c1d9804,1970
193,1,0,18,3,3,56,TRAINING,2,1,0,2,05241736,5c1d4809,2164
193,1,0,18,3,3,57,TRAINING,5,12,1,1,05241763,5c1d4890,2132
193,1,0,18,3,3,58,TRAINING,2,1,0,2,65241703,9c1d4850,1617
193,1,0,18,3,3,59,TRAINING,4,13,0,4,65214703,9c14d850,1563
193,1,0,18,3,3,60,TRAINING,7,8,1,1,67214503,9814dc50,1444
193,1,0,18,3,3,61,TRAINING,7,8,1,1,37214506,0814dc59,1960
193,1,0,18,3,3,62,TRAINING,6,9,0,7,37214056,0814d5c9,1627
193,1,0,18,3,3,63,TRAINING,3,0,1,0,37124056,0841d5c9,2396
193,1,0,18,3,3,64,TRAINING,5,12,1,4,37125046,0841c5d9,3026
193,1,0,18,3,3,65,TEST,3,0,1,1,true,1108
193,1,0,18,3,3,66,TEST,7,8,1,1,true,649
193,1,0,18,3,3,67,TEST,0,5,0,0,true,609
193,1,0,18,3,3,68,TEST,5,12,1,1,true,569
193,1,0,18,3,3,69,TEST,4,13,0,0,true,578
193,1,0,18,3,3,70,TEST,6,9,0,0,true,468
193,1,0,18,3,3,71,TEST,1,4,1,1,true,491
193,1,0,18,3,3,72,TEST,2,1,0,0,true,643
193,1,0,18,3,INSTRUCT,postquestionnaire,4

rulestrategy:I watched the outline of the boxes and chose all the yellow outlines boxes are A, and the white outlined boxes are B.
howtoimprove:No. :)
engagement:10
difficulty:0
physicalaids:no