198,0,5,18,7,INSTRUCT,instruct1,151029
198,0,5,18,7,INSTRUCT,instructCatExample,8704
198,0,5,18,7,INSTRUCT,instructCatColor,2407
198,0,5,18,7,INSTRUCT,instructCatStripe,6249
198,0,5,18,7,INSTRUCT,instructDemoIntro,29660
198,0,5,18,7,INSTRUCT,instructDemo,341602
198,0,5,18,7,INSTRUCT,instructTest,23769
198,0,5,18,7,INSTRUCT,instructTest2,313290
198,0,5,18,7,INSTRUCT,instructDimColor,13794
198,0,5,18,7,INSTRUCT,instructDimBorder,3129
198,0,5,18,7,INSTRUCT,instructDimDots,2521
198,0,5,18,7,INSTRUCT,instructDimStripe,6978
198,0,5,18,7,INSTRUCT,instructDimAll,11399
198,0,5,18,7,INSTRUCT,instructFinal,27069
198,0,5,18,7,1,1,TRAINING,4,5,0,0,41375620,5c80419d,8049
198,0,5,18,7,1,2,TRAINING,5,4,1,7,41370625,5c80d194,3973
198,0,5,18,7,1,3,TRAINING,3,8,1,2,41320675,5c89d104,34090
198,0,5,18,7,1,4,TRAINING,2,9,0,3,40321675,5d89c104,988
198,0,5,18,7,1,5,TRAINING,7,0,0,6,40321576,5d89c401,5361
198,0,5,18,7,1,6,TRAINING,6,1,1,4,40326571,5d89140c,1203
198,0,5,18,7,1,7,TRAINING,4,5,0,0,41326570,5c89140d,5497
198,0,5,18,7,1,8,TRAINING,5,4,1,5,40326571,5d89140c,946
198,0,5,18,7,1,9,TRAINING,4,5,0,0,40376521,5d80149c,1134
198,0,5,18,7,1,10,TRAINING,1,12,0,7,43076521,58d0149c,17532
198,0,5,18,7,1,11,TRAINING,3,8,1,2,40376521,5d80149c,1093
198,0,5,18,7,1,12,TRAINING,0,13,1,6,42376501,598014dc,2833
198,0,5,18,7,1,13,TRAINING,2,9,0,1,52376401,498015dc,1022
198,0,5,18,7,1,14,TRAINING,6,1,1,4,52476301,495018dc,7230
198,0,5,18,7,1,15,TRAINING,7,0,0,3,52476031,49501d8c,4015
198,0,5,18,7,1,16,TRAINING,3,8,1,1,53476021,48501d9c,3524
198,0,5,18,7,1,17,TEST,2,9,0,1,false,1981
198,0,5,18,7,1,18,TEST,6,1,1,1,true,1725
198,0,5,18,7,1,19,TEST,7,0,0,0,true,614
198,0,5,18,7,1,20,TEST,3,8,1,0,false,464
198,0,5,18,7,1,21,TEST,0,13,1,1,true,1287
198,0,5,18,7,1,22,TEST,4,5,0,1,false,443
198,0,5,18,7,1,23,TEST,1,12,0,0,true,652
198,0,5,18,7,1,24,TEST,5,4,1,0,false,501
198,0,5,18,7,2,25,TRAINING,6,1,1,2,71625304,0c1948d5,22191
198,0,5,18,7,2,26,TRAINING,2,9,0,3,17625304,c01948d5,1175
198,0,5,18,7,2,27,TRAINING,3,8,1,5,07625314,d01948c5,4501
198,0,5,18,7,2,28,TRAINING,7,0,0,1,07526314,d04918c5,1392
198,0,5,18,7,2,29,TRAINING,4,5,0,7,57026314,40d918c5,13232
198,0,5,18,7,2,30,TRAINING,5,4,1,3,27056314,90d418c5,1326
198,0,5,18,7,2,31,TRAINING,7,0,0,1,27053614,90d481c5,3489
198,0,5,18,7,2,32,TRAINING,3,8,1,4,27053416,90d485c1,993
198,0,5,18,7,2,33,TRAINING,6,1,1,0,67053412,10d485c9,10857
198,0,5,18,7,2,34,TRAINING,2,9,0,6,67053421,10d4859c,955
198,0,5,18,7,2,35,TRAINING,1,12,0,4,67051423,10d4c598,7346
198,0,5,18,7,2,36,TRAINING,3,8,1,5,67051324,10d4c895,1249
198,0,5,18,7,2,37,TRAINING,4,5,0,6,67051342,10d4c859,1695
198,0,5,18,7,2,38,TRAINING,5,4,1,3,27051346,90d4c851,1619
198,0,5,18,7,2,39,TRAINING,2,9,0,5,37051246,80d4c951,1893
198,0,5,18,7,2,40,TRAINING,0,13,1,2,31057246,8cd40951,1564
198,0,5,18,7,2,41,TEST,2,9,0,0,true,2010
198,0,5,18,7,2,42,TEST,7,0,0,1,false,1022
198,0,5,18,7,2,43,TEST,4,5,0,1,false,738
198,0,5,18,7,2,44,TEST,6,1,1,1,true,595
198,0,5,18,7,2,45,TEST,5,4,1,1,true,718
198,0,5,18,7,2,46,TEST,1,12,0,0,true,549
198,0,5,18,7,2,47,TEST,3,8,1,0,false,461
198,0,5,18,7,2,48,TEST,0,13,1,0,false,517
198,0,5,18,7,3,49,TRAINING,5,4,1,0,56031742,41d8c059,5720
198,0,5,18,7,3,50,TRAINING,4,5,0,2,56431702,4158c0d9,1031
198,0,5,18,7,3,51,TRAINING,3,8,1,3,56431720,4158c09d,4208
198,0,5,18,7,3,52,TRAINING,6,1,1,1,56430721,4158d09c,1742
198,0,5,18,7,3,53,TRAINING,2,9,0,6,46530721,5148d09c,2376
198,0,5,18,7,3,54,TRAINING,0,13,1,3,46503721,514d809c,1269
198,0,5,18,7,3,55,TRAINING,1,12,0,7,46305721,518d409c,1884
198,0,5,18,7,3,56,TRAINING,4,5,0,0,46307521,518d049c,5450
198,0,5,18,7,3,57,TRAINING,5,4,1,1,45307621,548d019c,1070
198,0,5,18,7,3,58,TRAINING,7,0,0,4,45307126,548d0c91,6938
198,0,5,18,7,3,59,TRAINING,6,1,1,7,05347126,d4850c91,973
198,0,5,18,7,3,60,TRAINING,0,13,1,2,35047126,84d50c91,6682
198,0,5,18,7,3,61,TRAINING,1,12,0,5,34057126,85d40c91,975
198,0,5,18,7,3,62,TRAINING,5,4,1,3,34052176,85d49c01,3764
198,0,5,18,7,3,63,TRAINING,4,5,0,1,24053176,95d48c01,1432
198,0,5,18,7,3,64,TRAINING,7,0,0,6,04253176,d5948c01,1781
198,0,5,18,7,3,65,TEST,4,5,0,1,false,1509
198,0,5,18,7,3,66,TEST,3,8,1,0,false,539
198,0,5,18,7,3,67,TEST,7,0,0,0,true,407
198,0,5,18,7,3,68,TEST,6,1,1,1,true,417
198,0,5,18,7,3,69,TEST,5,4,1,0,false,901
198,0,5,18,7,3,70,TEST,2,9,0,1,false,540
198,0,5,18,7,3,71,TEST,0,13,1,1,true,420
198,0,5,18,7,3,72,TEST,1,12,0,0,true,718
198,0,5,18,7,4,73,TRAINING,5,4,1,0,52376410,498015cd,5288
198,0,5,18,7,4,74,TRAINING,7,0,0,3,52376140,49801c5d,926
198,0,5,18,7,4,75,TRAINING,3,8,1,2,54376120,45801c9d,3563
198,0,5,18,7,4,76,TRAINING,1,12,0,5,54370126,4580dc91,6292
198,0,5,18,7,4,77,TRAINING,3,8,1,2,04375126,d5804c91,2151
198,0,5,18,7,4,78,TRAINING,5,4,1,0,54370126,4580dc91,2293
198,0,5,18,7,4,79,TRAINING,4,5,0,5,51370426,4c80d591,1288
198,0,5,18,7,4,80,TRAINING,2,9,0,4,51372406,4c8095d1,1477
198,0,5,18,7,4,81,TRAINING,0,13,1,2,51072436,4cd09581,976
198,0,5,18,7,4,82,TRAINING,1,12,0,1,51072634,4cd09185,1839
198,0,5,18,7,4,83,TRAINING,3,8,1,4,51073624,4cd08195,1309
198,0,5,18,7,4,84,TRAINING,5,4,1,6,21073654,9cd08145,3052
198,0,5,18,7,4,85,TRAINING,0,13,1,2,12073654,c9d08145,1821
198,0,5,18,7,4,86,TRAINING,4,5,0,7,62073154,19d08c45,1050
198,0,5,18,7,4,87,TRAINING,5,4,1,1,65073124,14d08c95,1325
198,0,5,18,7,4,88,TRAINING,6,1,1,0,65072134,14d09c85,2908
198,0,5,18,7,4,89,TEST,4,5,0,1,false,1794
198,0,5,18,7,4,90,TEST,5,4,1,1,true,396
198,0,5,18,7,4,91,TEST,3,8,1,0,false,500
198,0,5,18,7,4,92,TEST,6,1,1,0,false,598
198,0,5,18,7,4,93,TEST,7,0,0,0,true,396
198,0,5,18,7,4,94,TEST,1,12,0,1,false,398
198,0,5,18,7,4,95,TEST,0,13,1,1,true,409
198,0,5,18,7,4,96,TEST,2,9,0,0,true,416
198,0,5,18,7,5,97,TRAINING,5,4,1,0,56214073,419c5d08,1652
198,0,5,18,7,5,98,TRAINING,0,13,1,5,56241073,4195cd08,1375
198,0,5,18,7,5,99,TRAINING,1,12,0,7,56243071,41958d0c,1328
198,0,5,18,7,5,100,TRAINING,4,5,0,1,54263071,45918d0c,1185
198,0,5,18,7,5,101,TRAINING,3,8,1,0,34265071,85914d0c,1336
198,0,5,18,7,5,102,TRAINING,2,9,0,2,34265170,85914c0d,1212
198,0,5,18,7,5,103,TRAINING,7,0,0,3,34275160,85904c1d,1023
198,0,5,18,7,5,104,TRAINING,6,1,1,6,54273160,45908c1d,2125
198,0,5,18,7,5,105,TRAINING,7,0,0,3,53274160,48905c1d,1687
198,0,5,18,7,5,106,TRAINING,5,4,1,5,13274560,c890541d,3300
198,0,5,18,7,5,107,TRAINING,0,13,1,7,23174560,98c0541d,1185
198,0,5,18,7,5,108,TRAINING,4,5,0,3,23147560,98c5041d,1498
198,0,5,18,7,5,109,TRAINING,5,4,1,1,25147360,94c5081d,947
198,0,5,18,7,5,110,TRAINING,7,0,0,0,75142360,04c5981d,2419
198,0,5,18,7,5,111,TRAINING,2,9,0,7,75140362,04c5d819,1384
198,0,5,18,7,5,112,TRAINING,7,0,0,0,71540362,0c45d819,1422
198,0,5,18,7,5,113,TEST,2,9,0,1,false,1293
198,0,5,18,7,5,114,TEST,0,13,1,0,false,579
198,0,5,18,7,5,115,TEST,1,12,0,0,true,426
198,0,5,18,7,5,116,TEST,6,1,1,1,true,427
198,0,5,18,7,5,117,TEST,7,0,0,1,false,417
198,0,5,18,7,5,118,TEST,3,8,1,1,true,512
198,0,5,18,7,5,119,TEST,4,5,0,0,true,446
198,0,5,18,7,5,120,TEST,5,4,1,0,false,551
198,0,5,18,7,6,121,TRAINING,6,1,1,1,26401735,915dc084,845
198,0,5,18,7,6,122,TRAINING,2,9,0,0,26501734,914dc085,1755
198,0,5,18,7,6,123,TRAINING,3,8,1,6,26510734,914cd085,2369
198,0,5,18,7,6,124,TRAINING,7,0,0,5,26501734,914dc085,986
198,0,5,18,7,6,125,TRAINING,5,4,1,2,26504731,914d508c,2285
198,0,5,18,7,6,126,TRAINING,0,13,1,0,06524731,d149508c,1081
198,0,5,18,7,6,127,TRAINING,7,0,0,3,06574231,d140598c,1365
198,0,5,18,7,6,128,TRAINING,4,5,0,1,04576231,d540198c,1184
198,0,5,18,7,6,129,TRAINING,1,12,0,2,04176235,d5c01984,955
198,0,5,18,7,6,130,TRAINING,5,4,1,7,04176325,d5c01894,1025
198,0,5,18,7,6,131,TRAINING,6,1,1,4,04176235,d5c01984,1604
198,0,5,18,7,6,132,TRAINING,2,9,0,0,24176035,95c01d84,1024
198,0,5,18,7,6,133,TRAINING,3,8,1,6,21476035,9c501d84,3049
198,0,5,18,7,6,134,TRAINING,5,4,1,5,21476530,9c50148d,1571
198,0,5,18,7,6,135,TRAINING,2,9,0,7,01476532,dc501489,1195
198,0,5,18,7,6,136,TRAINING,7,0,0,3,41076532,5cd01489,3910
198,0,5,18,7,6,137,TEST,4,5,0,1,false,961
198,0,5,18,7,6,138,TEST,5,4,1,0,false,540
198,0,5,18,7,6,139,TEST,7,0,0,0,true,417
198,0,5,18,7,6,140,TEST,0,13,1,1,true,399
198,0,5,18,7,6,141,TEST,2,9,0,1,false,331
198,0,5,18,7,6,142,TEST,1,12,0,0,true,464
198,0,5,18,7,6,143,TEST,3,8,1,0,false,371
198,0,5,18,7,6,144,TEST,6,1,1,1,true,749
198,0,5,18,7,7,145,TRAINING,5,4,1,1,35761420,8401c59d,1341
198,0,5,18,7,7,146,TRAINING,7,0,0,4,35167420,84c1059d,1103
198,0,5,18,7,7,147,TRAINING,4,5,0,5,35107426,84cd0591,2152
198,0,5,18,7,7,148,TRAINING,6,1,1,0,65107423,14cd0598,1526
198,0,5,18,7,7,149,TRAINING,2,9,0,3,65127403,14c905d8,1411
198,0,5,18,7,7,150,TRAINING,1,12,0,2,63127405,18c905d4,1831
198,0,5,18,7,7,151,TRAINING,5,4,1,0,53127406,48c905d1,1156
198,0,5,18,7,7,152,TRAINING,6,1,1,7,53124706,48c950d1,920
198,0,5,18,7,7,153,TRAINING,0,13,1,6,53724106,48095cd1,966
198,0,5,18,7,7,154,TRAINING,3,8,1,1,53274106,48905cd1,2068
198,0,5,18,7,7,155,TRAINING,1,12,0,5,53247106,48950cd1,2434
198,0,5,18,7,7,156,TRAINING,5,4,1,0,53427106,48590cd1,977
198,0,5,18,7,7,157,TRAINING,2,9,0,3,53027146,48d90c51,1004
198,0,5,18,7,7,158,TRAINING,6,1,1,4,53026147,48d91c50,1726
198,0,5,18,7,7,159,TRAINING,7,0,0,5,53026741,48d9105c,1138
198,0,5,18,7,7,160,TRAINING,2,9,0,1,52036741,49d8105c,1404
198,0,5,18,7,7,161,TEST,2,9,0,0,true,912
198,0,5,18,7,7,162,TEST,5,4,1,1,true,569
198,0,5,18,7,7,163,TEST,4,5,0,1,false,428
198,0,5,18,7,7,164,TEST,0,13,1,0,false,456
198,0,5,18,7,7,165,TEST,3,8,1,0,false,398
198,0,5,18,7,7,166,TEST,6,1,1,1,true,426
198,0,5,18,7,7,167,TEST,7,0,0,1,false,427
198,0,5,18,7,7,168,TEST,1,12,0,0,true,446
198,0,5,18,7,8,169,TRAINING,3,8,1,1,53142760,48c5901d,972
198,0,5,18,7,8,170,TRAINING,1,12,0,2,53147260,48c5091d,939
198,0,5,18,7,8,171,TRAINING,2,9,0,5,53140267,48c5d910,1214
198,0,5,18,7,8,172,TRAINING,0,13,1,3,53104267,48cd5910,1270
198,0,5,18,7,8,173,TRAINING,7,0,0,7,53604217,481d59c0,1214
198,0,5,18,7,8,174,TRAINING,6,1,1,2,53602417,481d95c0,920
198,0,5,18,7,8,175,TRAINING,4,5,0,5,13602457,c81d9540,1099
198,0,5,18,7,8,176,TRAINING,5,4,1,6,12603457,c91d8540,1347
198,0,5,18,7,8,177,TRAINING,1,12,0,7,72603451,091d854c,1653
198,0,5,18,7,8,178,TRAINING,0,13,1,3,73602451,081d954c,966
198,0,5,18,7,8,179,TRAINING,3,8,1,2,76302451,018d954c,1099
198,0,5,18,7,8,180,TRAINING,2,9,0,5,76304251,018d594c,986
198,0,5,18,7,8,181,TRAINING,7,0,0,0,74306251,058d194c,1328
198,0,5,18,7,8,182,TRAINING,4,5,0,1,74506231,054d198c,1851
198,0,5,18,7,8,183,TRAINING,5,4,1,7,74106235,05cd1984,1129
198,0,5,18,7,8,184,TRAINING,6,1,1,2,74601235,051dc984,1072
198,0,5,18,7,8,185,TEST,2,9,0,0,true,750
198,0,5,18,7,8,186,TEST,6,1,1,0,false,835
198,0,5,18,7,8,187,TEST,5,4,1,1,true,408
198,0,5,18,7,8,188,TEST,0,13,1,0,false,531
198,0,5,18,7,8,189,TEST,7,0,0,1,false,674
198,0,5,18,7,8,190,TEST,4,5,0,0,true,400
198,0,5,18,7,8,191,TEST,1,12,0,1,false,513
198,0,5,18,7,8,192,TEST,3,8,1,1,true,465
198,0,5,18,7,9,193,TRAINING,3,8,1,3,25037641,94d8015c,1113
198,0,5,18,7,9,194,TRAINING,1,12,0,7,05237641,d498015c,1015
198,0,5,18,7,9,195,TRAINING,0,13,1,5,65237041,14980d5c,1159
198,0,5,18,7,9,196,TRAINING,2,9,0,3,65327041,14890d5c,988
198,0,5,18,7,9,197,TRAINING,7,0,0,6,65324071,14895d0c,1366
198,0,5,18,7,9,198,TRAINING,5,4,1,1,45326071,54891d0c,1337
198,0,5,18,7,9,199,TRAINING,4,5,0,0,45321076,5489cd01,939
198,0,5,18,7,9,200,TRAINING,7,0,0,6,45621073,5419cd08,959
198,0,5,18,7,9,201,TRAINING,1,12,0,5,45620173,5419dc08,1214
198,0,5,18,7,9,202,TRAINING,0,13,1,4,42650173,5914dc08,996
198,0,5,18,7,9,203,TRAINING,2,9,0,7,43650172,5814dc09,1176
198,0,5,18,7,9,204,TRAINING,3,8,1,1,43150672,58c4d109,978
198,0,5,18,7,9,205,TRAINING,4,5,0,3,53140672,48c5d109,1195
198,0,5,18,7,9,206,TRAINING,5,4,1,7,23140675,98c5d104,1359
198,0,5,18,7,9,207,TRAINING,7,0,0,6,63140275,18c5d904,985
198,0,5,18,7,9,208,TRAINING,6,1,1,0,63104275,18cd5904,2448
198,0,5,18,7,9,209,TEST,1,12,0,0,true,780
198,0,5,18,7,9,210,TEST,6,1,1,1,true,436
198,0,5,18,7,9,211,TEST,7,0,0,0,true,645
198,0,5,18,7,9,212,TEST,4,5,0,0,true,1957
198,0,5,18,7,9,213,TEST,2,9,0,1,false,436
198,0,5,18,7,9,214,TEST,5,4,1,0,false,418
198,0,5,18,7,9,215,TEST,0,13,1,1,true,285
198,0,5,18,7,9,216,TEST,3,8,1,1,true,1781
198,0,5,18,7,10,217,TRAINING,7,0,0,0,74512036,054c9d81,3016
198,0,5,18,7,10,218,TRAINING,5,4,1,2,74516032,054c1d89,1991
198,0,5,18,7,10,219,TRAINING,4,5,0,1,74516230,054c198d,1041
198,0,5,18,7,10,220,TRAINING,1,12,0,3,74510236,054cd981,1109
198,0,5,18,7,10,221,TRAINING,7,0,0,7,64510237,154cd980,1430
198,0,5,18,7,10,222,TRAINING,3,8,1,6,60514237,1d4c5980,1879
198,0,5,18,7,10,223,TRAINING,2,9,0,5,60541237,1d45c980,1099
198,0,5,18,7,10,224,TRAINING,0,13,1,4,61540237,1c45d980,1233
198,0,5,18,7,10,225,TRAINING,3,8,1,2,61340257,1c85d940,1375
198,0,5,18,7,10,226,TRAINING,1,12,0,6,65340217,1485d9c0,1023
198,0,5,18,7,10,227,TRAINING,1,12,0,6,60345217,1d8549c0,1802
198,0,5,18,7,10,228,TRAINING,3,8,1,2,60342517,1d8594c0,1689
198,0,5,18,7,10,229,TRAINING,0,13,1,1,40362517,5d8194c0,1716
198,0,5,18,7,10,230,TRAINING,6,1,1,3,40362157,5d819c40,928
198,0,5,18,7,10,231,TRAINING,5,4,1,6,70362154,0d819c45,1043
198,0,5,18,7,10,232,TRAINING,4,5,0,0,40362157,5d819c40,1158
198,0,5,18,7,10,233,TEST,3,8,1,0,false,885
198,0,5,18,7,10,234,TEST,4,5,0,1,false,391
198,0,5,18,7,10,235,TEST,1,12,0,0,true,408
198,0,5,18,7,10,236,TEST,0,13,1,0,false,406
198,0,5,18,7,10,237,TEST,6,1,1,1,true,379
198,0,5,18,7,10,238,TEST,5,4,1,0,false,417
198,0,5,18,7,10,239,TEST,2,9,0,1,false,398
198,0,5,18,7,10,240,TEST,7,0,0,0,true,389
198,0,5,18,7,11,241,TRAINING,2,9,0,0,25460173,9451dc08,2566
198,0,5,18,7,11,242,TRAINING,6,1,1,3,25467103,94510cd8,1660
198,0,5,18,7,11,243,TRAINING,0,13,1,6,25467301,945108dc,1175
198,0,5,18,7,11,244,TRAINING,4,5,0,2,27465301,905148dc,3604
198,0,5,18,7,11,245,TRAINING,1,12,0,1,21465307,9c5148d0,1109
198,0,5,18,7,11,246,TRAINING,5,4,1,3,21456307,9c5418d0,1033
198,0,5,18,7,11,247,TRAINING,6,1,1,7,21457306,9c5408d1,1062
198,0,5,18,7,11,248,TRAINING,7,0,0,4,21357406,9c8405d1,1395
198,0,5,18,7,11,249,TRAINING,4,5,0,2,21457306,9c5408d1,1042
198,0,5,18,7,11,250,TRAINING,1,12,0,6,20457316,9d5408c1,1016
198,0,5,18,7,11,251,TRAINING,0,13,1,1,30457216,8d5409c1,1927
198,0,5,18,7,11,252,TRAINING,5,4,1,3,30657214,8d1409c5,1953
198,0,5,18,7,11,253,TRAINING,1,12,0,0,10657234,cd140985,1166
198,0,5,18,7,11,254,TRAINING,7,0,0,1,17650234,c014d985,1252
198,0,5,18,7,11,255,TRAINING,6,1,1,2,17653204,c01489d5,920
198,0,5,18,7,11,256,TRAINING,2,9,0,5,17654203,c01459d8,952
198,0,5,18,7,11,257,TEST,7,0,0,0,true,1161
198,0,5,18,7,11,258,TEST,5,4,1,0,false,599
198,0,5,18,7,11,259,TEST,0,13,1,1,true,467
198,0,5,18,7,11,260,TEST,6,1,1,0,false,627
198,0,5,18,7,11,261,TEST,3,8,1,1,true,618
198,0,5,18,7,11,262,TEST,2,9,0,0,true,285
198,0,5,18,7,11,263,TEST,4,5,0,0,true,109
198,0,5,18,7,11,264,TEST,1,12,0,1,false,360
198,0,5,18,7,12,265,TRAINING,4,5,0,0,45302176,548d9c01,2937
198,0,5,18,7,12,266,TRAINING,5,4,1,1,45362170,54819c0d,2382
198,0,5,18,7,12,267,TRAINING,1,12,0,5,45360172,5481dc09,1982
198,0,5,18,7,12,268,TRAINING,7,0,0,6,25360174,9481dc05,1508
198,0,5,18,7,12,269,TRAINING,4,5,0,7,26350174,9184dc05,2923
198,0,5,18,7,12,270,TRAINING,0,13,1,3,26305174,918d4c05,1318
198,0,5,18,7,12,271,TRAINING,5,4,1,4,16305274,c18d4905,969
198,0,5,18,7,12,272,TRAINING,2,9,0,5,46305271,518d490c,3215
198,0,5,18,7,12,273,TRAINING,0,13,1,6,46375201,518049dc,3091
198,0,5,18,7,12,274,TRAINING,6,1,1,1,46175203,51c049d8,1602
198,0,5,18,7,12,275,TRAINING,1,12,0,2,46175302,51c048d9,918
198,0,5,18,7,12,276,TRAINING,2,9,0,7,46173502,51c084d9,1110
198,0,5,18,7,12,277,TRAINING,7,0,0,3,46173052,51c08d49,1963
198,0,5,18,7,12,278,TRAINING,3,8,1,4,46573012,51408dc9,1965
198,0,5,18,7,12,279,TRAINING,4,5,0,0,46573210,514089cd,1306
198,0,5,18,7,12,280,TRAINING,6,1,1,1,46173250,51c0894d,1502
198,0,5,18,7,12,281,TEST,3,8,1,0,false,789
198,0,5,18,7,12,282,TEST,7,0,0,1,false,426
198,0,5,18,7,12,283,TEST,6,1,1,0,false,427
198,0,5,18,7,12,284,TEST,1,12,0,0,true,349
198,0,5,18,7,12,285,TEST,5,4,1,1,true,2467
198,0,5,18,7,12,286,TEST,0,13,1,0,false,721
198,0,5,18,7,12,287,TEST,2,9,0,0,true,444
198,0,5,18,7,12,288,TEST,4,5,0,1,false,416
198,0,5,18,7,13,289,TRAINING,4,5,0,0,45367102,54810cd9,2416
198,0,5,18,7,13,290,TRAINING,5,4,1,4,47365102,50814cd9,1110
198,0,5,18,7,13,291,TRAINING,3,8,1,2,47305162,508d4c19,1650
198,0,5,18,7,13,292,TRAINING,6,1,1,6,17305462,c08d4519,947
198,0,5,18,7,13,293,TRAINING,7,0,0,7,12305467,c98d4510,1060
198,0,5,18,7,13,294,TRAINING,4,5,0,3,12345067,c9854d10,1061
198,0,5,18,7,13,295,TRAINING,5,4,1,4,32145067,89c54d10,959
198,0,5,18,7,13,296,TRAINING,3,8,1,1,23145067,98c54d10,1063
198,0,5,18,7,13,297,TRAINING,2,9,0,0,23145607,98c541d0,1662
198,0,5,18,7,13,298,TRAINING,5,4,1,2,23541607,9845c1d0,1251
198,0,5,18,7,13,299,TRAINING,6,1,1,1,26541307,9145c8d0,977
198,0,5,18,7,13,300,TRAINING,0,13,1,6,26547301,914508dc,977
198,0,5,18,7,13,301,TRAINING,1,12,0,5,26547103,91450cd8,1696
198,0,5,18,7,13,302,TRAINING,1,12,0,5,23547106,98450cd1,9092
198,0,5,18,7,13,303,TRAINING,2,9,0,0,20547136,9d450c81,2172
198,0,5,18,7,13,304,TRAINING,0,13,1,4,27540136,9045dc81,1022
198,0,5,18,7,13,305,TEST,3,8,1,0,false,619
198,0,5,18,7,13,306,TEST,1,12,0,1,false,484
198,0,5,18,7,13,307,TEST,4,5,0,0,true,351
198,0,5,18,7,13,308,TEST,2,9,0,0,true,379
198,0,5,18,7,13,309,TEST,7,0,0,1,false,435
198,0,5,18,7,13,310,TEST,5,4,1,0,false,361
198,0,5,18,7,13,311,TEST,6,1,1,1,true,626
198,0,5,18,7,13,312,TEST,0,13,1,1,true,464
198,0,5,18,7,14,313,TRAINING,2,9,0,0,20517463,9d4c0518,1118
198,0,5,18,7,14,314,TRAINING,4,5,0,1,24517063,954c0d18,1403
198,0,5,18,7,14,315,TRAINING,5,4,1,2,24571063,9540cd18,1480
198,0,5,18,7,14,316,TRAINING,3,8,1,3,24531067,9548cd10,1544
198,0,5,18,7,14,317,TRAINING,7,0,0,7,24531607,9548c1d0,2132
198,0,5,18,7,14,318,TRAINING,0,13,1,6,24536107,95481cd0,1527
198,0,5,18,7,14,319,TRAINING,1,12,0,5,42536107,59481cd0,949
198,0,5,18,7,14,320,TRAINING,6,1,1,4,52436107,49581cd0,948
198,0,5,18,7,14,321,TRAINING,4,5,0,0,42536107,59481cd0,1535
198,0,5,18,7,14,322,TRAINING,7,0,0,1,47536102,50481cd9,1052
198,0,5,18,7,14,323,TRAINING,5,4,1,2,47536201,504819dc,1337
198,0,5,18,7,14,324,TRAINING,3,8,1,3,47536102,50481cd9,939
198,0,5,18,7,14,325,TRAINING,2,9,0,7,47536012,50481dc9,1035
198,0,5,18,7,14,326,TRAINING,1,12,0,6,47530612,5048d1c9,1252
198,0,5,18,7,14,327,TRAINING,6,1,1,2,47630512,5018d4c9,1357
198,0,5,18,7,14,328,TRAINING,0,13,1,5,47635012,50184dc9,929
198,0,5,18,7,14,329,TEST,4,5,0,0,true,1037
198,0,5,18,7,14,330,TEST,1,12,0,0,true,418
198,0,5,18,7,14,331,TEST,0,13,1,1,true,455
198,0,5,18,7,14,332,TEST,2,9,0,0,true,437
198,0,5,18,7,14,333,TEST,5,4,1,0,false,309
198,0,5,18,7,14,334,TEST,3,8,1,1,true,371
198,0,5,18,7,14,335,TEST,7,0,0,0,true,389
198,0,5,18,7,14,336,TEST,6,1,1,1,true,352
198,0,5,18,7,15,337,TRAINING,1,12,0,0,10354762,cd845019,1766
198,0,5,18,7,15,338,TRAINING,0,13,1,1,10357462,cd840519,940
198,0,5,18,7,15,339,TRAINING,6,1,1,2,10657432,cd140589,1756
198,0,5,18,7,15,340,TRAINING,5,4,1,3,10657234,cd140985,947
198,0,5,18,7,15,341,TRAINING,4,5,0,7,70651234,0d14c985,1395
198,0,5,18,7,15,342,TRAINING,3,8,1,1,73651204,0814c9d5,1052
198,0,5,18,7,15,343,TRAINING,2,9,0,5,63751204,1804c9d5,1605
198,0,5,18,7,15,344,TRAINING,1,12,0,4,63571204,1840c9d5,1186
198,0,5,18,7,15,345,TRAINING,6,1,1,0,65371204,1480c9d5,1366
198,0,5,18,7,15,346,TRAINING,3,8,1,1,63571204,1840c9d5,1185
198,0,5,18,7,15,347,TRAINING,5,4,1,2,63501274,184dc905,1460
198,0,5,18,7,15,348,TRAINING,0,13,1,3,63504271,184d590c,1053
198,0,5,18,7,15,349,TRAINING,7,0,0,7,63504217,184d59c0,1327
198,0,5,18,7,15,350,TRAINING,1,12,0,6,63502417,184d95c0,1732
198,0,5,18,7,15,351,TRAINING,4,5,0,0,43502617,584d91c0,1073
198,0,5,18,7,15,352,TRAINING,2,9,0,3,43520617,5849d1c0,1072
198,0,5,18,7,15,353,TEST,0,13,1,0,false,588
198,0,5,18,7,15,354,TEST,4,5,0,1,false,341
198,0,5,18,7,15,355,TEST,3,8,1,0,false,370
198,0,5,18,7,15,356,TEST,5,4,1,1,true,376
198,0,5,18,7,15,357,TEST,7,0,0,0,true,370
198,0,5,18,7,15,358,TEST,6,1,1,1,true,389
198,0,5,18,7,15,359,TEST,2,9,0,0,true,381
198,0,5,18,7,15,360,TEST,1,12,0,1,false,371
198,0,5,18,7,16,361,TRAINING,3,8,1,1,53764012,48015dc9,962
198,0,5,18,7,16,362,TRAINING,7,0,0,2,53764021,48015d9c,1300
198,0,5,18,7,16,363,TRAINING,0,13,1,5,53762041,48019d5c,1148
198,0,5,18,7,16,364,TRAINING,4,5,0,6,35762041,84019d5c,1737
198,0,5,18,7,16,365,TRAINING,3,8,1,0,35267041,84910d5c,968
198,0,5,18,7,16,366,TRAINING,6,1,1,3,32567041,89410d5c,1016
198,0,5,18,7,16,367,TRAINING,4,5,0,7,32567014,89410dc5,1186
198,0,5,18,7,16,368,TRAINING,5,4,1,4,32765014,89014dc5,1499
198,0,5,18,7,16,369,TRAINING,2,9,0,1,12765034,c9014d85,1043
198,0,5,18,7,16,370,TRAINING,7,0,0,2,12765304,c90148d5,1917
198,0,5,18,7,16,371,TRAINING,4,5,0,5,12765403,c90145d8,985
198,0,5,18,7,16,372,TRAINING,2,9,0,6,10765423,cd014598,1310
198,0,5,18,7,16,373,TRAINING,3,8,1,0,30765421,8d01459c,957
198,0,5,18,7,16,374,TRAINING,6,1,1,3,30165427,8dc14590,949
198,0,5,18,7,16,375,TRAINING,2,9,0,7,30165472,8dc14509,1413
198,0,5,18,7,16,376,TRAINING,0,13,1,4,35160472,84c1d509,1110
198,0,5,18,7,16,377,TEST,5,4,1,0,false,733
198,0,5,18,7,16,378,TEST,3,8,1,0,false,416
198,0,5,18,7,16,379,TEST,1,12,0,1,false,408
198,0,5,18,7,16,380,TEST,7,0,0,0,true,342
198,0,5,18,7,16,381,TEST,4,5,0,1,false,439
198,0,5,18,7,16,382,TEST,6,1,1,1,true,378
198,0,5,18,7,16,383,TEST,2,9,0,0,true,407
198,0,5,18,7,16,384,TEST,0,13,1,1,true,390
198,0,5,18,7,17,385,TRAINING,2,9,0,2,03254617,d89451c0,1069
198,0,5,18,7,17,386,TRAINING,3,8,1,1,03254716,d89450c1,1406
198,0,5,18,7,17,387,TRAINING,1,12,0,0,13254706,c89450d1,1091
198,0,5,18,7,17,388,TRAINING,7,0,0,5,13054726,c8d45091,1414
198,0,5,18,7,17,389,TRAINING,2,9,0,6,13654720,c814509d,931
198,0,5,18,7,17,390,TRAINING,0,13,1,7,14653720,c514809d,1005
198,0,5,18,7,17,391,TRAINING,1,12,0,4,34651720,8514c09d,1356
198,0,5,18,7,17,392,TRAINING,3,8,1,0,36451720,8154c09d,1404
198,0,5,18,7,17,393,TRAINING,4,5,0,3,36541720,8145c09d,1072
198,0,5,18,7,17,394,TRAINING,7,0,0,5,32541760,8945c01d,1376
198,0,5,18,7,17,395,TRAINING,6,1,1,6,32145760,89c5401d,1479
198,0,5,18,7,17,396,TRAINING,2,9,0,1,42135760,59c8401d,1328
198,0,5,18,7,17,397,TRAINING,1,12,0,2,32145760,89c5401d,958
198,0,5,18,7,17,398,TRAINING,0,13,1,7,72145360,09c5481d,2989
198,0,5,18,7,17,399,TRAINING,3,8,1,3,72135460,09c8451d,1253
198,0,5,18,7,17,400,TRAINING,5,4,1,4,72635410,091845cd,1679
198,0,5,18,7,17,401,TEST,5,4,1,0,false,1017
198,0,5,18,7,17,402,TEST,4,5,0,0,true,228
198,0,5,18,7,17,403,TEST,7,0,0,0,true,350
198,0,5,18,7,17,404,TEST,3,8,1,0,false,302
198,0,5,18,7,17,405,TEST,2,9,0,0,true,349
198,0,5,18,7,17,406,TEST,0,13,1,0,false,368
198,0,5,18,7,17,407,TEST,1,12,0,0,true,404
198,0,5,18,7,17,408,TEST,6,1,1,0,false,349
198,0,5,18,7,18,409,TRAINING,2,9,0,1,62573401,194085dc,1160
198,0,5,18,7,18,410,TRAINING,3,8,1,3,62537401,194805dc,1519
198,0,5,18,7,18,411,TRAINING,5,4,1,2,42537601,594801dc,1481
198,0,5,18,7,18,412,TRAINING,7,0,0,0,72534601,094851dc,1102
198,0,5,18,7,18,413,TRAINING,4,5,0,4,70534621,0d48519c,1206
198,0,5,18,7,18,414,TRAINING,1,12,0,5,70534126,0d485c91,1234
198,0,5,18,7,18,415,TRAINING,2,9,0,6,07534126,d0485c91,1453
198,0,5,18,7,18,416,TRAINING,6,1,1,7,05734126,d4085c91,1678
198,0,5,18,7,18,417,TRAINING,3,8,1,3,05437126,d4580c91,1422
198,0,5,18,7,18,418,TRAINING,4,5,0,2,05431726,d458c091,1566
198,0,5,18,7,18,419,TRAINING,5,4,1,1,05437126,d4580c91,949
198,0,5,18,7,18,420,TRAINING,2,9,0,0,25437106,94580cd1,1014
198,0,5,18,7,18,421,TRAINING,7,0,0,4,25437601,945801dc,1376
198,0,5,18,7,18,422,TRAINING,6,1,1,5,25137604,94c801d5,1005
198,0,5,18,7,18,423,TRAINING,0,13,1,6,25317604,948c01d5,1831
198,0,5,18,7,18,424,TRAINING,4,5,0,7,25137604,94c801d5,1327
198,0,5,18,7,18,425,TEST,4,5,0,1,false,607
198,0,5,18,7,18,426,TEST,7,0,0,0,true,944
198,0,5,18,7,18,427,TEST,1,12,0,1,false,463
198,0,5,18,7,18,428,TEST,3,8,1,0,false,456
198,0,5,18,7,18,429,TEST,6,1,1,0,false,371
198,0,5,18,7,18,430,TEST,5,4,1,0,false,814
198,0,5,18,7,18,431,TEST,2,9,0,1,false,388
198,0,5,18,7,18,432,TEST,0,13,1,1,true,493
198,0,5,18,7,19,433,TRAINING,1,12,0,1,71034526,0cd85491,1184
198,0,5,18,7,19,434,TRAINING,0,13,1,2,21034576,9cd85401,1205
198,0,5,18,7,19,435,TRAINING,6,1,1,3,21064573,9cd15408,1793
198,0,5,18,7,19,436,TRAINING,2,9,0,0,24061573,95d1c408,1660
198,0,5,18,7,19,437,TRAINING,7,0,0,4,24067513,95d104c8,966
198,0,5,18,7,19,438,TRAINING,7,0,0,4,25067413,94d105c8,22259
198,0,5,18,7,19,439,TRAINING,3,8,1,7,25607413,941d05c8,911
198,0,5,18,7,19,440,TRAINING,6,1,1,2,52607413,491d05c8,844
198,0,5,18,7,19,441,TRAINING,0,13,1,1,50627413,4d1905c8,825
198,0,5,18,7,19,442,TRAINING,7,0,0,0,70625413,0d1945c8,760
198,0,5,18,7,19,443,TRAINING,5,4,1,4,70425613,0d5941c8,921
198,0,5,18,7,19,444,TRAINING,3,8,1,7,71425603,0c5941d8,1469
198,0,5,18,7,19,445,TRAINING,0,13,1,6,71465203,0c5149d8,989
198,0,5,18,7,19,446,TRAINING,1,12,0,1,51467203,4c5109d8,1223
198,0,5,18,7,19,447,TRAINING,5,4,1,5,21467503,9c5104d8,949
198,0,5,18,7,19,448,TRAINING,7,0,0,4,31467502,8c5104d9,1536
198,0,5,18,7,19,449,TEST,1,12,0,0,true,799
198,0,5,18,7,19,450,TEST,3,8,1,0,false,561
198,0,5,18,7,19,451,TEST,6,1,1,0,false,799
198,0,5,18,7,19,452,TEST,5,4,1,1,true,255
198,0,5,18,7,19,453,TEST,2,9,0,1,false,341
198,0,5,18,7,19,454,TEST,0,13,1,1,true,398
198,0,5,18,7,19,455,TEST,7,0,0,0,true,398
198,0,5,18,7,19,456,TEST,4,5,0,0,true,379
198,0,5,18,7,INSTRUCT,postquestionnaire,1

rulestrategy:I used no paper, pencil, or computer. only brain. THERE IS NO PATTERN. you deliberately were wasting my time, and I'm justifiably angry at you. you were dishonest, and not in an acceptable way. I'm angry. there is no pattern, only arbitrary assignments.
howtoimprove:indicate at the beginning that you are f*cking with us. How about that?
engagement:0
difficulty:10
physicalaids:no