200,0,0,23,4,INSTRUCT,instruct1,14858
200,0,0,23,4,INSTRUCT,instructCatExample,16020
200,0,0,23,4,INSTRUCT,instructCatColor,14750
200,0,0,23,4,INSTRUCT,instructCatStripe,8669
200,0,0,23,4,INSTRUCT,instructDemoIntro,19191
200,0,0,23,4,INSTRUCT,instructDemo,27160
200,0,0,23,4,INSTRUCT,instructTest,18926
200,0,0,23,4,INSTRUCT,instructTest2,10631
200,0,0,23,4,INSTRUCT,instructDimColor,6975
200,0,0,23,4,INSTRUCT,instructDimBorder,4615
200,0,0,23,4,INSTRUCT,instructDimDots,6199
200,0,0,23,4,INSTRUCT,instructDimStripe,4094
200,0,0,23,4,INSTRUCT,instructDimAll,4942
200,0,0,23,4,INSTRUCT,instructFinal,26151
200,0,0,23,4,1,1,TRAINING,2,6,0,1,42560317,06124753,9638
200,0,0,23,4,1,2,TRAINING,3,7,1,5,12560347,56124703,2897
200,0,0,23,4,1,3,TRAINING,7,3,1,7,12650347,56214703,2282
200,0,0,23,4,1,4,TRAINING,5,1,1,3,12450367,56014723,4722
200,0,0,23,4,1,5,TRAINING,0,4,0,4,42150367,06514723,2618
200,0,0,23,4,1,6,TRAINING,2,6,0,1,42150637,06514273,7515
200,0,0,23,4,1,7,TRAINING,5,1,1,3,62150437,26514073,1579
200,0,0,23,4,1,8,TRAINING,0,4,0,6,62153407,26517043,3483
200,0,0,23,4,1,9,TRAINING,2,6,0,1,62351407,26715043,2930
200,0,0,23,4,1,10,TRAINING,6,2,0,3,52361407,16725043,2547
200,0,0,23,4,1,11,TRAINING,2,6,0,1,52367401,16723045,3164
200,0,0,23,4,1,12,TRAINING,5,1,1,0,52367104,16723540,1114
200,0,0,23,4,1,13,TRAINING,7,3,1,2,52763104,16327540,1642
200,0,0,23,4,1,14,TRAINING,0,4,0,6,53762104,17326540,1739
200,0,0,23,4,1,15,TRAINING,1,5,1,7,53762401,17326045,1738
200,0,0,23,4,1,16,TRAINING,5,1,1,0,57362401,13726045,1842
200,0,0,23,4,1,17,TEST,2,6,0,1,false,3491
200,0,0,23,4,1,18,TEST,1,5,1,1,true,6944
200,0,0,23,4,1,19,TEST,6,2,0,0,true,802
200,0,0,23,4,1,20,TEST,7,3,1,1,true,1114
200,0,0,23,4,1,21,TEST,4,0,0,0,true,954
200,0,0,23,4,1,22,TEST,3,7,1,0,false,2306
200,0,0,23,4,1,23,TEST,0,4,0,0,true,1161
200,0,0,23,4,1,24,TEST,5,1,1,1,true,404
200,0,0,23,4,2,25,TRAINING,3,7,1,0,34057216,70413652,4570
200,0,0,23,4,2,26,TRAINING,0,4,0,2,34027516,70463152,4930
200,0,0,23,4,2,27,TRAINING,7,3,1,1,37024516,73460152,1987
200,0,0,23,4,2,28,TRAINING,5,1,1,0,57024316,13460752,3115
200,0,0,23,4,2,29,TRAINING,1,5,1,6,57042316,13406752,956
200,0,0,23,4,2,30,TRAINING,6,2,0,7,53042716,17406352,2435
200,0,0,23,4,2,31,TRAINING,4,0,0,3,52043716,16407352,1547
200,0,0,23,4,2,32,TRAINING,0,4,0,2,52043176,16407532,1642
200,0,0,23,4,2,33,TRAINING,2,6,0,1,32045176,76401532,1340
200,0,0,23,4,2,34,TRAINING,1,5,1,5,72045136,36401572,1051
200,0,0,23,4,2,35,TRAINING,7,3,1,0,72645130,36201574,1570
200,0,0,23,4,2,36,TRAINING,3,7,1,2,72345160,36701524,1612
200,0,0,23,4,2,37,TRAINING,2,6,0,1,72341560,36705124,3059
200,0,0,23,4,2,38,TRAINING,4,0,0,3,72341650,36705214,2380
200,0,0,23,4,2,39,TRAINING,0,4,0,7,12347650,56703214,1161
200,0,0,23,4,2,40,TRAINING,7,3,1,4,13247650,57603214,1202
200,0,0,23,4,2,41,TEST,3,7,1,1,true,4194
200,0,0,23,4,2,42,TEST,1,5,1,1,true,810
200,0,0,23,4,2,43,TEST,0,4,0,0,true,538
200,0,0,23,4,2,44,TEST,6,2,0,0,true,577
200,0,0,23,4,2,45,TEST,5,1,1,1,true,556
200,0,0,23,4,2,46,TEST,4,0,0,0,true,505
200,0,0,23,4,2,47,TEST,2,6,0,0,true,539
200,0,0,23,4,2,48,TEST,7,3,1,1,true,466
200,0,0,23,4,3,49,TRAINING,1,5,1,0,16074253,52430617,2330
200,0,0,23,4,3,50,TRAINING,6,2,0,1,16075243,52431607,1426
200,0,0,23,4,3,51,TRAINING,0,4,0,2,16072543,52436107,1107
200,0,0,23,4,3,52,TRAINING,5,1,1,3,16052743,52416307,2219
200,0,0,23,4,3,53,TRAINING,7,3,1,5,16053742,52417306,2044
200,0,0,23,4,3,54,TRAINING,3,7,1,4,14053762,50417326,1608
200,0,0,23,4,3,55,TRAINING,6,2,0,3,14063752,50427316,1210
200,0,0,23,4,3,56,TRAINING,2,6,0,7,17063452,53427016,1194
200,0,0,23,4,3,57,TRAINING,4,0,0,5,17563402,53127046,1145
200,0,0,23,4,3,58,TRAINING,0,4,0,6,57163402,13527046,1818
200,0,0,23,4,3,59,TRAINING,1,5,1,1,51763402,15327046,962
200,0,0,23,4,3,60,TRAINING,5,1,1,0,51763204,15327640,1107
200,0,0,23,4,3,61,TRAINING,7,3,1,6,51063274,15427630,1163
200,0,0,23,4,3,62,TRAINING,3,7,1,7,51064273,15420637,1019
200,0,0,23,4,3,63,TRAINING,1,5,1,1,51460273,15024637,1282
200,0,0,23,4,3,64,TRAINING,2,6,0,5,51406273,15042637,1298
200,0,0,23,4,3,65,TEST,5,1,1,1,true,1082
200,0,0,23,4,3,66,TEST,6,2,0,0,true,546
200,0,0,23,4,3,67,TEST,1,5,1,1,true,515
200,0,0,23,4,3,68,TEST,4,0,0,0,true,1603
200,0,0,23,4,3,69,TEST,2,6,0,0,true,771
200,0,0,23,4,3,70,TEST,0,4,0,0,true,1500
200,0,0,23,4,3,71,TEST,7,3,1,1,true,443
200,0,0,23,4,3,72,TEST,3,7,1,1,true,612
200,0,0,23,4,INSTRUCT,postquestionnaire,1

rulestrategy:If two was in the same group, I tried to figure out what was the same about them.
howtoimprove:
engagement:8
difficulty:5
physicalaids:no