204,0,1,15,14,INSTRUCT,instruct1,13070
204,0,1,15,14,INSTRUCT,instructCatExample,12075
204,0,1,15,14,INSTRUCT,instructCatColor,8479
204,0,1,15,14,INSTRUCT,instructCatStripe,9112
204,0,1,15,14,INSTRUCT,instructDemoIntro,7621
204,0,1,15,14,INSTRUCT,instructDemo,75948
204,0,1,15,14,INSTRUCT,instructTest,12537
204,0,1,15,14,INSTRUCT,instructTest2,4898
204,0,1,15,14,INSTRUCT,instructDimColor,7650
204,0,1,15,14,INSTRUCT,instructDimBorder,3659
204,0,1,15,14,INSTRUCT,instructDimDots,3820
204,0,1,15,14,INSTRUCT,instructDimStripe,4005
204,0,1,15,14,INSTRUCT,instructDimAll,5980
204,0,1,15,14,INSTRUCT,instructFinal,2298
204,0,1,15,14,1,1,TRAINING,6,8,1,0,61072453,8fbc9aed,8143
204,0,1,15,14,1,2,TRAINING,7,12,0,3,61074253,8fbca9ed,6125
204,0,1,15,14,1,3,TRAINING,2,9,1,5,60174253,8bfca9ed,4205
204,0,1,15,14,1,4,TRAINING,5,14,1,1,65174203,8efca9bd,8839
204,0,1,15,14,1,5,TRAINING,6,8,1,0,65374201,8edca9bf,3475
204,0,1,15,14,1,6,TRAINING,5,14,1,1,65074231,8ebca9df,2771
204,0,1,15,14,1,7,TRAINING,1,15,1,3,65014237,8ebfa9dc,1589
204,0,1,15,14,1,8,TRAINING,7,12,0,7,65410237,8eafb9dc,3157
204,0,1,15,14,1,9,TRAINING,0,11,0,6,65413207,8eafd9bc,1664
204,0,1,15,14,1,10,TRAINING,2,9,1,5,65314207,8edfa9bc,2081
204,0,1,15,14,1,11,TRAINING,4,10,0,1,64315207,8adfe9bc,995
204,0,1,15,14,1,12,TRAINING,7,12,0,0,74315206,cadfe9b8,1655
204,0,1,15,14,1,13,TRAINING,3,13,0,2,74312506,cadf9eb8,1548
204,0,1,15,14,1,14,TRAINING,4,10,0,4,72314506,c9dfaeb8,1452
204,0,1,15,14,1,15,TRAINING,1,15,1,3,75314206,cedfa9b8,2204
204,0,1,15,14,1,16,TRAINING,6,8,1,7,75214306,ce9fadb8,954
204,0,1,15,14,1,17,TEST,2,9,1,1,true,3482
204,0,1,15,14,1,18,TEST,1,15,1,0,false,1859
204,0,1,15,14,1,19,TEST,7,12,0,0,true,2480
204,0,1,15,14,1,20,TEST,6,8,1,1,true,1442
204,0,1,15,14,1,21,TEST,3,13,0,1,false,641
204,0,1,15,14,1,22,TEST,0,11,0,0,true,491
204,0,1,15,14,1,23,TEST,4,10,0,0,true,533
204,0,1,15,14,1,24,TEST,5,14,1,1,true,963
204,0,1,15,14,2,25,TRAINING,6,8,1,4,71256043,cf9e8bad,15991
204,0,1,15,14,2,26,TRAINING,7,12,0,5,01256743,bf9e8cad,2101
204,0,1,15,14,2,27,TRAINING,3,13,0,0,31256740,df9e8cab,1692
204,0,1,15,14,2,28,TRAINING,1,15,1,2,32156740,d9fe8cab,1192
204,0,1,15,14,2,29,TRAINING,4,10,0,3,32146750,d9fa8ceb,2637
204,0,1,15,14,2,30,TRAINING,6,8,1,4,35146720,defa8c9b,5487
204,0,1,15,14,2,31,TRAINING,7,12,0,5,05146723,befa8c9d,1453
204,0,1,15,14,2,32,TRAINING,0,11,0,6,25146703,9efa8cbd,1727
204,0,1,15,14,2,33,TRAINING,5,14,1,1,25641703,9e8afcbd,2305
204,0,1,15,14,2,34,TRAINING,3,13,0,7,25647103,9e8acfbd,1697
204,0,1,15,14,2,35,TRAINING,6,8,1,0,65247103,8e9acfbd,1027
204,0,1,15,14,2,36,TRAINING,2,9,1,2,65240173,8e9abfcd,1536
204,0,1,15,14,2,37,TRAINING,5,14,1,1,65243170,8e9adfcb,2845
204,0,1,15,14,2,38,TRAINING,7,12,0,4,65247130,8e9acfdb,3084
204,0,1,15,14,2,39,TRAINING,3,13,0,6,05247136,be9acfd8,4604
204,0,1,15,14,2,40,TRAINING,1,15,1,5,65247130,8e9acfdb,1941
204,0,1,15,14,2,41,TEST,3,13,0,0,true,1327
204,0,1,15,14,2,42,TEST,1,15,1,1,true,1207
204,0,1,15,14,2,43,TEST,2,9,1,1,true,1233
204,0,1,15,14,2,44,TEST,7,12,0,0,true,673
204,0,1,15,14,2,45,TEST,5,14,1,1,true,695
204,0,1,15,14,2,46,TEST,0,11,0,0,true,2320
204,0,1,15,14,2,47,TEST,4,10,0,0,true,2201
204,0,1,15,14,2,48,TEST,6,8,1,1,true,839
204,0,1,15,14,3,49,TRAINING,6,8,1,1,36574120,d8ecaf9b,2447
204,0,1,15,14,3,50,TRAINING,2,9,1,6,36475120,d8acef9b,1037
204,0,1,15,14,3,51,TRAINING,7,12,0,3,16475320,f8aced9b,2204
204,0,1,15,14,3,52,TRAINING,3,13,0,5,14675320,fa8ced9b,1311
204,0,1,15,14,3,53,TRAINING,1,15,1,0,14672350,fa8c9deb,3663
204,0,1,15,14,3,54,TRAINING,3,13,0,5,14670352,fa8cbde9,2604
204,0,1,15,14,3,55,TRAINING,6,8,1,7,14270356,fa9cbde8,3731
204,0,1,15,14,3,56,TRAINING,2,9,1,2,14275306,fa9cedb8,1346
204,0,1,15,14,3,57,TRAINING,3,13,0,5,74215306,ca9fedb8,2395
204,0,1,15,14,3,58,TRAINING,1,15,1,1,71245306,cf9aedb8,3786
204,0,1,15,14,3,59,TRAINING,0,11,0,6,71542306,cfea9db8,1399
204,0,1,15,14,3,60,TRAINING,4,10,0,3,71542603,cfea98bd,3595
204,0,1,15,14,3,61,TRAINING,5,14,1,2,21547603,9feac8bd,1223
204,0,1,15,14,3,62,TRAINING,6,8,1,5,23547601,9deac8bf,6981
204,0,1,15,14,3,63,TRAINING,2,9,1,6,03547621,bdeac89f,1167
204,0,1,15,14,3,64,TRAINING,3,13,0,1,03457621,bdaec89f,3653
204,0,1,15,14,3,65,TEST,2,9,1,1,true,1061
204,0,1,15,14,3,66,TEST,3,13,0,0,true,4061
204,0,1,15,14,3,67,TEST,7,12,0,0,true,1691
204,0,1,15,14,3,68,TEST,1,15,1,1,true,4288
204,0,1,15,14,3,69,TEST,4,10,0,0,true,1505
204,0,1,15,14,3,70,TEST,5,14,1,1,true,429
204,0,1,15,14,3,71,TEST,6,8,1,1,true,1073
204,0,1,15,14,3,72,TEST,0,11,0,1,false,1087
204,0,1,15,14,4,73,TRAINING,2,9,1,1,72301654,c9dbf8ea,3170
204,0,1,15,14,4,74,TRAINING,6,8,1,5,32701654,d9cbf8ea,1024
204,0,1,15,14,4,75,TRAINING,7,12,0,2,32751604,d9cef8ba,2096
204,0,1,15,14,4,76,TRAINING,3,13,0,0,35721604,dec9f8ba,1601
204,0,1,15,14,4,77,TRAINING,4,10,0,4,35724601,dec9a8bf,2708
204,0,1,15,14,4,78,TRAINING,0,11,0,1,30724651,dbc9a8ef,1709
204,0,1,15,14,4,79,TRAINING,6,8,1,6,30724561,dbc9ae8f,3221
204,0,1,15,14,4,80,TRAINING,5,14,1,0,50724361,ebc9ad8f,1071
204,0,1,15,14,4,81,TRAINING,3,13,0,5,51724360,efc9ad8b,1691
204,0,1,15,14,4,82,TRAINING,1,15,1,1,51024367,efb9ad8c,1409
204,0,1,15,14,4,83,TRAINING,0,11,0,6,51624307,ef89adbc,1145
204,0,1,15,14,4,84,TRAINING,2,9,1,3,61524307,8fe9adbc,3881
204,0,1,15,14,4,85,TRAINING,3,13,0,5,64521307,8ae9fdbc,2325
204,0,1,15,14,4,86,TRAINING,5,14,1,2,61524307,8fe9adbc,1320
204,0,1,15,14,4,87,TRAINING,0,11,0,6,71524306,cfe9adb8,1322
204,0,1,15,14,4,88,TRAINING,0,11,0,6,71534206,cfeda9b8,2673
204,0,1,15,14,4,89,TEST,2,9,1,1,true,1636
204,0,1,15,14,4,90,TEST,7,12,0,0,true,1012
204,0,1,15,14,4,91,TEST,3,13,0,0,true,476
204,0,1,15,14,4,92,TEST,4,10,0,0,true,467
204,0,1,15,14,4,93,TEST,6,8,1,1,true,1246
204,0,1,15,14,4,94,TEST,5,14,1,1,true,2217
204,0,1,15,14,4,95,TEST,0,11,0,0,true,1013
204,0,1,15,14,4,96,TEST,1,15,1,1,true,959
204,0,1,15,14,5,97,TRAINING,6,8,1,5,47521630,ace9f8db,5146
204,0,1,15,14,5,98,TRAINING,2,9,1,3,41527630,afe9c8db,1675
204,0,1,15,14,5,99,TRAINING,3,13,0,2,41327650,afd9c8eb,1402
204,0,1,15,14,5,100,TRAINING,4,10,0,0,46327150,a8d9cfeb,2199
204,0,1,15,14,5,101,TRAINING,6,8,1,5,41327650,afd9c8eb,2295
204,0,1,15,14,5,102,TRAINING,6,8,1,5,45327610,aed9c8fb,959
204,0,1,15,14,5,103,TRAINING,6,8,1,5,40327615,abd9c8fe,1429
204,0,1,15,14,5,104,TRAINING,6,8,1,5,40317625,abdfc89e,1567
204,0,1,15,14,5,105,TRAINING,6,8,1,5,04317625,badfc89e,1241
204,0,1,15,14,5,106,TRAINING,6,8,1,5,04713625,bacfd89e,1401
204,0,1,15,14,5,107,TRAINING,6,8,1,5,04317625,badfc89e,1815
204,0,1,15,14,5,108,TRAINING,6,8,1,5,34017625,dabfc89e,2499
204,0,1,15,14,5,109,TRAINING,6,8,1,5,34710625,dacfb89e,945
204,0,1,15,14,5,110,TRAINING,6,8,1,5,54710623,eacfb89d,1993
204,0,1,15,14,5,111,TRAINING,6,8,1,5,53710624,edcfb89a,1194
204,0,1,15,14,5,112,TRAINING,6,8,1,5,52710634,e9cfb8da,961
204,0,1,15,14,5,113,TEST,0,11,0,0,true,1823
204,0,1,15,14,5,114,TEST,5,14,1,1,true,1031
204,0,1,15,14,5,115,TEST,7,12,0,0,true,574
204,0,1,15,14,5,116,TEST,6,8,1,1,true,863
204,0,1,15,14,5,117,TEST,4,10,0,0,true,463
204,0,1,15,14,5,118,TEST,3,13,0,0,true,737
204,0,1,15,14,5,119,TEST,2,9,1,1,true,799
204,0,1,15,14,5,120,TEST,1,15,1,1,true,1570
204,0,1,15,14,INSTRUCT,postquestionnaire,3

rulestrategy:I matched everything up first. Plain colors and plain colors were the same, while plain dots and plain diagonals were the same.
howtoimprove:
engagement:9
difficulty:8
physicalaids:no