206,0,1,22,10,INSTRUCT,instruct1,9926
206,0,1,22,10,INSTRUCT,instructCatExample,10220
206,0,1,22,10,INSTRUCT,instructCatColor,11801
206,0,1,22,10,INSTRUCT,instructCatStripe,9767
206,0,1,22,10,INSTRUCT,instructDemoIntro,24110
206,0,1,22,10,INSTRUCT,instructDemo,82037
206,0,1,22,10,INSTRUCT,instructTest,23131
206,0,1,22,10,INSTRUCT,instructTest2,33039
206,0,1,22,10,INSTRUCT,instructDimColor,8878
206,0,1,22,10,INSTRUCT,instructDimBorder,2351
206,0,1,22,10,INSTRUCT,instructDimDots,1830
206,0,1,22,10,INSTRUCT,instructDimStripe,5877
206,0,1,22,10,INSTRUCT,instructDimAll,5605
206,0,1,22,10,INSTRUCT,instructFinal,27884
206,0,1,22,10,1,1,TRAINING,5,15,1,0,57036241,fd65c4e7,3200
206,0,1,22,10,1,2,TRAINING,0,6,0,2,56037241,fc65d4e7,2232
206,0,1,22,10,1,3,TRAINING,5,15,1,0,56034271,fc65e4d7,3435
206,0,1,22,10,1,4,TRAINING,7,13,0,3,56074231,fc6de457,1827
206,0,1,22,10,1,5,TRAINING,4,14,0,4,52074631,f46dec57,1460
206,0,1,22,10,1,6,TRAINING,3,5,0,5,52074361,f46de5c7,2506
206,0,1,22,10,1,7,TRAINING,1,7,1,7,52674301,f4cde567,1231
206,0,1,22,10,1,8,TRAINING,0,6,0,4,52670341,f4cd65e7,1654
206,0,1,22,10,1,9,TRAINING,4,14,0,3,52640371,f4ce65d7,2626
206,0,1,22,10,1,10,TRAINING,2,4,1,1,52640173,f4ce67d5,1295
206,0,1,22,10,1,11,TRAINING,6,12,1,2,52640713,f4ce6d75,1375
206,0,1,22,10,1,12,TRAINING,6,12,1,2,52641703,f4ce7d65,1992
206,0,1,22,10,1,13,TRAINING,7,13,0,5,52601743,f4c67de5,1655
206,0,1,22,10,1,14,TRAINING,4,14,0,6,53601742,f5c67de4,1216
206,0,1,22,10,1,15,TRAINING,2,4,1,0,23601745,45c67def,1442
206,0,1,22,10,1,16,TRAINING,1,7,1,7,23605741,45c6fde7,1076
206,0,1,22,10,1,17,TEST,1,7,1,1,true,2267
206,0,1,22,10,1,18,TEST,3,5,0,1,false,3037
206,0,1,22,10,1,19,TEST,0,6,0,0,true,943
206,0,1,22,10,1,20,TEST,2,4,1,0,false,9347
206,0,1,22,10,1,21,TEST,5,15,1,0,false,1065
206,0,1,22,10,1,22,TEST,6,12,1,0,false,3725
206,0,1,22,10,1,23,TEST,4,14,0,0,true,590
206,0,1,22,10,1,24,TEST,7,13,0,0,true,594
206,0,1,22,10,2,25,TRAINING,1,7,1,0,14530267,7ef564cd,2737
206,0,1,22,10,2,26,TRAINING,2,4,1,1,12530467,74f56ecd,1562
206,0,1,22,10,2,27,TRAINING,5,15,1,2,12530764,74f56dce,3180
206,0,1,22,10,2,28,TRAINING,3,5,0,3,12530674,74f56cde,3533
206,0,1,22,10,2,29,TRAINING,2,4,1,1,12530476,74f56edc,1666
206,0,1,22,10,2,30,TRAINING,0,6,0,0,02531476,64f57edc,1019
206,0,1,22,10,2,31,TRAINING,6,12,1,7,02513476,64f75edc,3647
206,0,1,22,10,2,32,TRAINING,6,12,1,7,02413576,64e75fdc,1985
206,0,1,22,10,2,33,TRAINING,6,12,1,7,01423576,67e45fdc,4830
206,0,1,22,10,2,34,TRAINING,2,4,1,3,01324576,6754efdc,3543
206,0,1,22,10,2,35,TRAINING,1,7,1,1,01325476,6754fedc,1160
206,0,1,22,10,2,36,TRAINING,5,15,1,4,01325746,6754fdec,1110
206,0,1,22,10,2,37,TRAINING,7,13,0,5,01625743,67c4fde5,3473
206,0,1,22,10,2,38,TRAINING,0,6,0,0,01425763,67e4fdc5,1229
206,0,1,22,10,2,39,TRAINING,6,12,1,6,01452763,67ef4dc5,1010
206,0,1,22,10,2,40,TRAINING,2,4,1,5,01457263,67efd4c5,1371
206,0,1,22,10,2,41,TEST,3,5,0,0,true,3411
206,0,1,22,10,2,42,TEST,0,6,0,0,true,10617
206,0,1,22,10,2,43,TEST,5,15,1,1,true,857
206,0,1,22,10,2,44,TEST,6,12,1,1,true,705
206,0,1,22,10,2,45,TEST,4,14,0,0,true,555
206,0,1,22,10,2,46,TEST,1,7,1,1,true,419
206,0,1,22,10,2,47,TEST,7,13,0,0,true,773
206,0,1,22,10,2,48,TEST,2,4,1,1,true,472
206,0,1,22,10,3,49,TRAINING,5,15,1,0,53164207,f57ce46d,999
206,0,1,22,10,3,50,TRAINING,1,7,1,3,53614207,f5c7e46d,981
206,0,1,22,10,3,51,TRAINING,2,4,1,2,53214607,f547ec6d,2387
206,0,1,22,10,3,52,TRAINING,6,12,1,0,63214507,c547ef6d,2505
206,0,1,22,10,3,53,TRAINING,2,4,1,2,63215407,c547fe6d,1082
206,0,1,22,10,3,54,TRAINING,2,4,1,2,63215047,c547f6ed,4831
206,0,1,22,10,3,55,TRAINING,6,12,1,0,63217045,c547d6ef,1508
206,0,1,22,10,3,56,TRAINING,0,6,0,5,63215047,c547f6ed,1190
206,0,1,22,10,3,57,TRAINING,1,7,1,3,67215043,cd47f6e5,2373
206,0,1,22,10,3,58,TRAINING,5,15,1,7,67213045,cd4756ef,3911
206,0,1,22,10,3,59,TRAINING,6,12,1,0,67213405,cd475e6f,1600
206,0,1,22,10,3,60,TRAINING,2,4,1,2,61273405,c74d5e6f,991
206,0,1,22,10,3,61,TRAINING,4,14,0,5,61270435,c74d6e5f,935
206,0,1,22,10,3,62,TRAINING,3,5,0,6,01276435,674dce5f,993
206,0,1,22,10,3,63,TRAINING,6,12,1,4,10276435,764dce5f,1034
206,0,1,22,10,3,64,TRAINING,2,4,1,2,01276435,674dce5f,1006
206,0,1,22,10,3,65,TEST,4,14,0,0,true,2897
206,0,1,22,10,3,66,TEST,6,12,1,1,true,1054
206,0,1,22,10,3,67,TEST,0,6,0,0,true,1199
206,0,1,22,10,3,68,TEST,2,4,1,1,true,729
206,0,1,22,10,3,69,TEST,5,15,1,1,true,561
206,0,1,22,10,3,70,TEST,3,5,0,0,true,1600
206,0,1,22,10,3,71,TEST,1,7,1,1,true,581
206,0,1,22,10,3,72,TEST,7,13,0,0,true,925
206,0,1,22,10,INSTRUCT,postquestionnaire,1

rulestrategy:What I used was the word 'garble' and 'plain' to differentiate between A and B. Garble had it all, while plain only had a line and no yellow border.
howtoimprove:No, everything went smoothly.
engagement:10
difficulty:5
physicalaids:no