21,1,4,7,13,INSTRUCT,instruct1,18906
21,1,4,7,13,INSTRUCT,instructCatExample,14334
21,1,4,7,13,INSTRUCT,instructCatColor,10270
21,1,4,7,13,INSTRUCT,instructCatStripe,22291
21,1,4,7,13,INSTRUCT,instructDemoIntro,51173
21,1,4,7,13,INSTRUCT,instructDemo,34686
21,1,4,7,13,INSTRUCT,instructTest,26917
21,1,4,7,13,INSTRUCT,instructTest2,49881
21,1,4,7,13,INSTRUCT,instructDimColor,52332
21,1,4,7,13,INSTRUCT,instructDimBorder,37731
21,1,4,7,13,INSTRUCT,instructDimDots,5947
21,1,4,7,13,INSTRUCT,instructDimStripe,4874
21,1,4,7,13,INSTRUCT,instructDimAll,156062
21,1,4,7,13,INSTRUCT,instructFinal,43693
21,1,4,7,13,1,1,TRAINING,2,15,1,2,47205361,acfb8de9,6272
21,1,4,7,13,1,2,TRAINING,5,8,0,4,74205361,cafb8de9,4485
21,1,4,7,13,1,3,TRAINING,0,11,1,3,74205631,cafb8ed9,2544
21,1,4,7,13,1,4,TRAINING,2,15,1,6,74305621,cadb8ef9,3047
21,1,4,7,13,1,5,TRAINING,4,10,1,0,47305621,acdb8ef9,2000
21,1,4,7,13,1,6,TRAINING,0,11,1,3,47503621,ac8bdef9,2976
21,1,4,7,13,1,7,TRAINING,6,14,0,5,47503612,ac8bde9f,2584
21,1,4,7,13,1,8,TRAINING,4,10,1,0,45703612,a8cbde9f,2656
21,1,4,7,13,1,9,TRAINING,1,9,0,6,40753612,abc8de9f,4104
21,1,4,7,13,1,10,TRAINING,6,14,0,5,40357612,abd8ce9f,2880
21,1,4,7,13,1,11,TRAINING,1,9,0,6,40537612,ab8dce9f,1968
21,1,4,7,13,1,12,TRAINING,7,12,1,0,70534612,cb8dae9f,2089
21,1,4,7,13,1,13,TRAINING,3,13,0,3,70536412,cb8dea9f,2369
21,1,4,7,13,1,14,TRAINING,3,13,0,3,76530412,ce8dba9f,3969
21,1,4,7,13,1,15,TRAINING,5,8,0,2,16530472,9e8dbacf,1953
21,1,4,7,13,1,16,TRAINING,7,12,1,6,26530471,fe8dbac9,2160
21,1,4,7,13,1,17,TEST,6,14,0,1,false,4570
21,1,4,7,13,1,18,TEST,2,15,1,1,true,3089
21,1,4,7,13,1,19,TEST,5,8,0,0,true,1418
21,1,4,7,13,1,20,TEST,0,11,1,1,true,2098
21,1,4,7,13,1,21,TEST,7,12,1,0,false,4394
21,1,4,7,13,1,22,TEST,3,13,0,1,false,545
21,1,4,7,13,1,23,TEST,1,9,0,0,true,2770
21,1,4,7,13,1,24,TEST,4,10,1,1,true,5122
21,1,4,7,13,2,25,TRAINING,4,10,1,1,64532170,ea8df9cb,2598
21,1,4,7,13,2,26,TRAINING,0,11,1,3,64502173,ea8bf9cd,4392
21,1,4,7,13,2,27,TRAINING,3,13,0,0,34502176,da8bf9ce,2184
21,1,4,7,13,2,28,TRAINING,2,15,1,4,36502174,de8bf9ca,1872
21,1,4,7,13,2,29,TRAINING,5,8,0,2,36502471,de8bfac9,1784
21,1,4,7,13,2,30,TRAINING,2,15,1,4,46502371,ae8bfdc9,1888
21,1,4,7,13,2,31,TRAINING,7,12,1,1,47502361,ac8bfde9,1984
21,1,4,7,13,2,32,TRAINING,1,9,0,7,47602351,acebfd89,1729
21,1,4,7,13,2,33,TRAINING,3,13,0,0,37602451,dcebfa89,1681
21,1,4,7,13,2,34,TRAINING,7,12,1,1,37652401,dce8fab9,1656
21,1,4,7,13,2,35,TRAINING,0,11,1,7,37652410,dce8fa9b,1488
21,1,4,7,13,2,36,TRAINING,6,14,0,2,37642510,dceaf89b,2128
21,1,4,7,13,2,37,TRAINING,1,9,0,6,32647510,dfeac89b,2881
21,1,4,7,13,2,38,TRAINING,5,8,0,5,32640517,dfeab89c,1576
21,1,4,7,13,2,39,TRAINING,6,14,0,2,30642517,dbeaf89c,1616
21,1,4,7,13,2,40,TRAINING,4,10,1,3,30642571,dbeaf8c9,1656
21,1,4,7,13,2,41,TEST,3,13,0,0,true,4247
21,1,4,7,13,2,42,TEST,1,9,0,0,true,2082
21,1,4,7,13,2,43,TEST,7,12,1,1,true,1706
21,1,4,7,13,2,44,TEST,4,10,1,1,true,714
21,1,4,7,13,2,45,TEST,2,15,1,1,true,2074
21,1,4,7,13,2,46,TEST,0,11,1,1,true,2962
21,1,4,7,13,2,47,TEST,6,14,0,1,false,585
21,1,4,7,13,2,48,TEST,5,8,0,0,true,921
21,1,4,7,13,3,49,TRAINING,4,10,1,0,45721306,a8cf9dbe,3101
21,1,4,7,13,3,50,TRAINING,3,13,0,5,45721360,a8cf9deb,1585
21,1,4,7,13,3,51,TRAINING,7,12,1,2,45761320,a8ce9dfb,1721
21,1,4,7,13,3,52,TRAINING,1,9,0,4,05761324,b8ce9dfa,1673
21,1,4,7,13,3,53,TRAINING,7,12,1,2,05741326,b8ca9dfe,1664
21,1,4,7,13,3,54,TRAINING,5,8,0,1,35741026,d8ca9bfe,1608
21,1,4,7,13,3,55,TRAINING,0,11,1,5,35714026,d8c9abfe,2760
21,1,4,7,13,3,56,TRAINING,5,8,0,1,15734026,98cdabfe,1575
21,1,4,7,13,3,57,TRAINING,2,15,1,2,15234076,98fdabce,2000
21,1,4,7,13,3,58,TRAINING,0,11,1,3,15204376,98fbadce,1464
21,1,4,7,13,3,59,TRAINING,3,13,0,6,15204736,98fbacde,1792
21,1,4,7,13,3,60,TRAINING,4,10,1,4,15704236,98cbafde,2393
21,1,4,7,13,3,61,TRAINING,6,14,0,7,25704136,f8cba9de,2049
21,1,4,7,13,3,62,TRAINING,2,15,1,0,25104736,f89bacde,2697
21,1,4,7,13,3,63,TRAINING,1,9,0,2,25174036,f89cabde,1496
21,1,4,7,13,3,64,TRAINING,6,14,0,6,25174063,f89cabed,1728
21,1,4,7,13,3,65,TEST,2,15,1,1,true,1280
21,1,4,7,13,3,66,TEST,4,10,1,0,false,2045
21,1,4,7,13,3,67,TEST,3,13,0,1,false,1545
21,1,4,7,13,3,68,TEST,6,14,0,0,true,1330
21,1,4,7,13,3,69,TEST,7,12,1,1,true,2786
21,1,4,7,13,3,70,TEST,0,11,1,1,true,1058
21,1,4,7,13,3,71,TEST,1,9,0,0,true,890
21,1,4,7,13,3,72,TEST,5,8,0,0,true,1194
21,1,4,7,13,4,73,TRAINING,2,15,1,2,16275340,9efc8dab,11366
21,1,4,7,13,4,74,TRAINING,0,11,1,7,14275360,9afc8deb,8680
21,1,4,7,13,4,75,TRAINING,2,15,1,2,16275340,9efc8dab,13641
21,1,4,7,13,4,76,TRAINING,1,9,0,3,76215340,cef98dab,7184
21,1,4,7,13,4,77,TRAINING,0,11,1,7,76213540,cef9d8ab,12449
21,1,4,7,13,4,78,TRAINING,4,10,1,4,76214530,cef9a8db,3281
21,1,4,7,13,4,79,TRAINING,3,13,0,6,16274530,9efca8db,11977
21,1,4,7,13,4,80,TRAINING,6,14,0,1,56274130,8efca9db,14545
21,1,4,7,13,4,81,TRAINING,6,14,0,1,56074132,8ebca9df,13089
21,1,4,7,13,4,82,TRAINING,4,10,1,4,56014732,8eb9acdf,2992
21,1,4,7,13,4,83,TRAINING,7,12,1,3,56074132,8ebca9df,24553
21,1,4,7,13,4,84,TRAINING,7,12,1,3,56374102,8edca9bf,13753
21,1,4,7,13,4,85,TRAINING,3,13,0,2,06374152,bedca98f,1921
21,1,4,7,13,4,86,TRAINING,1,9,0,5,26374150,fedca98b,4785
21,1,4,7,13,4,87,TRAINING,5,8,0,1,25374160,f8dca9eb,4816
21,1,4,7,13,4,88,TRAINING,5,8,0,1,25347160,f8dac9eb,19377
21,1,4,7,13,4,89,TEST,4,10,1,1,true,7735
21,1,4,7,13,4,90,TEST,5,8,0,0,true,8818
21,1,4,7,13,4,91,TEST,0,11,1,1,true,4026
21,1,4,7,13,4,92,TEST,6,14,0,1,false,13594
21,1,4,7,13,4,93,TEST,1,9,0,0,true,5217
21,1,4,7,13,4,94,TEST,7,12,1,0,false,4034
21,1,4,7,13,4,95,TEST,2,15,1,1,true,3882
21,1,4,7,13,4,96,TEST,3,13,0,0,true,8642
21,1,4,7,13,5,97,TRAINING,6,14,0,5,43521607,ad8f9ebc,10135
21,1,4,7,13,5,98,TRAINING,7,12,1,0,73521604,cd8f9eba,16545
21,1,4,7,13,5,99,TRAINING,1,9,0,1,71523604,c98fdeba,12969
21,1,4,7,13,5,100,TRAINING,7,12,1,0,71524603,c98faebd,13105
21,1,4,7,13,5,101,TRAINING,5,8,0,2,71534602,c98daebf,5952
21,1,4,7,13,5,102,TRAINING,2,15,1,7,73514602,cd89aebf,3912
21,1,4,7,13,5,103,TRAINING,5,8,0,2,76514302,ce89adbf,21521
21,1,4,7,13,5,104,TRAINING,0,11,1,6,76534102,ce8da9bf,10377
21,1,4,7,13,5,105,TRAINING,0,11,1,6,74536102,ca8de9bf,10673
21,1,4,7,13,5,106,TRAINING,3,13,0,3,47536102,ac8de9bf,3176
21,1,4,7,13,5,107,TRAINING,1,9,0,5,67534102,ec8da9bf,13985
21,1,4,7,13,5,108,TRAINING,3,13,0,3,76534102,ce8da9bf,2969
21,1,4,7,13,5,109,TRAINING,4,10,1,4,56734102,8ecda9bf,2409
21,1,4,7,13,5,110,TRAINING,2,15,1,7,65734102,e8cda9bf,10096
21,1,4,7,13,5,111,TRAINING,4,10,1,4,15734602,98cdaebf,2592
21,1,4,7,13,5,112,TRAINING,6,14,0,5,13754602,9dc8aebf,3312
21,1,4,7,13,5,113,TEST,5,8,0,0,true,10687
21,1,4,7,13,5,114,TEST,2,15,1,1,true,6314
21,1,4,7,13,5,115,TEST,3,13,0,0,true,4050
21,1,4,7,13,5,116,TEST,6,14,0,0,true,8938
21,1,4,7,13,5,117,TEST,0,11,1,1,true,3362
21,1,4,7,13,5,118,TEST,1,9,0,0,true,5329
21,1,4,7,13,5,119,TEST,4,10,1,1,true,8074
21,1,4,7,13,5,120,TEST,7,12,1,1,true,11057
21,1,4,7,13,6,121,TRAINING,7,12,1,3,61074325,e9bcadf8,1455
21,1,4,7,13,6,122,TRAINING,7,12,1,3,63074125,edbca9f8,5160
21,1,4,7,13,6,123,TRAINING,0,11,1,5,63174025,ed9cabf8,15977
21,1,4,7,13,6,124,TRAINING,4,10,1,4,23174065,fd9cabe8,9648
21,1,4,7,13,6,125,TRAINING,5,8,0,0,53174062,8d9cabef,2121
21,1,4,7,13,6,126,TRAINING,1,9,0,2,53174602,8d9caebf,6609
21,1,4,7,13,6,127,TRAINING,5,8,0,0,53147602,8d9acebf,1791
21,1,4,7,13,6,128,TRAINING,2,15,1,7,57143602,8c9adebf,2536
21,1,4,7,13,6,129,TRAINING,6,14,0,4,57146302,8c9aedbf,4904
21,1,4,7,13,6,130,TRAINING,0,11,1,3,57106342,8c9bedaf,3688
21,1,4,7,13,6,131,TRAINING,3,13,0,5,47106352,ac9bed8f,16065
21,1,4,7,13,6,132,TRAINING,2,15,1,6,47106325,ac9bedf8,2904
21,1,4,7,13,6,133,TRAINING,6,14,0,1,46107325,ae9bcdf8,1864
21,1,4,7,13,6,134,TRAINING,4,10,1,5,36107425,de9bcaf8,4904
21,1,4,7,13,6,135,TRAINING,3,13,0,7,56107423,8e9bcafd,3153
21,1,4,7,13,6,136,TRAINING,1,9,0,2,06157423,be98cafd,4736
21,1,4,7,13,6,137,TEST,4,10,1,1,true,4359
21,1,4,7,13,6,138,TEST,5,8,0,0,true,4705
21,1,4,7,13,6,139,TEST,1,9,0,0,true,2585
21,1,4,7,13,6,140,TEST,6,14,0,1,false,9186
21,1,4,7,13,6,141,TEST,7,12,1,1,true,5330
21,1,4,7,13,6,142,TEST,0,11,1,1,true,6802
21,1,4,7,13,6,143,TEST,2,15,1,1,true,6434
21,1,4,7,13,6,144,TEST,3,13,0,0,true,5137
21,1,4,7,13,7,145,TRAINING,0,11,1,6,23754106,fdc8a9be,4443
21,1,4,7,13,7,146,TRAINING,2,15,1,0,23751406,fdc89abe,5752
21,1,4,7,13,7,147,TRAINING,5,8,0,3,23651407,fde89abc,4312
21,1,4,7,13,7,148,TRAINING,7,12,1,7,23451607,fda89ebc,1656
21,1,4,7,13,7,149,TRAINING,6,14,0,5,23051647,fdb89eac,8115
21,1,4,7,13,7,150,TRAINING,4,10,1,6,23015647,fdb98eac,2176
21,1,4,7,13,7,151,TRAINING,5,8,0,7,23017645,fdb9cea8,4320
21,1,4,7,13,7,152,TRAINING,4,10,1,6,26017345,feb9cda8,3624
21,1,4,7,13,7,153,TRAINING,1,9,0,2,26107345,fe9bcda8,1999
21,1,4,7,13,7,154,TRAINING,2,15,1,0,26157340,fe98cdab,2697
21,1,4,7,13,7,155,TRAINING,6,14,0,1,26137540,fe9dc8ab,3129
21,1,4,7,13,7,156,TRAINING,0,11,1,7,26135740,fe9d8cab,2185
21,1,4,7,13,7,157,TRAINING,7,12,1,5,16235740,9efd8cab,1752
21,1,4,7,13,7,158,TRAINING,3,13,0,3,16435720,9ead8cfb,1912
21,1,4,7,13,7,159,TRAINING,1,9,0,2,46135720,ae9d8cfb,1855
21,1,4,7,13,7,160,TRAINING,3,13,0,3,06135724,be9d8cfa,4064
21,1,4,7,13,7,161,TEST,5,8,0,0,true,1079
21,1,4,7,13,7,162,TEST,0,11,1,1,true,7602
21,1,4,7,13,7,163,TEST,2,15,1,1,true,5090
21,1,4,7,13,7,164,TEST,3,13,0,0,true,4482
21,1,4,7,13,7,165,TEST,1,9,0,0,true,3361
21,1,4,7,13,7,166,TEST,6,14,0,0,true,10962
21,1,4,7,13,7,167,TEST,4,10,1,1,true,6554
21,1,4,7,13,7,168,TEST,7,12,1,1,true,5482
21,1,4,7,13,8,169,TRAINING,6,14,0,1,36154207,de98afbc,4925
21,1,4,7,13,8,170,TRAINING,2,15,1,5,36154270,de98afcb,2040
21,1,4,7,13,8,171,TRAINING,5,8,0,7,36104275,de9bafc8,1472
21,1,4,7,13,8,172,TRAINING,1,9,0,2,36140275,de9abfc8,1368
21,1,4,7,13,8,173,TRAINING,4,10,1,6,36170245,de9cbfa8,1616
21,1,4,7,13,8,174,TRAINING,6,14,0,5,32170645,df9cbea8,1520
21,1,4,7,13,8,175,TRAINING,4,10,1,6,32570641,df8cbea9,1312
21,1,4,7,13,8,176,TRAINING,3,13,0,0,32750641,dfc8bea9,1528
21,1,4,7,13,8,177,TRAINING,7,12,1,2,36750241,dec8bfa9,1552
21,1,4,7,13,8,178,TRAINING,0,11,1,6,36754201,dec8afb9,1512
21,1,4,7,13,8,179,TRAINING,3,13,0,5,26754301,fec8adb9,1576
21,1,4,7,13,8,180,TRAINING,1,9,0,7,46752301,aec8fdb9,1481
21,1,4,7,13,8,181,TRAINING,5,8,0,3,06752341,bec8fda9,1431
21,1,4,7,13,8,182,TRAINING,0,11,1,1,60752341,ebc8fda9,1280
21,1,4,7,13,8,183,TRAINING,2,15,1,5,60753241,ebc8dfa9,1128
21,1,4,7,13,8,184,TRAINING,7,12,1,2,10753246,9bc8dfae,3176
21,1,4,7,13,8,185,TEST,4,10,1,1,true,10319
21,1,4,7,13,8,186,TEST,1,9,0,0,true,3330
21,1,4,7,13,8,187,TEST,7,12,1,1,true,4890
21,1,4,7,13,8,188,TEST,6,14,0,0,true,5962
21,1,4,7,13,8,189,TEST,2,15,1,1,true,3474
21,1,4,7,13,8,190,TEST,5,8,0,0,true,2873
21,1,4,7,13,8,191,TEST,0,11,1,1,true,7434
21,1,4,7,13,8,192,TEST,3,13,0,0,true,7162
21,1,4,7,13,INSTRUCT,postquestionnaire,5

rulestrategy:I learned by matching up each block that looked the same and then differentiating if the were A or B so that way even if the blocks looked the same I would be able to know that they had different labels. 
howtoimprove:I think that people shouldn't have to get 100% accuracy on the test, anything above 90% is fair to me.
engagement:10
difficulty:9
:no