211,0,3,17,6,INSTRUCT,instruct1,18588
211,0,3,17,6,INSTRUCT,instructCatExample,8846
211,0,3,17,6,INSTRUCT,instructCatColor,8250
211,0,3,17,6,INSTRUCT,instructCatStripe,7131
211,0,3,17,6,INSTRUCT,instructDemoIntro,11216
211,0,3,17,6,INSTRUCT,instructDemo,89602
211,0,3,17,6,INSTRUCT,instructTest,19328
211,0,3,17,6,INSTRUCT,instructTest2,5078
211,0,3,17,6,INSTRUCT,instructDimColor,4984
211,0,3,17,6,INSTRUCT,instructDimBorder,15737
211,0,3,17,6,INSTRUCT,instructDimDots,1639
211,0,3,17,6,INSTRUCT,instructDimStripe,4812
211,0,3,17,6,INSTRUCT,instructDimAll,24422
211,0,3,17,6,INSTRUCT,instructFinal,5363
211,0,3,17,6,1,1,TRAINING,6,0,0,0,63452017,03892ab1,18250
211,0,3,17,6,1,2,TRAINING,6,0,0,0,63452107,03892ba1,2004
211,0,3,17,6,1,3,TRAINING,2,2,1,4,63452170,03892b1a,2010
211,0,3,17,6,1,4,TRAINING,3,3,0,1,63472150,03812b9a,3300
211,0,3,17,6,1,5,TRAINING,5,9,0,6,03472156,a3812b90,4677
211,0,3,17,6,1,6,TRAINING,2,2,1,5,03471256,a381b290,1867
211,0,3,17,6,1,7,TRAINING,1,11,1,4,07431256,a183b290,15762
211,0,3,17,6,1,8,TRAINING,0,10,1,3,37401256,318ab290,2271
211,0,3,17,6,1,9,TRAINING,6,0,0,7,27401356,218ab390,2525
211,0,3,17,6,1,10,TRAINING,4,8,1,4,27104356,21ba8390,2035
211,0,3,17,6,1,11,TRAINING,2,2,1,0,27134056,21b38a90,2757
211,0,3,17,6,1,12,TRAINING,7,1,0,1,27104356,21ba8390,1415
211,0,3,17,6,1,13,TRAINING,6,0,0,7,27104536,21ba8930,12454
211,0,3,17,6,1,14,TRAINING,4,8,1,5,27105436,21ba9830,1396
211,0,3,17,6,1,15,TRAINING,2,2,1,1,72105436,12ba9830,2286
211,0,3,17,6,1,16,TRAINING,3,3,0,6,72165430,12b0983a,1027
211,0,3,17,6,1,17,TEST,6,0,0,0,true,4734
211,0,3,17,6,1,18,TEST,5,9,0,1,false,1277
211,0,3,17,6,1,19,TEST,0,10,1,1,true,721
211,0,3,17,6,1,20,TEST,3,3,0,0,true,1594
211,0,3,17,6,1,21,TEST,2,2,1,1,true,589
211,0,3,17,6,1,22,TEST,7,1,0,1,false,606
211,0,3,17,6,1,23,TEST,1,11,1,1,true,591
211,0,3,17,6,1,24,TEST,4,8,1,0,false,422
211,0,3,17,6,2,25,TRAINING,2,2,1,0,26475130,20819b3a,3547
211,0,3,17,6,2,26,TRAINING,6,0,0,4,25476130,29810b3a,4113
211,0,3,17,6,2,27,TRAINING,3,3,0,1,23476150,23810b9a,12191
211,0,3,17,6,2,28,TRAINING,4,8,1,5,23176450,23b1089a,6755
211,0,3,17,6,2,29,TRAINING,5,9,0,6,13276450,b321089a,6520
211,0,3,17,6,2,30,TRAINING,1,11,1,7,03276451,a321089b,1413
211,0,3,17,6,2,31,TRAINING,7,1,0,3,02376451,a231089b,5489
211,0,3,17,6,2,32,TRAINING,3,3,0,2,02374651,a231809b,1239
211,0,3,17,6,2,33,TRAINING,2,2,1,1,12374650,b231809a,1102
211,0,3,17,6,2,34,TRAINING,6,0,0,5,42371650,8231b09a,5112
211,0,3,17,6,2,35,TRAINING,2,2,1,1,42571630,8291b03a,1795
211,0,3,17,6,2,36,TRAINING,7,1,0,3,52471630,9281b03a,1328
211,0,3,17,6,2,37,TRAINING,3,3,0,0,32471650,3281b09a,1604
211,0,3,17,6,2,38,TRAINING,1,11,1,4,32571640,3291b08a,1617
211,0,3,17,6,2,39,TRAINING,5,9,0,5,32671540,3201b98a,2690
211,0,3,17,6,2,40,TRAINING,1,11,1,4,02671543,a201b983,1571
211,0,3,17,6,2,41,TEST,5,9,0,0,true,721
211,0,3,17,6,2,42,TEST,7,1,0,1,false,572
211,0,3,17,6,2,43,TEST,2,2,1,0,false,584
211,0,3,17,6,2,44,TEST,3,3,0,1,false,582
211,0,3,17,6,2,45,TEST,0,10,1,1,true,453
211,0,3,17,6,2,46,TEST,6,0,0,0,true,797
211,0,3,17,6,2,47,TEST,1,11,1,0,false,470
211,0,3,17,6,2,48,TEST,4,8,1,0,false,579
211,0,3,17,6,3,49,TRAINING,2,2,1,0,25146307,29b803a1,7535
211,0,3,17,6,3,50,TRAINING,6,0,0,4,25176304,29b103a8,1180
211,0,3,17,6,3,51,TRAINING,3,3,0,5,21576304,2b9103a8,7145
211,0,3,17,6,3,52,TRAINING,7,1,0,3,21476305,2b8103a9,2723
211,0,3,17,6,3,53,TRAINING,1,11,1,1,21476350,2b81039a,6161
211,0,3,17,6,3,54,TRAINING,6,0,0,4,21476053,2b810a93,9288
211,0,3,17,6,3,55,TRAINING,4,8,1,2,21436057,2b830a91,10663
211,0,3,17,6,3,56,TRAINING,0,10,1,6,21436507,2b8309a1,5801
211,0,3,17,6,3,57,TRAINING,6,0,0,0,61432507,0b8329a1,10802
211,0,3,17,6,3,58,TRAINING,5,9,0,5,63412507,038b29a1,1096
211,0,3,17,6,3,59,TRAINING,5,9,0,5,61432507,0b8329a1,2458
211,0,3,17,6,3,60,TRAINING,7,1,0,7,60432517,0a8329b1,3957
211,0,3,17,6,3,61,TRAINING,4,8,1,2,60423517,0a8239b1,2212
211,0,3,17,6,3,62,TRAINING,1,11,1,6,60425317,0a8293b1,1048
211,0,3,17,6,3,63,TRAINING,5,9,0,4,70425316,1a8293b0,4723
211,0,3,17,6,3,64,TRAINING,1,11,1,6,40725316,8a1293b0,3080
211,0,3,17,6,3,65,TEST,2,2,1,1,true,7250
211,0,3,17,6,3,66,TEST,6,0,0,0,true,3016
211,0,3,17,6,3,67,TEST,7,1,0,0,true,4237
211,0,3,17,6,3,68,TEST,5,9,0,0,true,4755
211,0,3,17,6,3,69,TEST,3,3,0,0,true,609
211,0,3,17,6,3,70,TEST,0,10,1,1,true,2453
211,0,3,17,6,3,71,TEST,1,11,1,0,false,1485
211,0,3,17,6,3,72,TEST,4,8,1,0,false,2487
211,0,3,17,6,4,73,TRAINING,6,0,0,4,50176243,9ab10283,4471
211,0,3,17,6,4,74,TRAINING,2,2,1,5,50136247,9ab30281,1212
211,0,3,17,6,4,75,TRAINING,7,1,0,7,10536247,ba930281,2540
211,0,3,17,6,4,76,TRAINING,3,3,0,0,30516247,3a9b0281,9909
211,0,3,17,6,4,77,TRAINING,4,8,1,6,36510247,309ba281,10929
211,0,3,17,6,4,78,TRAINING,1,11,1,3,36210547,302ba981,7661
211,0,3,17,6,4,79,TRAINING,0,10,1,4,63210547,032ba981,4955
211,0,3,17,6,4,80,TRAINING,5,9,0,5,23610547,230ba981,3565
211,0,3,17,6,4,81,TRAINING,2,2,1,0,21630547,2b03a981,8810
211,0,3,17,6,4,82,TRAINING,4,8,1,3,21640537,2b08a931,1381
211,0,3,17,6,4,83,TRAINING,5,9,0,5,27640531,2108a93b,1775
211,0,3,17,6,4,84,TRAINING,5,9,0,5,21640537,2b08a931,2191
211,0,3,17,6,4,85,TRAINING,4,8,1,2,21460537,2b80a931,1382
211,0,3,17,6,4,86,TRAINING,1,11,1,4,20461537,2a80b931,2277
211,0,3,17,6,4,87,TRAINING,5,9,0,5,20471536,2a81b930,2661
211,0,3,17,6,4,88,TRAINING,4,8,1,2,26471530,2081b93a,1895
211,0,3,17,6,4,89,TEST,3,3,0,1,false,7144
211,0,3,17,6,4,90,TEST,0,10,1,0,false,950
211,0,3,17,6,4,91,TEST,6,0,0,1,false,2291
211,0,3,17,6,4,92,TEST,2,2,1,0,false,1031
211,0,3,17,6,4,93,TEST,1,11,1,1,true,49372
211,0,3,17,6,4,94,TEST,5,9,0,0,true,1909
211,0,3,17,6,4,95,TEST,4,8,1,0,false,610
211,0,3,17,6,4,96,TEST,7,1,0,0,true,1704
211,0,3,17,6,5,97,TRAINING,5,9,0,5,67324501,013289ab,2140
211,0,3,17,6,5,98,TRAINING,0,10,1,6,67234501,012389ab,1044
211,0,3,17,6,5,99,TRAINING,4,8,1,7,67231504,0123b9a8,1514
211,0,3,17,6,5,100,TRAINING,6,0,0,0,65231704,0923b1a8,1300
211,0,3,17,6,5,101,TRAINING,3,3,0,3,65132704,09b321a8,1705
211,0,3,17,6,5,102,TRAINING,0,10,1,6,65432701,098321ab,1990
211,0,3,17,6,5,103,TRAINING,7,1,0,5,65431702,0983b1a2,961
211,0,3,17,6,5,104,TRAINING,5,9,0,1,15436702,b98301a2,1090
211,0,3,17,6,5,105,TRAINING,0,10,1,2,15036742,b9a30182,1271
211,0,3,17,6,5,106,TRAINING,6,0,0,7,15032746,b9a32180,1176
211,0,3,17,6,5,107,TRAINING,7,1,0,5,25031746,29a3b180,1910
211,0,3,17,6,5,108,TRAINING,3,3,0,3,25130746,29b3a180,1019
211,0,3,17,6,5,109,TRAINING,7,1,0,5,25630741,2903a18b,988
211,0,3,17,6,5,110,TRAINING,6,0,0,2,45630721,8903a12b,1437
211,0,3,17,6,5,111,TRAINING,2,2,1,6,54630721,9803a12b,1566
211,0,3,17,6,5,112,TRAINING,0,10,1,4,45630721,8903a12b,1320
211,0,3,17,6,5,113,TEST,3,3,0,0,true,1219
211,0,3,17,6,5,114,TEST,5,9,0,0,true,391
211,0,3,17,6,5,115,TEST,7,1,0,0,true,344
211,0,3,17,6,5,116,TEST,2,2,1,1,true,617
211,0,3,17,6,5,117,TEST,0,10,1,1,true,766
211,0,3,17,6,5,118,TEST,4,8,1,0,false,375
211,0,3,17,6,5,119,TEST,6,0,0,0,true,534
211,0,3,17,6,5,120,TEST,1,11,1,0,false,547
211,0,3,17,6,6,121,TRAINING,3,3,0,4,12543067,b2983a01,1000
211,0,3,17,6,6,122,TRAINING,4,8,1,5,12503467,b29a3801,2118
211,0,3,17,6,6,123,TRAINING,6,0,0,6,10523467,ba923801,1690
211,0,3,17,6,6,124,TRAINING,7,1,0,7,50123467,9ab23801,963
211,0,3,17,6,6,125,TRAINING,2,2,1,2,50213467,9a2b3801,2042
211,0,3,17,6,6,126,TRAINING,3,3,0,4,54213067,982b3a01,4126
211,0,3,17,6,6,127,TRAINING,6,0,0,6,45213067,892b3a01,1415
211,0,3,17,6,6,128,TRAINING,1,11,1,1,41253067,8b293a01,1072
211,0,3,17,6,6,129,TRAINING,0,10,1,0,01253467,ab293801,1207
211,0,3,17,6,6,130,TRAINING,4,8,1,5,01653427,ab093821,1045
211,0,3,17,6,6,131,TRAINING,5,9,0,6,01623457,ab023891,1314
211,0,3,17,6,6,132,TRAINING,2,2,1,0,21603457,2b0a3891,11249
211,0,3,17,6,6,133,TRAINING,5,9,0,6,26103457,20ba3891,978
211,0,3,17,6,6,134,TRAINING,4,8,1,2,26403157,208a3b91,1033
211,0,3,17,6,6,135,TRAINING,0,10,1,3,21403657,2b8a3091,1003
211,0,3,17,6,6,136,TRAINING,4,8,1,2,26403157,208a3b91,1623
211,0,3,17,6,6,137,TEST,7,1,0,0,true,2084
211,0,3,17,6,6,138,TEST,1,11,1,1,true,1636
211,0,3,17,6,6,139,TEST,3,3,0,0,true,6774
211,0,3,17,6,6,140,TEST,5,9,0,0,true,891
211,0,3,17,6,6,141,TEST,0,10,1,1,true,749
211,0,3,17,6,6,142,TEST,4,8,1,1,true,2188
211,0,3,17,6,6,143,TEST,2,2,1,0,false,938
211,0,3,17,6,6,144,TEST,6,0,0,0,true,700
211,0,3,17,6,7,145,TRAINING,0,10,1,0,03261547,a320b981,2547
211,0,3,17,6,7,146,TRAINING,2,2,1,2,01263547,ab203981,3222
211,0,3,17,6,7,147,TRAINING,3,3,0,4,04263517,a82039b1,2654
211,0,3,17,6,7,148,TRAINING,6,0,0,6,04213567,a82b3901,2216
211,0,3,17,6,7,149,TRAINING,7,1,0,7,14203567,b82a3901,1705
211,0,3,17,6,7,150,TRAINING,1,11,1,0,13204567,b32a8901,5176
211,0,3,17,6,7,151,TRAINING,0,10,1,4,13240567,b328a901,2307
211,0,3,17,6,7,152,TRAINING,4,8,1,3,13740562,b318a902,5674
211,0,3,17,6,7,153,TRAINING,5,9,0,5,13640572,b308a912,3867
211,0,3,17,6,7,154,TRAINING,5,9,0,5,13647502,b30819a2,1291
211,0,3,17,6,7,155,TRAINING,5,9,0,5,23647501,230819ab,10744
211,0,3,17,6,7,156,TRAINING,3,3,0,4,27643501,210839ab,1183
211,0,3,17,6,7,157,TRAINING,0,10,1,6,27143506,21b839a0,6976
211,0,3,17,6,7,158,TRAINING,6,0,0,7,27413506,218b39a0,6006
211,0,3,17,6,7,159,TRAINING,3,3,0,4,24713506,281b39a0,1510
211,0,3,17,6,7,160,TRAINING,7,1,0,2,21743506,2b1839a0,1336
211,0,3,17,6,7,161,TEST,3,3,0,1,false,9034
211,0,3,17,6,7,162,TEST,5,9,0,1,false,3235
211,0,3,17,6,7,163,TEST,6,0,0,0,true,1672
211,0,3,17,6,7,164,TEST,7,1,0,1,false,2424
211,0,3,17,6,7,165,TEST,2,2,1,1,true,1528
211,0,3,17,6,7,166,TEST,1,11,1,1,true,2094
211,0,3,17,6,7,167,TEST,0,10,1,1,true,1449
211,0,3,17,6,7,168,TEST,4,8,1,0,false,422
211,0,3,17,6,8,169,TRAINING,6,0,0,0,60341527,0a38b921,8469
211,0,3,17,6,8,170,TRAINING,3,3,0,5,60541327,0a98b321,1739
211,0,3,17,6,8,171,TRAINING,2,2,1,6,60514327,0a9b8321,1225
211,0,3,17,6,8,172,TRAINING,7,1,0,2,60714325,0a1b8329,1040
211,0,3,17,6,8,173,TRAINING,0,10,1,1,60715324,0a1b9328,6350
211,0,3,17,6,8,174,TRAINING,5,9,0,4,40715326,8a1b9320,1221
211,0,3,17,6,8,175,TRAINING,4,8,1,6,20715346,2a1b9380,1463
211,0,3,17,6,8,176,TRAINING,1,11,1,3,02715346,a21b9380,4004
211,0,3,17,6,8,177,TRAINING,5,9,0,4,20715346,2a1b9380,6507
211,0,3,17,6,8,178,TRAINING,3,3,0,5,40715326,8a1b9320,1254
211,0,3,17,6,8,179,TRAINING,1,11,1,3,70415326,1a8b9320,1272
211,0,3,17,6,8,180,TRAINING,6,0,0,7,70215346,1a2b9380,1261
211,0,3,17,6,8,181,TRAINING,1,11,1,3,70214356,1a2b8390,920
211,0,3,17,6,8,182,TRAINING,0,10,1,1,50214376,9a2b8310,804
211,0,3,17,6,8,183,TRAINING,7,1,0,6,50412376,9a8b2310,839
211,0,3,17,6,8,184,TRAINING,3,3,0,5,50421376,9a82b310,933
211,0,3,17,6,8,185,TEST,6,0,0,1,false,2172
211,0,3,17,6,8,186,TEST,5,9,0,0,true,3009
211,0,3,17,6,8,187,TEST,4,8,1,1,true,600
211,0,3,17,6,8,188,TEST,7,1,0,1,false,500
211,0,3,17,6,8,189,TEST,3,3,0,0,true,484
211,0,3,17,6,8,190,TEST,0,10,1,1,true,2530
211,0,3,17,6,8,191,TEST,1,11,1,1,true,969
211,0,3,17,6,8,192,TEST,2,2,1,1,true,829
211,0,3,17,6,9,193,TRAINING,3,3,0,0,31052647,3ba92081,2051
211,0,3,17,6,9,194,TRAINING,4,8,1,6,31056247,3ba90281,1175
211,0,3,17,6,9,195,TRAINING,1,11,1,1,31076245,3ba10289,1022
211,0,3,17,6,9,196,TRAINING,2,2,1,5,31067245,3ba01289,1456
211,0,3,17,6,9,197,TRAINING,0,10,1,2,31057246,3ba91280,1453
211,0,3,17,6,9,198,TRAINING,4,8,1,6,37051246,31a9b280,925
211,0,3,17,6,9,199,TRAINING,2,2,1,5,67051243,01a9b283,1832
211,0,3,17,6,9,200,TRAINING,1,11,1,4,67351240,0139b28a,2070
211,0,3,17,6,9,201,TRAINING,0,10,1,7,67531240,0193b28a,2541
211,0,3,17,6,9,202,TRAINING,5,9,0,2,63571240,0391b28a,975
211,0,3,17,6,9,203,TRAINING,3,3,0,1,63572140,03912b8a,1597
211,0,3,17,6,9,204,TRAINING,6,0,0,6,43572160,83912b0a,1105
211,0,3,17,6,9,205,TRAINING,2,2,1,4,43752160,83192b0a,1045
211,0,3,17,6,9,206,TRAINING,4,8,1,3,53742160,93182b0a,4943
211,0,3,17,6,9,207,TRAINING,0,10,1,7,53142760,93b8210a,1179
211,0,3,17,6,9,208,TRAINING,5,9,0,0,53142670,93b8201a,3991
211,0,3,17,6,9,209,TEST,5,9,0,0,true,1218
211,0,3,17,6,9,210,TEST,1,11,1,1,true,2140
211,0,3,17,6,9,211,TEST,0,10,1,1,true,391
211,0,3,17,6,9,212,TEST,2,2,1,0,false,3641
211,0,3,17,6,9,213,TEST,4,8,1,1,true,453
211,0,3,17,6,9,214,TEST,6,0,0,1,false,610
211,0,3,17,6,9,215,TEST,3,3,0,1,false,3438
211,0,3,17,6,9,216,TEST,7,1,0,1,false,578
211,0,3,17,6,10,217,TRAINING,4,8,1,2,71423065,1b823a09,2998
211,0,3,17,6,10,218,TRAINING,6,0,0,6,73421065,1382ba09,1214
211,0,3,17,6,10,219,TRAINING,0,10,1,5,71423065,1b823a09,1133
211,0,3,17,6,10,220,TRAINING,7,1,0,0,71523064,1b923a08,1083
211,0,3,17,6,10,221,TRAINING,0,10,1,5,71623054,1b023a98,12651
211,0,3,17,6,10,222,TRAINING,1,11,1,6,75623014,19023ab8,1754
211,0,3,17,6,10,223,TRAINING,3,3,0,4,57623014,91023ab8,2926
211,0,3,17,6,10,224,TRAINING,0,10,1,5,52673014,92013ab8,2660
211,0,3,17,6,10,225,TRAINING,4,8,1,0,42673015,82013ab9,1724
211,0,3,17,6,10,226,TRAINING,1,11,1,6,47623015,81023ab9,1363
211,0,3,17,6,10,227,TRAINING,5,9,0,7,47620315,8102a3b9,1280
211,0,3,17,6,10,228,TRAINING,2,2,1,5,47630215,8103a2b9,6333
211,0,3,17,6,10,229,TRAINING,7,1,0,1,37640215,3108a2b9,1173
211,0,3,17,6,10,230,TRAINING,3,3,0,0,37460215,3180a2b9,2336
211,0,3,17,6,10,231,TRAINING,0,10,1,4,37640215,3108a2b9,8443
211,0,3,17,6,10,232,TRAINING,5,9,0,1,35640217,3908a2b1,1172
211,0,3,17,6,10,233,TEST,3,3,0,1,false,6531
211,0,3,17,6,10,234,TEST,6,0,0,0,true,5378
211,0,3,17,6,10,235,TEST,5,9,0,0,true,4783
211,0,3,17,6,10,236,TEST,1,11,1,0,false,563
211,0,3,17,6,10,237,TEST,7,1,0,0,true,4338
211,0,3,17,6,10,238,TEST,0,10,1,1,true,4692
211,0,3,17,6,10,239,TEST,2,2,1,0,false,3375
211,0,3,17,6,10,240,TEST,4,8,1,0,false,2709
211,0,3,17,6,11,241,TRAINING,2,2,1,4,15362407,b93028a1,4015
211,0,3,17,6,11,242,TRAINING,7,1,0,5,15362704,b93021a8,1417
211,0,3,17,6,11,243,TRAINING,3,3,0,2,15362740,b930218a,1519
211,0,3,17,6,11,244,TRAINING,2,2,1,4,15362704,b93021a8,4583
211,0,3,17,6,11,245,TRAINING,1,11,1,0,15342706,b93821a0,2477
211,0,3,17,6,11,246,TRAINING,5,9,0,1,15642703,b90821a3,1222
211,0,3,17,6,11,247,TRAINING,4,8,1,3,15647203,b90812a3,7305
211,0,3,17,6,11,248,TRAINING,0,10,1,6,15347206,b93812a0,1329
211,0,3,17,6,11,249,TRAINING,5,9,0,4,17345206,b13892a0,4441
211,0,3,17,6,11,250,TRAINING,4,8,1,7,17365204,b13092a8,3676
211,0,3,17,6,11,251,TRAINING,7,1,0,3,16375204,b03192a8,1836
211,0,3,17,6,11,252,TRAINING,3,3,0,2,61375204,0b3192a8,5317
211,0,3,17,6,11,253,TRAINING,7,1,0,3,61375240,0b31928a,1261
211,0,3,17,6,11,254,TRAINING,6,0,0,0,61375420,0b31982a,925
211,0,3,17,6,11,255,TRAINING,0,10,1,7,61573420,0b91382a,581
211,0,3,17,6,11,256,TRAINING,4,8,1,5,61537420,0b93182a,529
211,0,3,17,6,11,257,TEST,6,0,0,0,true,5578
211,0,3,17,6,11,258,TEST,7,1,0,0,true,1435
211,0,3,17,6,11,259,TEST,1,11,1,0,false,4207
211,0,3,17,6,11,260,TEST,2,2,1,1,true,9818
211,0,3,17,6,11,261,TEST,4,8,1,1,true,6726
211,0,3,17,6,11,262,TEST,5,9,0,0,true,2229
211,0,3,17,6,11,263,TEST,3,3,0,0,true,2912
211,0,3,17,6,11,264,TEST,0,10,1,1,true,3380
211,0,3,17,6,12,265,TRAINING,2,2,1,4,65342701,093821ab,24162
211,0,3,17,6,12,266,TRAINING,3,3,0,2,64352701,083921ab,6630
211,0,3,17,6,12,267,TRAINING,7,1,0,5,60352741,0a39218b,925
211,0,3,17,6,12,268,TRAINING,4,8,1,6,10352746,ba392180,12908
211,0,3,17,6,12,269,TRAINING,5,9,0,3,12350746,b239a180,2222
211,0,3,17,6,12,270,TRAINING,0,10,1,4,12650743,b209a183,3145
211,0,3,17,6,12,271,TRAINING,3,3,0,7,12650473,b209a813,1603
211,0,3,17,6,12,272,TRAINING,0,10,1,4,12650743,b209a183,3869
211,0,3,17,6,12,273,TRAINING,4,8,1,6,15620743,b902a183,1268
211,0,3,17,6,12,274,TRAINING,5,9,0,1,15260743,b920a183,975
211,0,3,17,6,12,275,TRAINING,0,10,1,4,15270643,b921a083,1648
211,0,3,17,6,12,276,TRAINING,3,3,0,7,15270463,b921a803,1113
211,0,3,17,6,12,277,TRAINING,6,0,0,6,15470263,b981a203,1067
211,0,3,17,6,12,278,TRAINING,5,9,0,4,10475263,ba819203,1404
211,0,3,17,6,12,279,TRAINING,2,2,1,5,13475260,b381920a,1621
211,0,3,17,6,12,280,TRAINING,2,2,1,5,13675240,b301928a,3893
211,0,3,17,6,12,281,TEST,0,10,1,1,true,9692
211,0,3,17,6,12,282,TEST,5,9,0,0,true,3844
211,0,3,17,6,12,283,TEST,4,8,1,1,true,5940
211,0,3,17,6,12,284,TEST,2,2,1,1,true,8530
211,0,3,17,6,12,285,TEST,3,3,0,0,true,4328
211,0,3,17,6,12,286,TEST,6,0,0,0,true,969
211,0,3,17,6,12,287,TEST,1,11,1,1,true,4269
211,0,3,17,6,12,288,TEST,7,1,0,0,true,2031
211,0,3,17,6,13,289,TRAINING,0,10,1,4,53240671,9328a01b,20390
211,0,3,17,6,13,290,TRAINING,4,8,1,3,13240675,b328a019,2129
211,0,3,17,6,13,291,TRAINING,5,9,0,2,13540672,b398a012,955
211,0,3,17,6,13,292,TRAINING,2,2,1,7,31540672,3b98a012,7787
211,0,3,17,6,13,293,TRAINING,6,0,0,5,01543672,ab983012,1196
211,0,3,17,6,13,294,TRAINING,3,3,0,0,31540672,3b98a012,1055
211,0,3,17,6,13,295,TRAINING,6,0,0,5,30541672,3a98b012,2600
211,0,3,17,6,13,296,TRAINING,3,3,0,0,37541602,3198b0a2,1492
211,0,3,17,6,13,297,TRAINING,6,0,0,5,37514602,319b80a2,1205
211,0,3,17,6,13,298,TRAINING,4,8,1,4,37154602,31b980a2,2179
211,0,3,17,6,13,299,TRAINING,7,1,0,1,37124605,31b280a9,1462
211,0,3,17,6,13,300,TRAINING,6,0,0,5,57124603,91b280a3,941
211,0,3,17,6,13,301,TRAINING,4,8,1,4,57124630,91b2803a,16140
211,0,3,17,6,13,302,TRAINING,6,0,0,5,57214630,912b803a,1332
211,0,3,17,6,13,303,TRAINING,5,9,0,0,51274630,9b21803a,1107
211,0,3,17,6,13,304,TRAINING,4,8,1,4,51724630,9b12803a,1659
211,0,3,17,6,13,305,TEST,6,0,0,0,true,3485
211,0,3,17,6,13,306,TEST,2,2,1,1,true,2140
211,0,3,17,6,13,307,TEST,7,1,0,0,true,959
211,0,3,17,6,13,308,TEST,4,8,1,1,true,7458
211,0,3,17,6,13,309,TEST,1,11,1,1,true,1063
211,0,3,17,6,13,310,TEST,5,9,0,0,true,1583
211,0,3,17,6,13,311,TEST,3,3,0,0,true,6097
211,0,3,17,6,13,312,TEST,0,10,1,0,false,808
211,0,3,17,6,14,313,TRAINING,2,2,1,5,76503214,109a32b8,5783
211,0,3,17,6,14,314,TRAINING,3,3,0,4,76403215,108a32b9,1264
211,0,3,17,6,14,315,TRAINING,4,8,1,2,67403215,018a32b9,1413
211,0,3,17,6,14,316,TRAINING,5,9,0,7,62403715,028a31b9,956
211,0,3,17,6,14,317,TRAINING,0,10,1,3,61403725,0b8a3129,990
211,0,3,17,6,14,318,TRAINING,1,11,1,5,67403125,018a3b29,1754
211,0,3,17,6,14,319,TRAINING,3,3,0,4,62403175,028a3b19,1332
211,0,3,17,6,14,320,TRAINING,4,8,1,2,26403175,208a3b19,954
211,0,3,17,6,14,321,TRAINING,1,11,1,5,62403175,028a3b19,1076
211,0,3,17,6,14,322,TRAINING,7,1,0,6,60423175,0a823b19,975
211,0,3,17,6,14,323,TRAINING,3,3,0,4,40623175,8a023b19,975
211,0,3,17,6,14,324,TRAINING,7,1,0,6,40123675,8ab23019,1123
211,0,3,17,6,14,325,TRAINING,3,3,0,4,40153672,8ab93012,2315
211,0,3,17,6,14,326,TRAINING,5,9,0,3,20153674,2ab93018,1395
211,0,3,17,6,14,327,TRAINING,1,11,1,2,40153672,8ab93012,1579
211,0,3,17,6,14,328,TRAINING,0,10,1,1,30154672,3ab98012,1096
211,0,3,17,6,14,329,TEST,0,10,1,1,true,3097
211,0,3,17,6,14,330,TEST,4,8,1,0,false,2766
211,0,3,17,6,14,331,TEST,5,9,0,1,false,2143
211,0,3,17,6,14,332,TEST,1,11,1,1,true,6831
211,0,3,17,6,14,333,TEST,7,1,0,0,true,2768
211,0,3,17,6,14,334,TEST,3,3,0,0,true,1625
211,0,3,17,6,14,335,TEST,6,0,0,0,true,818
211,0,3,17,6,14,336,TEST,2,2,1,1,true,500
211,0,3,17,6,15,337,TRAINING,1,11,1,4,36541072,3098ba12,4418
211,0,3,17,6,15,338,TRAINING,5,9,0,2,36541027,3098ba21,2402
211,0,3,17,6,15,339,TRAINING,4,8,1,0,46531027,8093ba21,2288
211,0,3,17,6,15,340,TRAINING,2,2,1,4,46532017,80932ab1,1737
211,0,3,17,6,15,341,TRAINING,6,0,0,1,46732015,80132ab9,1627
211,0,3,17,6,15,342,TRAINING,3,3,0,5,46702315,801a23b9,1238
211,0,3,17,6,15,343,TRAINING,7,1,0,2,16702345,b01a2389,1088
211,0,3,17,6,15,344,TRAINING,5,9,0,7,06712345,a01b2389,2462
211,0,3,17,6,15,345,TRAINING,4,8,1,6,16702345,b01a2389,1375
211,0,3,17,6,15,346,TRAINING,0,10,1,3,76102345,10ba2389,925
211,0,3,17,6,15,347,TRAINING,1,11,1,0,16702345,b01a2389,1569
211,0,3,17,6,15,348,TRAINING,4,8,1,6,12706345,b21a0389,1290
211,0,3,17,6,15,349,TRAINING,0,10,1,3,15706342,b91a0382,1430
211,0,3,17,6,15,350,TRAINING,5,9,0,1,15607342,b90a1382,1396
211,0,3,17,6,15,351,TRAINING,3,3,0,5,15602347,b90a2381,1531
211,0,3,17,6,15,352,TRAINING,6,0,0,4,15206347,b92a0381,1141
211,0,3,17,6,15,353,TEST,1,11,1,1,true,5891
211,0,3,17,6,15,354,TEST,5,9,0,0,true,9091
211,0,3,17,6,15,355,TEST,7,1,0,0,true,2860
211,0,3,17,6,15,356,TEST,4,8,1,1,true,5788
211,0,3,17,6,15,357,TEST,0,10,1,1,true,3454
211,0,3,17,6,15,358,TEST,6,0,0,0,true,3516
211,0,3,17,6,15,359,TEST,2,2,1,1,true,9556
211,0,3,17,6,15,360,TEST,3,3,0,0,true,1235
211,0,3,17,6,16,361,TRAINING,2,2,1,6,50417326,9a8b1320,3801
211,0,3,17,6,16,362,TRAINING,3,3,0,5,51407326,9b8a1320,2488
211,0,3,17,6,16,363,TRAINING,7,1,0,4,41507326,8b9a1320,1281
211,0,3,17,6,16,364,TRAINING,5,9,0,2,61507324,0b9a1328,1152
211,0,3,17,6,16,365,TRAINING,0,10,1,0,01567324,ab901328,3102
211,0,3,17,6,16,366,TRAINING,1,11,1,6,02567314,a29013b8,1365
211,0,3,17,6,16,367,TRAINING,4,8,1,1,04567312,a89013b2,995
211,0,3,17,6,16,368,TRAINING,5,9,0,3,04657312,a80913b2,1207
211,0,3,17,6,16,369,TRAINING,5,9,0,3,04652317,a80923b1,3316
211,0,3,17,6,16,370,TRAINING,2,2,1,4,14652307,b80923a1,2275
211,0,3,17,6,16,371,TRAINING,3,3,0,0,34652107,38092ba1,1529
211,0,3,17,6,16,372,TRAINING,0,10,1,6,34652701,380921ab,2571
211,0,3,17,6,16,373,TRAINING,1,11,1,3,34612705,380b21a9,973
211,0,3,17,6,16,374,TRAINING,5,9,0,1,35612704,390b21a8,1041
211,0,3,17,6,16,375,TRAINING,0,10,1,6,25613704,290b31a8,1352
211,0,3,17,6,16,376,TRAINING,6,0,0,2,25673104,29013ba8,975
211,0,3,17,6,16,377,TEST,5,9,0,0,true,6643
211,0,3,17,6,16,378,TEST,0,10,1,1,true,6175
211,0,3,17,6,16,379,TEST,4,8,1,1,true,9966
211,0,3,17,6,16,380,TEST,3,3,0,0,true,2502
211,0,3,17,6,16,381,TEST,2,2,1,1,true,2750
211,0,3,17,6,16,382,TEST,6,0,0,0,true,422
211,0,3,17,6,16,383,TEST,1,11,1,1,true,2922
211,0,3,17,6,16,384,TEST,7,1,0,0,true,2594
211,0,3,17,6,INSTRUCT,postquestionnaire,0

rulestrategy:i tried to remember the only one that is in the letter group and i memorized the letter and the picture.
howtoimprove:no
engagement:9
difficulty:6
physicalaids:no