213,1,4,13,8,INSTRUCT,instruct1,32620
213,1,4,13,8,INSTRUCT,instructCatExample,6568
213,1,4,13,8,INSTRUCT,instructCatColor,12939
213,1,4,13,8,INSTRUCT,instructCatStripe,4835
213,1,4,13,8,INSTRUCT,instructDemoIntro,2210
213,1,4,13,8,INSTRUCT,instructDemo,21068
213,1,4,13,8,INSTRUCT,instructTest,11489
213,1,4,13,8,INSTRUCT,instructTest2,6489
213,1,4,13,8,INSTRUCT,instructDimColor,15996
213,1,4,13,8,INSTRUCT,instructDimBorder,5082
213,1,4,13,8,INSTRUCT,instructDimDots,3432
213,1,4,13,8,INSTRUCT,instructDimStripe,1795
213,1,4,13,8,INSTRUCT,instructDimAll,5085
213,1,4,13,8,INSTRUCT,instructFinal,7535
213,1,4,13,8,1,1,TRAINING,3,14,0,3,21534067,a67e32bf,2042
213,1,4,13,8,1,2,TRAINING,2,10,1,0,26534017,ab7e326f,6962
213,1,4,13,8,1,3,TRAINING,7,15,1,7,25634017,a7be326f,8317
213,1,4,13,8,1,4,TRAINING,7,15,1,7,25643017,a7b3e26f,5653
213,1,4,13,8,1,5,TRAINING,4,3,1,3,65243017,b7a3e26f,16329
213,1,4,13,8,1,6,TRAINING,5,7,0,1,15243067,67a3e2bf,5420
213,1,4,13,8,1,7,TRAINING,3,14,0,4,65243017,b7a3e26f,2969
213,1,4,13,8,1,8,TRAINING,1,6,0,5,65243107,b7a3e62f,3114
213,1,4,13,8,1,9,TRAINING,5,7,0,1,65423107,b73ae62f,1736
213,1,4,13,8,1,10,TRAINING,0,2,1,0,05423167,273ae6bf,1730
213,1,4,13,8,1,11,TRAINING,1,6,0,5,05423176,273ae6fb,1519
213,1,4,13,8,1,12,TRAINING,0,2,1,0,03425176,2e3a76fb,1689
213,1,4,13,8,1,13,TRAINING,6,11,0,7,03524176,2e7a36fb,1861
213,1,4,13,8,1,14,TRAINING,4,3,1,4,01524376,267a3efb,2233
213,1,4,13,8,1,15,TRAINING,2,10,1,3,03524176,2e7a36fb,2517
213,1,4,13,8,1,16,TRAINING,6,11,0,7,03524716,2e7a3f6b,8533
213,1,4,13,8,1,17,TEST,2,10,1,1,true,4911
213,1,4,13,8,1,18,TEST,5,7,0,0,true,6650
213,1,4,13,8,1,19,TEST,3,14,0,0,true,20875
213,1,4,13,8,1,20,TEST,6,11,0,1,false,1328
213,1,4,13,8,1,21,TEST,4,3,1,1,true,779
213,1,4,13,8,1,22,TEST,1,6,0,0,true,753
213,1,4,13,8,1,23,TEST,7,15,1,0,false,502
213,1,4,13,8,1,24,TEST,0,2,1,1,true,1608
213,1,4,13,8,2,25,TRAINING,1,6,0,2,02136547,2a6eb73f,2740
213,1,4,13,8,2,26,TRAINING,2,10,1,1,02134567,2a6e37bf,5538
213,1,4,13,8,2,27,TRAINING,3,14,0,4,02143567,2a63e7bf,2766
213,1,4,13,8,2,28,TRAINING,5,7,0,0,52143067,7a63e2bf,1471
213,1,4,13,8,2,29,TRAINING,2,10,1,1,52103467,7a62e3bf,1694
213,1,4,13,8,2,30,TRAINING,6,11,0,6,52107463,7a62f3be,1670
213,1,4,13,8,2,31,TRAINING,4,3,1,5,72105463,fa6273be,1481
213,1,4,13,8,2,32,TRAINING,4,3,1,5,71205463,f6a273be,1517
213,1,4,13,8,2,33,TRAINING,0,2,1,3,61205473,b6a273fe,2863
213,1,4,13,8,2,34,TRAINING,1,6,0,4,65201473,b7a263fe,2481
213,1,4,13,8,2,35,TRAINING,3,14,0,7,56201473,7ba263fe,2073
213,1,4,13,8,2,36,TRAINING,6,11,0,1,56401273,7b326afe,1579
213,1,4,13,8,2,37,TRAINING,5,7,0,3,06451273,2b376afe,6522
213,1,4,13,8,2,38,TRAINING,0,2,1,7,36451270,eb376af2,1464
213,1,4,13,8,2,39,TRAINING,7,15,1,6,36251470,eba763f2,1935
213,1,4,13,8,2,40,TRAINING,7,15,1,6,26351470,abe763f2,7175
213,1,4,13,8,2,41,TEST,7,15,1,1,true,1329
213,1,4,13,8,2,42,TEST,3,14,0,0,true,1273
213,1,4,13,8,2,43,TEST,1,6,0,0,true,813
213,1,4,13,8,2,44,TEST,6,11,0,0,true,1623
213,1,4,13,8,2,45,TEST,0,2,1,1,true,4325
213,1,4,13,8,2,46,TEST,4,3,1,1,true,888
213,1,4,13,8,2,47,TEST,2,10,1,1,true,1192
213,1,4,13,8,2,48,TEST,5,7,0,0,true,2131
213,1,4,13,8,3,49,TRAINING,3,14,0,3,70231564,f2ae67b3,1336
213,1,4,13,8,3,50,TRAINING,7,15,1,1,07231564,2fae67b3,1945
213,1,4,13,8,3,51,TRAINING,1,6,0,4,27031564,af2e67b3,1728
213,1,4,13,8,3,52,TRAINING,0,2,1,0,07231564,2fae67b3,1578
213,1,4,13,8,3,53,TRAINING,3,14,0,7,07241563,2fa367be,1461
213,1,4,13,8,3,54,TRAINING,5,7,0,5,04271563,23af67be,1615
213,1,4,13,8,3,55,TRAINING,6,11,0,0,64271503,b3af672e,1428
213,1,4,13,8,3,56,TRAINING,4,3,1,2,62471503,ba3f672e,1599
213,1,4,13,8,3,57,TRAINING,6,11,0,0,60471523,b23f67ae,1657
213,1,4,13,8,3,58,TRAINING,5,7,0,3,60451723,b2376fae,3486
213,1,4,13,8,3,59,TRAINING,1,6,0,5,60457123,b237f6ae,1394
213,1,4,13,8,3,60,TRAINING,2,10,1,4,60452173,b237a6fe,1698
213,1,4,13,8,3,61,TRAINING,7,15,1,0,70452163,f237a6be,1564
213,1,4,13,8,3,62,TRAINING,4,3,1,7,70352164,f2e7a6b3,1688
213,1,4,13,8,3,63,TRAINING,2,10,1,3,70325164,f2ea76b3,1862
213,1,4,13,8,3,64,TRAINING,0,2,1,1,70321564,f2ea67b3,1635
213,1,4,13,8,3,65,TEST,2,10,1,1,true,2855
213,1,4,13,8,3,66,TEST,7,15,1,1,true,3745
213,1,4,13,8,3,67,TEST,4,3,1,1,true,1577
213,1,4,13,8,3,68,TEST,3,14,0,0,true,757
213,1,4,13,8,3,69,TEST,6,11,0,0,true,2808
213,1,4,13,8,3,70,TEST,0,2,1,1,true,1509
213,1,4,13,8,3,71,TEST,1,6,0,0,true,888
213,1,4,13,8,3,72,TEST,5,7,0,0,true,1460
213,1,4,13,8,INSTRUCT,postquestionnaire,2

rulestrategy:I just remembered that the boxes with the lines through them were A except the blue one with the yellow border. I remembered that the solid colors were B except for the blue one with yellow border. 
howtoimprove:I thought it was a great experiment that took a bit of thought.
engagement:9
difficulty:5
physicalaids:no