214,1,2,3,14,INSTRUCT,instruct1,17783
214,1,2,3,14,INSTRUCT,instructCatExample,17236
214,1,2,3,14,INSTRUCT,instructCatColor,8775
214,1,2,3,14,INSTRUCT,instructCatStripe,17974
214,1,2,3,14,INSTRUCT,instructDemoIntro,160267
214,1,2,3,14,INSTRUCT,instructDemo,74413
214,1,2,3,14,INSTRUCT,instructTest,33125
214,1,2,3,14,INSTRUCT,instructTest2,30951
214,1,2,3,14,INSTRUCT,instructDimColor,17207
214,1,2,3,14,INSTRUCT,instructDimBorder,4070
214,1,2,3,14,INSTRUCT,instructDimDots,9935
214,1,2,3,14,INSTRUCT,instructDimStripe,4686
214,1,2,3,14,INSTRUCT,instructDimAll,14782
214,1,2,3,14,INSTRUCT,instructFinal,21607
214,1,2,3,14,1,1,TRAINING,2,10,1,1,42570613,9adcb8fe,5915
214,1,2,3,14,1,2,TRAINING,3,14,0,7,72540613,cad9b8fe,2570
214,1,2,3,14,1,3,TRAINING,0,11,1,4,72540163,cad9bf8e,1898
214,1,2,3,14,1,4,TRAINING,3,14,0,7,62540173,8ad9bfce,3234
214,1,2,3,14,1,5,TRAINING,6,8,0,5,12540673,fad9b8ce,2498
214,1,2,3,14,1,6,TRAINING,4,9,1,0,42510673,9adfb8ce,4650
214,1,2,3,14,1,7,TRAINING,6,8,0,5,42015673,9abfd8ce,2771
214,1,2,3,14,1,8,TRAINING,7,12,0,3,42075613,9abcd8fe,2971
214,1,2,3,14,1,9,TRAINING,2,10,1,1,42071653,9abcf8de,2267
214,1,2,3,14,1,10,TRAINING,5,13,1,6,02471653,ba9cf8de,2002
214,1,2,3,14,1,11,TRAINING,7,12,0,3,42071653,9abcf8de,2778
214,1,2,3,14,1,12,TRAINING,4,9,1,0,43071652,9ebcf8da,2666
214,1,2,3,14,1,13,TRAINING,5,13,1,2,43571602,9edcf8ba,2826
214,1,2,3,14,1,14,TRAINING,0,11,1,3,43501672,9edbf8ca,3658
214,1,2,3,14,1,15,TRAINING,1,15,0,1,41503672,9fdbe8ca,2898
214,1,2,3,14,1,16,TRAINING,1,15,0,1,41703652,9fcbe8da,1690
214,1,2,3,14,1,17,TEST,0,11,1,0,false,10553
214,1,2,3,14,1,18,TEST,2,10,1,0,false,5490
214,1,2,3,14,1,19,TEST,4,9,1,1,true,1193
214,1,2,3,14,1,20,TEST,3,14,0,1,false,842
214,1,2,3,14,1,21,TEST,1,15,0,1,false,842
214,1,2,3,14,1,22,TEST,7,12,0,1,false,778
214,1,2,3,14,1,23,TEST,6,8,0,0,true,1450
214,1,2,3,14,1,24,TEST,5,13,1,1,true,954
214,1,2,3,14,2,25,TRAINING,1,15,0,5,74560132,c9d8bfea,3360
214,1,2,3,14,2,26,TRAINING,7,12,0,0,74260135,c9a8bfed,4042
214,1,2,3,14,2,27,TRAINING,6,8,0,6,74230165,c9aebf8d,4154
214,1,2,3,14,2,28,TRAINING,5,13,1,7,72430165,ca9ebf8d,2162
214,1,2,3,14,2,29,TRAINING,3,14,0,3,71430265,cf9eba8d,2706
214,1,2,3,14,2,30,TRAINING,4,9,1,2,01437265,bf9eca8d,4226
214,1,2,3,14,2,31,TRAINING,0,11,1,6,61437205,8f9ecabd,2098
214,1,2,3,14,2,32,TRAINING,0,11,1,6,61432705,8f9eacbd,1858
214,1,2,3,14,2,33,TRAINING,3,14,0,3,16432705,f89eacbd,2210
214,1,2,3,14,2,34,TRAINING,2,10,1,7,16435702,f89edcba,3050
214,1,2,3,14,2,35,TRAINING,1,15,0,0,16035742,f8bedc9a,2418
214,1,2,3,14,2,36,TRAINING,2,10,1,7,16034752,f8be9cda,3883
214,1,2,3,14,2,37,TRAINING,6,8,0,2,10634752,fb8e9cda,1747
214,1,2,3,14,2,38,TRAINING,5,13,1,6,01634752,bf8e9cda,1779
214,1,2,3,14,2,39,TRAINING,7,12,0,5,21634750,af8e9cdb,2954
214,1,2,3,14,2,40,TRAINING,4,9,1,3,21643750,af89ecdb,2042
214,1,2,3,14,2,41,TEST,1,15,0,1,false,1498
214,1,2,3,14,2,42,TEST,7,12,0,0,true,1386
214,1,2,3,14,2,43,TEST,4,9,1,1,true,1091
214,1,2,3,14,2,44,TEST,5,13,1,0,false,1243
214,1,2,3,14,2,45,TEST,3,14,0,1,false,1370
214,1,2,3,14,2,46,TEST,6,8,0,0,true,1033
214,1,2,3,14,2,47,TEST,2,10,1,0,false,906
214,1,2,3,14,2,48,TEST,0,11,1,1,true,1322
214,1,2,3,14,3,49,TRAINING,4,9,1,7,62501374,8adbfec9,2351
214,1,2,3,14,3,50,TRAINING,0,11,1,3,62701354,8acbfed9,2322
214,1,2,3,14,3,51,TRAINING,4,9,1,7,62501374,8adbfec9,2058
214,1,2,3,14,3,52,TRAINING,5,13,1,0,52601374,da8bfec9,4619
214,1,2,3,14,3,53,TRAINING,3,14,0,5,57601324,dc8bfea9,3610
214,1,2,3,14,3,54,TRAINING,6,8,0,2,57604321,dc8b9eaf,2971
214,1,2,3,14,3,55,TRAINING,0,11,1,3,57604312,dc8b9efa,2211
214,1,2,3,14,3,56,TRAINING,7,12,0,1,17604352,fc8b9eda,2131
214,1,2,3,14,3,57,TRAINING,2,10,1,2,17204356,fcab9ed8,2203
214,1,2,3,14,3,58,TRAINING,1,15,0,0,17254306,fcad9eb8,3882
214,1,2,3,14,3,59,TRAINING,7,12,0,1,17253406,fcade9b8,1842
214,1,2,3,14,3,60,TRAINING,2,10,1,2,17256403,fcad89be,2450
214,1,2,3,14,3,61,TRAINING,6,8,0,4,17246503,fca98dbe,2106
214,1,2,3,14,3,62,TRAINING,5,13,1,5,17206543,fcab8d9e,2058
214,1,2,3,14,3,63,TRAINING,3,14,0,3,17236540,fcae8d9b,2874
214,1,2,3,14,3,64,TRAINING,1,15,0,0,12736540,face8d9b,3882
214,1,2,3,14,3,65,TEST,0,11,1,0,false,1737
214,1,2,3,14,3,66,TEST,5,13,1,0,false,1930
214,1,2,3,14,3,67,TEST,2,10,1,1,true,1314
214,1,2,3,14,3,68,TEST,6,8,0,1,false,1057
214,1,2,3,14,3,69,TEST,3,14,0,0,true,1162
214,1,2,3,14,3,70,TEST,1,15,0,1,false,2066
214,1,2,3,14,3,71,TEST,7,12,0,0,true,1082
214,1,2,3,14,3,72,TEST,4,9,1,1,true,1138
214,1,2,3,14,4,73,TRAINING,5,13,1,7,16407325,f89bcead,5249
214,1,2,3,14,4,74,TRAINING,6,8,0,1,16470325,f89cbead,2403
214,1,2,3,14,4,75,TRAINING,3,14,0,6,16470235,f89cbaed,1962
214,1,2,3,14,4,76,TRAINING,4,9,1,2,16470532,f89cbdea,5058
214,1,2,3,14,4,77,TRAINING,6,8,0,1,16472530,f89cadeb,1826
214,1,2,3,14,4,78,TRAINING,7,12,0,3,36472510,e89cadfb,1946
214,1,2,3,14,4,79,TRAINING,3,14,0,6,16472530,f89cadeb,2402
214,1,2,3,14,4,80,TRAINING,4,9,1,0,46172530,98fcadeb,1987
214,1,2,3,14,4,81,TRAINING,2,10,1,7,46170532,98fcbdea,2195
214,1,2,3,14,4,82,TRAINING,1,15,0,2,47160532,9cf8bdea,2786
214,1,2,3,14,4,83,TRAINING,5,13,1,5,74160532,c9f8bdea,2114
214,1,2,3,14,4,84,TRAINING,1,15,0,2,70164532,cbf89dea,3402
214,1,2,3,14,4,85,TRAINING,7,12,0,0,70164523,cbf89dae,2050
214,1,2,3,14,4,86,TRAINING,2,10,1,6,74160523,c9f8bdae,1899
214,1,2,3,14,4,87,TRAINING,0,11,1,3,74106523,c9fb8dae,2787
214,1,2,3,14,4,88,TRAINING,0,11,1,3,74106325,c9fb8ead,1571
214,1,2,3,14,4,89,TEST,4,9,1,1,true,1522
214,1,2,3,14,4,90,TEST,7,12,0,0,true,1058
214,1,2,3,14,4,91,TEST,3,14,0,0,true,993
214,1,2,3,14,4,92,TEST,1,15,0,1,false,1338
214,1,2,3,14,4,93,TEST,6,8,0,0,true,1402
214,1,2,3,14,4,94,TEST,2,10,1,0,false,802
214,1,2,3,14,4,95,TEST,0,11,1,1,true,2186
214,1,2,3,14,4,96,TEST,5,13,1,1,true,1418
214,1,2,3,14,5,97,TRAINING,2,10,1,2,57230614,dcaeb8f9,2288
214,1,2,3,14,5,98,TRAINING,6,8,0,5,57231604,dcaef8b9,2994
214,1,2,3,14,5,99,TRAINING,1,15,0,4,75231604,cdaef8b9,2914
214,1,2,3,14,5,100,TRAINING,0,11,1,7,75231640,cdaef89b,3650
214,1,2,3,14,5,101,TRAINING,0,11,1,7,74231650,c9aef8db,2354
214,1,2,3,14,5,102,TRAINING,5,13,1,6,34271650,e9acf8db,2147
214,1,2,3,14,5,103,TRAINING,4,9,1,2,32471650,ea9cf8db,1659
214,1,2,3,14,5,104,TRAINING,1,15,0,4,32471056,ea9cfbd8,2370
214,1,2,3,14,5,105,TRAINING,3,14,0,1,23471056,ae9cfbd8,3410
214,1,2,3,14,5,106,TRAINING,2,10,1,0,23451076,ae9dfbc8,2522
214,1,2,3,14,5,107,TRAINING,5,13,1,5,23401576,ae9bfdc8,2282
214,1,2,3,14,5,108,TRAINING,7,12,0,6,23410576,ae9fbdc8,1850
214,1,2,3,14,5,109,TRAINING,3,14,0,7,26410573,a89fbdce,2594
214,1,2,3,14,5,110,TRAINING,7,12,0,6,26014573,a8bf9dce,2091
214,1,2,3,14,5,111,TRAINING,6,8,0,1,26104573,a8fb9dce,2682
214,1,2,3,14,5,112,TRAINING,4,9,1,3,26140573,a8f9bdce,2738
214,1,2,3,14,5,113,TEST,1,15,0,0,true,2169
214,1,2,3,14,5,114,TEST,6,8,0,0,true,802
214,1,2,3,14,5,115,TEST,0,11,1,1,true,1586
214,1,2,3,14,5,116,TEST,5,13,1,1,true,1010
214,1,2,3,14,5,117,TEST,7,12,0,0,true,1170
214,1,2,3,14,5,118,TEST,4,9,1,1,true,1018
214,1,2,3,14,5,119,TEST,3,14,0,0,true,1250
214,1,2,3,14,5,120,TEST,2,10,1,0,false,818
214,1,2,3,14,6,121,TRAINING,7,12,0,2,13725064,fecadb89,1697
214,1,2,3,14,6,122,TRAINING,3,14,0,1,63725014,8ecadbf9,2082
214,1,2,3,14,6,123,TRAINING,5,13,1,6,63721054,8ecafbd9,2074
214,1,2,3,14,6,124,TRAINING,2,10,1,3,63127054,8efacbd9,2786
214,1,2,3,14,6,125,TRAINING,0,11,1,5,67123054,8cfaebd9,2922
214,1,2,3,14,6,126,TRAINING,5,13,1,4,67125034,8cfadbe9,2138
214,1,2,3,14,6,127,TRAINING,6,8,0,3,27165034,acf8dbe9,3531
214,1,2,3,14,6,128,TRAINING,3,14,0,6,72165034,caf8dbe9,1923
214,1,2,3,14,6,129,TRAINING,7,12,0,0,72065134,cab8dfe9,2530
214,1,2,3,14,6,130,TRAINING,4,9,1,1,74065132,c9b8dfea,1682
214,1,2,3,14,6,131,TRAINING,1,15,0,5,74365102,c9e8dfba,1786
214,1,2,3,14,6,132,TRAINING,1,15,0,5,24365107,a9e8dfbc,1690
214,1,2,3,14,6,133,TRAINING,6,8,0,7,24375106,a9ecdfb8,1914
214,1,2,3,14,6,134,TRAINING,4,9,1,1,74325106,c9eadfb8,1762
214,1,2,3,14,6,135,TRAINING,2,10,1,0,24375106,a9ecdfb8,2259
214,1,2,3,14,6,136,TRAINING,0,11,1,6,24357106,a9edcfb8,1835
214,1,2,3,14,6,137,TEST,4,9,1,1,true,2930
214,1,2,3,14,6,138,TEST,1,15,0,1,false,1962
214,1,2,3,14,6,139,TEST,3,14,0,1,false,683
214,1,2,3,14,6,140,TEST,5,13,1,1,true,906
214,1,2,3,14,6,141,TEST,2,10,1,0,false,1002
214,1,2,3,14,6,142,TEST,0,11,1,1,true,1122
214,1,2,3,14,6,143,TEST,6,8,0,0,true,2162
214,1,2,3,14,6,144,TEST,7,12,0,0,true,1658
214,1,2,3,14,7,145,TRAINING,0,11,1,4,14730256,f9cebad8,2201
214,1,2,3,14,7,146,TRAINING,3,14,0,3,74130256,c9febad8,2914
214,1,2,3,14,7,147,TRAINING,1,15,0,5,74230156,c9aebfd8,1907
214,1,2,3,14,7,148,TRAINING,3,14,0,3,74530126,c9debfa8,2618
214,1,2,3,14,7,149,TRAINING,4,9,1,7,76530124,c8debfa9,2114
214,1,2,3,14,7,150,TRAINING,2,10,1,6,56730124,d8cebfa9,2178
214,1,2,3,14,7,151,TRAINING,2,10,1,6,56731024,d8cefba9,1794
214,1,2,3,14,7,152,TRAINING,7,12,0,2,50731624,dbcef8a9,2466
214,1,2,3,14,7,153,TRAINING,0,11,1,1,60731524,8bcefda9,2306
214,1,2,3,14,7,154,TRAINING,1,15,0,4,60731254,8bcefad9,2171
214,1,2,3,14,7,155,TRAINING,6,8,0,0,60731524,8bcefda9,2315
214,1,2,3,14,7,156,TRAINING,7,12,0,3,60371524,8becfda9,3234
214,1,2,3,14,7,157,TRAINING,4,9,1,7,61370524,8fecbda9,1858
214,1,2,3,14,7,158,TRAINING,5,13,1,5,61073524,8fbceda9,1762
214,1,2,3,14,7,159,TRAINING,6,8,0,4,31076524,efbc8da9,2010
214,1,2,3,14,7,160,TRAINING,5,13,1,5,01376524,bfec8da9,1930
214,1,2,3,14,7,161,TEST,2,10,1,0,false,1466
214,1,2,3,14,7,162,TEST,3,14,0,1,false,1162
214,1,2,3,14,7,163,TEST,7,12,0,1,false,882
214,1,2,3,14,7,164,TEST,1,15,0,1,false,786
214,1,2,3,14,7,165,TEST,5,13,1,1,true,698
214,1,2,3,14,7,166,TEST,0,11,1,0,false,1067
214,1,2,3,14,7,167,TEST,6,8,0,1,false,1323
214,1,2,3,14,7,168,TEST,4,9,1,0,false,899
214,1,2,3,14,8,169,TRAINING,0,11,1,4,67510342,8cdfbe9a,1705
214,1,2,3,14,8,170,TRAINING,1,15,0,3,27510346,acdfbe98,2482
214,1,2,3,14,8,171,TRAINING,4,9,1,6,37510246,ecdfba98,2090
214,1,2,3,14,8,172,TRAINING,3,14,0,0,37015246,ecbfda98,2546
214,1,2,3,14,8,173,TRAINING,3,14,0,0,37105246,ecfbda98,1683
214,1,2,3,14,8,174,TRAINING,7,12,0,7,36105247,e8fbda9c,1898
214,1,2,3,14,8,175,TRAINING,7,12,0,7,36405217,e89bdafc,1602
214,1,2,3,14,8,176,TRAINING,2,10,1,3,36425017,e89adbfc,2074
214,1,2,3,14,8,177,TRAINING,6,8,0,1,36524017,e8da9bfc,2418
214,1,2,3,14,8,178,TRAINING,0,11,1,4,36520417,e8dab9fc,2050
214,1,2,3,14,8,179,TRAINING,1,15,0,6,36720415,e8cab9fd,2515
214,1,2,3,14,8,180,TRAINING,5,13,1,7,36270415,e8acb9fd,1827
214,1,2,3,14,8,181,TRAINING,4,9,1,5,76230415,c8aeb9fd,1810
214,1,2,3,14,8,182,TRAINING,2,10,1,6,76130425,c8feb9ad,1658
214,1,2,3,14,8,183,TRAINING,6,8,0,1,76103425,c8fbe9ad,1986
214,1,2,3,14,8,184,TRAINING,5,13,1,3,76153420,c8fde9ab,2098
214,1,2,3,14,8,185,TEST,2,10,1,1,true,1954
214,1,2,3,14,8,186,TEST,5,13,1,1,true,1186
214,1,2,3,14,8,187,TEST,1,15,0,1,false,730
214,1,2,3,14,8,188,TEST,4,9,1,0,false,1258
214,1,2,3,14,8,189,TEST,0,11,1,1,true,2258
214,1,2,3,14,8,190,TEST,7,12,0,1,false,739
214,1,2,3,14,8,191,TEST,3,14,0,1,false,595
214,1,2,3,14,8,192,TEST,6,8,0,0,true,763
214,1,2,3,14,9,193,TRAINING,1,15,0,4,50361247,dbe8fa9c,1984
214,1,2,3,14,9,194,TRAINING,7,12,0,7,50341267,dbe9fa8c,2066
214,1,2,3,14,9,195,TRAINING,0,11,1,2,53041267,deb9fa8c,4650
214,1,2,3,14,9,196,TRAINING,3,14,0,1,13045267,feb9da8c,1683
214,1,2,3,14,9,197,TRAINING,2,10,1,5,13075264,febcda89,2210
214,1,2,3,14,9,198,TRAINING,2,10,1,5,13675204,fe8cdab9,1618
214,1,2,3,14,9,199,TRAINING,7,12,0,3,13576204,fedc8ab9,1970
214,1,2,3,14,9,200,TRAINING,0,11,1,6,13476205,fe9c8abd,1818
214,1,2,3,14,9,201,TRAINING,6,8,0,4,13476502,fe9c8dba,2258
214,1,2,3,14,9,202,TRAINING,6,8,0,4,23476501,ae9c8dbf,1690
214,1,2,3,14,9,203,TRAINING,4,9,1,2,21476503,af9c8dbe,2274
214,1,2,3,14,9,204,TRAINING,5,13,1,6,21476053,af9c8bde,2155
214,1,2,3,14,9,205,TRAINING,1,15,0,1,21467053,af98cbde,4474
214,1,2,3,14,9,206,TRAINING,4,9,1,7,21367054,afe8cbd9,8746
214,1,2,3,14,9,207,TRAINING,5,13,1,6,21763054,afc8ebd9,3698
214,1,2,3,14,9,208,TRAINING,3,14,0,4,21703654,afcbe8d9,1883
214,1,2,3,14,9,209,TEST,5,13,1,1,true,1345
214,1,2,3,14,9,210,TEST,6,8,0,0,true,1507
214,1,2,3,14,9,211,TEST,1,15,0,0,true,2906
214,1,2,3,14,9,212,TEST,3,14,0,0,true,1875
214,1,2,3,14,9,213,TEST,2,10,1,1,true,1841
214,1,2,3,14,9,214,TEST,7,12,0,1,false,2722
214,1,2,3,14,9,215,TEST,4,9,1,1,true,2146
214,1,2,3,14,9,216,TEST,0,11,1,1,true,938
214,1,2,3,14,10,217,TRAINING,1,15,0,3,52416730,da9f8ceb,1640
214,1,2,3,14,10,218,TRAINING,5,13,1,7,02416735,ba9f8ced,2650
214,1,2,3,14,10,219,TRAINING,2,10,1,1,02416375,ba9f8ecd,2794
214,1,2,3,14,10,220,TRAINING,5,13,1,7,02476315,ba9c8efd,1938
214,1,2,3,14,10,221,TRAINING,4,9,1,2,02476135,ba9c8fed,2394
214,1,2,3,14,10,222,TRAINING,2,10,1,1,12476035,fa9c8bed,2946
214,1,2,3,14,10,223,TRAINING,7,12,0,3,12476053,fa9c8bde,1778
214,1,2,3,14,10,224,TRAINING,3,14,0,7,12076453,fabc89de,3162
214,1,2,3,14,10,225,TRAINING,0,11,1,2,21076453,afbc89de,2123
214,1,2,3,14,10,226,TRAINING,4,9,1,5,71026453,cfba89de,2123
214,1,2,3,14,10,227,TRAINING,7,12,0,0,71036452,cfbe89da,1954
214,1,2,3,14,10,228,TRAINING,6,8,0,3,71063452,cfb8e9da,1994
214,1,2,3,14,10,229,TRAINING,0,11,1,2,71065432,cfb8d9ea,2058
214,1,2,3,14,10,230,TRAINING,3,14,0,6,51067432,dfb8c9ea,1658
214,1,2,3,14,10,231,TRAINING,1,15,0,0,15067432,fdb8c9ea,3106
214,1,2,3,14,10,232,TRAINING,6,8,0,3,17065432,fcb8d9ea,2490
214,1,2,3,14,10,233,TEST,6,8,0,0,true,1290
214,1,2,3,14,10,234,TEST,3,14,0,0,true,2066
214,1,2,3,14,10,235,TEST,4,9,1,1,true,1826
214,1,2,3,14,10,236,TEST,2,10,1,1,true,979
214,1,2,3,14,10,237,TEST,0,11,1,0,false,6106
214,1,2,3,14,10,238,TEST,1,15,0,1,false,2418
214,1,2,3,14,10,239,TEST,5,13,1,1,true,786
214,1,2,3,14,10,240,TEST,7,12,0,0,true,1002
214,1,2,3,14,11,241,TRAINING,5,13,1,0,51367204,dfe8cab9,1609
214,1,2,3,14,11,242,TRAINING,6,8,0,7,51347206,dfe9cab8,2466
214,1,2,3,14,11,243,TRAINING,7,12,0,4,51437206,df9ecab8,2395
214,1,2,3,14,11,244,TRAINING,2,10,1,5,41537206,9fdecab8,1890
214,1,2,3,14,11,245,TRAINING,4,9,1,0,41037256,9fbecad8,2762
214,1,2,3,14,11,246,TRAINING,6,8,0,7,43017256,9ebfcad8,2482
214,1,2,3,14,11,247,TRAINING,1,15,0,5,43027156,9ebacfd8,1786
214,1,2,3,14,11,248,TRAINING,0,11,1,2,53027146,debacf98,2458
214,1,2,3,14,11,249,TRAINING,0,11,1,2,52037146,dabecf98,1490
214,1,2,3,14,11,250,TRAINING,4,9,1,6,25037146,adbecf98,1746
214,1,2,3,14,11,251,TRAINING,5,13,1,1,25017346,adbfce98,2235
214,1,2,3,14,11,252,TRAINING,1,15,0,3,75012346,cdbfae98,2043
214,1,2,3,14,11,253,TRAINING,2,10,1,4,75012436,cdbfa9e8,2098
214,1,2,3,14,11,254,TRAINING,3,14,0,0,35012476,edbfa9c8,2938
214,1,2,3,14,11,255,TRAINING,3,14,0,0,36012475,e8bfa9cd,1874
214,1,2,3,14,11,256,TRAINING,7,12,0,1,37012465,ecbfa98d,2290
214,1,2,3,14,11,257,TEST,4,9,1,1,true,1874
214,1,2,3,14,11,258,TEST,3,14,0,0,true,1170
214,1,2,3,14,11,259,TEST,6,8,0,0,true,1290
214,1,2,3,14,11,260,TEST,0,11,1,1,true,994
214,1,2,3,14,11,261,TEST,5,13,1,0,false,3466
214,1,2,3,14,11,262,TEST,7,12,0,0,true,922
214,1,2,3,14,11,263,TEST,1,15,0,0,true,594
214,1,2,3,14,11,264,TEST,2,10,1,0,false,1339
214,1,2,3,14,12,265,TRAINING,5,13,1,6,03142756,bef9acd8,1399
214,1,2,3,14,12,266,TRAINING,2,10,1,4,06142753,b8f9acde,39065
214,1,2,3,14,12,267,TRAINING,4,9,1,3,06142357,b8f9aedc,2594
214,1,2,3,14,12,268,TRAINING,5,13,1,6,07142356,bcf9aed8,2170
214,1,2,3,14,12,269,TRAINING,2,10,1,4,07142653,bcf9a8de,2002
214,1,2,3,14,12,270,TRAINING,3,14,0,7,70142653,cbf9a8de,1962
214,1,2,3,14,12,271,TRAINING,1,15,0,2,76142053,c8f9abde,1995
214,1,2,3,14,12,272,TRAINING,1,15,0,2,72146053,caf98bde,1651
214,1,2,3,14,12,273,TRAINING,7,12,0,0,72106453,cafb89de,1899
214,1,2,3,14,12,274,TRAINING,4,9,1,1,74106253,c9fb8ade,2074
214,1,2,3,14,12,275,TRAINING,0,11,1,2,74016253,c9bf8ade,3578
214,1,2,3,14,12,276,TRAINING,6,8,0,4,74016235,c9bf8aed,1986
214,1,2,3,14,12,277,TRAINING,3,14,0,6,74016532,c9bf8dea,1962
214,1,2,3,14,12,278,TRAINING,7,12,0,7,24016537,a9bf8dec,2026
214,1,2,3,14,12,279,TRAINING,0,11,1,4,24610537,a98fbdec,2026
214,1,2,3,14,12,280,TRAINING,6,8,0,6,24310567,a9efbd8c,2546
214,1,2,3,14,12,281,TEST,1,15,0,0,true,1650
214,1,2,3,14,12,282,TEST,2,10,1,0,false,875
214,1,2,3,14,12,283,TEST,4,9,1,1,true,1274
214,1,2,3,14,12,284,TEST,6,8,0,0,true,946
214,1,2,3,14,12,285,TEST,3,14,0,0,true,842
214,1,2,3,14,12,286,TEST,0,11,1,0,false,835
214,1,2,3,14,12,287,TEST,5,13,1,0,false,3643
214,1,2,3,14,12,288,TEST,7,12,0,0,true,2898
214,1,2,3,14,13,289,TRAINING,0,11,1,0,04751263,b9cdfa8e,1937
214,1,2,3,14,13,290,TRAINING,7,12,0,2,01754263,bfcd9a8e,2130
214,1,2,3,14,13,291,TRAINING,4,9,1,4,01724563,bfca9d8e,2130
214,1,2,3,14,13,292,TRAINING,3,14,0,7,06724513,b8ca9dfe,1883
214,1,2,3,14,13,293,TRAINING,5,13,1,5,16724503,f8ca9dbe,1875
214,1,2,3,14,13,294,TRAINING,5,13,1,5,16024573,f8ba9dce,1555
214,1,2,3,14,13,295,TRAINING,1,15,0,3,26014573,a8bf9dce,1739
214,1,2,3,14,13,296,TRAINING,6,8,0,2,20614573,ab8f9dce,3042
214,1,2,3,14,13,297,TRAINING,2,10,1,0,20614375,ab8f9ecd,1930
214,1,2,3,14,13,298,TRAINING,4,9,1,4,23614075,ae8f9bcd,1826
214,1,2,3,14,13,299,TRAINING,7,12,0,6,25614073,ad8f9bce,1786
214,1,2,3,14,13,300,TRAINING,0,11,1,5,65214073,8daf9bce,1730
214,1,2,3,14,13,301,TRAINING,3,14,0,7,62514073,8adf9bce,2082
214,1,2,3,14,13,302,TRAINING,6,8,0,0,67514023,8cdf9bae,1954
214,1,2,3,14,13,303,TRAINING,2,10,1,6,67504123,8cdb9fae,1898
214,1,2,3,14,13,304,TRAINING,1,15,0,5,67503124,8cdbefa9,1827
214,1,2,3,14,13,305,TEST,5,13,1,1,true,1522
214,1,2,3,14,13,306,TEST,3,14,0,1,false,1794
214,1,2,3,14,13,307,TEST,7,12,0,0,true,1786
214,1,2,3,14,13,308,TEST,1,15,0,1,false,1754
214,1,2,3,14,13,309,TEST,4,9,1,1,true,835
214,1,2,3,14,13,310,TEST,2,10,1,0,false,995
214,1,2,3,14,13,311,TEST,6,8,0,0,true,907
214,1,2,3,14,13,312,TEST,0,11,1,1,true,2338
214,1,2,3,14,14,313,TRAINING,6,8,0,0,65134072,8dfe9bca,1873
214,1,2,3,14,14,314,TRAINING,4,9,1,7,65132074,8dfeabc9,1914
214,1,2,3,14,14,315,TRAINING,7,12,0,6,65231074,8daefbc9,2146
214,1,2,3,14,14,316,TRAINING,7,12,0,6,05231674,bdaef8c9,1490
214,1,2,3,14,14,317,TRAINING,2,10,1,2,05236174,bdae8fc9,1923
214,1,2,3,14,14,318,TRAINING,1,15,0,5,06235174,b8aedfc9,2163
214,1,2,3,14,14,319,TRAINING,0,11,1,0,06237154,b8aecfd9,1787
214,1,2,3,14,14,320,TRAINING,5,13,1,6,06247153,b8a9cfde,2362
214,1,2,3,14,14,321,TRAINING,3,14,0,7,07246153,bca98fde,1778
214,1,2,3,14,14,322,TRAINING,5,13,1,6,67240153,8ca9bfde,1938
214,1,2,3,14,14,323,TRAINING,4,9,1,3,07246153,bca98fde,2226
214,1,2,3,14,14,324,TRAINING,1,15,0,0,17246053,fca98bde,2106
214,1,2,3,14,14,325,TRAINING,3,14,0,1,13246057,fea98bdc,1898
214,1,2,3,14,14,326,TRAINING,6,8,0,4,13246075,fea98bcd,1986
214,1,2,3,14,14,327,TRAINING,0,11,1,5,73246015,cea98bfd,2362
214,1,2,3,14,14,328,TRAINING,2,10,1,2,73256014,cead8bf9,1938
214,1,2,3,14,14,329,TEST,3,14,0,1,false,1674
214,1,2,3,14,14,330,TEST,7,12,0,0,true,1242
214,1,2,3,14,14,331,TEST,5,13,1,1,true,2442
214,1,2,3,14,14,332,TEST,4,9,1,1,true,1210
214,1,2,3,14,14,333,TEST,1,15,0,0,true,1490
214,1,2,3,14,14,334,TEST,2,10,1,1,true,3115
214,1,2,3,14,14,335,TEST,6,8,0,0,true,979
214,1,2,3,14,14,336,TEST,0,11,1,0,false,4042
214,1,2,3,14,15,337,TRAINING,5,13,1,2,62540371,8ad9becf,5649
214,1,2,3,14,15,338,TRAINING,1,15,0,7,32540671,ead9b8cf,3090
214,1,2,3,14,15,339,TRAINING,4,9,1,6,32570641,eadcb89f,1850
214,1,2,3,14,15,340,TRAINING,2,10,1,1,02573641,badce89f,5394
214,1,2,3,14,15,341,TRAINING,7,12,0,3,12573640,fadce89b,6939
214,1,2,3,14,15,342,TRAINING,4,9,1,6,12375640,faecd89b,2098
214,1,2,3,14,15,343,TRAINING,2,10,1,1,52371640,daecf89b,1962
214,1,2,3,14,15,344,TRAINING,0,11,1,7,52376140,daec8f9b,2370
214,1,2,3,14,15,345,TRAINING,6,8,0,5,52371640,daecf89b,5922
214,1,2,3,14,15,346,TRAINING,7,12,0,3,25371640,adecf89b,2130
214,1,2,3,14,15,347,TRAINING,0,11,1,7,25471630,ad9cf8eb,1803
214,1,2,3,14,15,348,TRAINING,3,14,0,6,15472630,fd9ca8eb,3042
214,1,2,3,14,15,349,TRAINING,1,15,0,0,12475630,fa9cd8eb,2315
214,1,2,3,14,15,350,TRAINING,5,13,1,2,12574630,fadc98eb,2762
214,1,2,3,14,15,351,TRAINING,3,14,0,6,12547630,fad9c8eb,2506
214,1,2,3,14,15,352,TRAINING,6,8,0,3,12567430,fad8c9eb,4882
214,1,2,3,14,15,353,TEST,3,14,0,0,true,10378
214,1,2,3,14,15,354,TEST,2,10,1,0,false,865
214,1,2,3,14,15,355,TEST,6,8,0,0,true,562
214,1,2,3,14,15,356,TEST,0,11,1,1,true,1634
214,1,2,3,14,15,357,TEST,7,12,0,0,true,1562
214,1,2,3,14,15,358,TEST,4,9,1,1,true,762
214,1,2,3,14,15,359,TEST,1,15,0,1,false,1738
214,1,2,3,14,15,360,TEST,5,13,1,1,true,1066
214,1,2,3,14,16,361,TRAINING,6,8,0,0,61547023,8fd9cbae,5968
214,1,2,3,14,16,362,TRAINING,5,13,1,2,61547203,8fd9cabe,2138
214,1,2,3,14,16,363,TRAINING,5,13,1,2,61547023,8fd9cbae,1730
214,1,2,3,14,16,364,TRAINING,7,12,0,6,61542073,8fd9abce,2010
214,1,2,3,14,16,365,TRAINING,0,11,1,7,61542370,8fd9aecb,2074
214,1,2,3,14,16,366,TRAINING,3,14,0,5,41562370,9fd8aecb,1994
214,1,2,3,14,16,367,TRAINING,2,10,1,4,41652370,9f8daecb,1698
214,1,2,3,14,16,368,TRAINING,4,9,1,0,41052376,9fbdaec8,6962
214,1,2,3,14,16,369,TRAINING,6,8,0,7,41502376,9fdbaec8,2034
214,1,2,3,14,16,370,TRAINING,3,14,0,5,41572306,9fdcaeb8,3218
214,1,2,3,14,16,371,TRAINING,2,10,1,4,40572316,9bdcaef8,2250
214,1,2,3,14,16,372,TRAINING,1,15,0,6,45072316,9dbcaef8,2234
214,1,2,3,14,16,373,TRAINING,7,12,0,7,45062317,9db8aefc,2578
214,1,2,3,14,16,374,TRAINING,4,9,1,0,45602317,9d8baefc,5538
214,1,2,3,14,16,375,TRAINING,1,15,0,6,45632017,9d8eabfc,1986
214,1,2,3,14,16,376,TRAINING,0,11,1,3,45602317,9d8baefc,2346
214,1,2,3,14,16,377,TEST,4,9,1,1,true,1033
214,1,2,3,14,16,378,TEST,3,14,0,1,false,2354
214,1,2,3,14,16,379,TEST,1,15,0,1,false,1978
214,1,2,3,14,16,380,TEST,2,10,1,0,false,890
214,1,2,3,14,16,381,TEST,0,11,1,0,false,762
214,1,2,3,14,16,382,TEST,5,13,1,0,false,2818
214,1,2,3,14,16,383,TEST,6,8,0,0,true,514
214,1,2,3,14,16,384,TEST,7,12,0,0,true,658
214,1,2,3,14,17,385,TRAINING,7,12,0,5,42513706,9adfecb8,2080
214,1,2,3,14,17,386,TRAINING,5,13,1,2,41523706,9fdaecb8,2674
214,1,2,3,14,17,387,TRAINING,0,11,1,6,21543706,afd9ecb8,2186
214,1,2,3,14,17,388,TRAINING,5,13,1,2,21563704,afd8ecb9,2618
214,1,2,3,14,17,389,TRAINING,0,11,1,6,21564703,afd89cbe,2090
214,1,2,3,14,17,390,TRAINING,2,10,1,0,21574603,afdc98be,3050
214,1,2,3,14,17,391,TRAINING,1,15,0,1,21574306,afdc9eb8,3467
214,1,2,3,14,17,392,TRAINING,4,9,1,4,21754306,afcd9eb8,1850
214,1,2,3,14,17,393,TRAINING,3,14,0,5,21574306,afdc9eb8,2522
214,1,2,3,14,17,394,TRAINING,4,9,1,4,25174306,adfc9eb8,1986
214,1,2,3,14,17,395,TRAINING,6,8,0,7,05174326,bdfc9ea8,2114
214,1,2,3,14,17,396,TRAINING,1,15,0,2,35174026,edfc9ba8,4162
214,1,2,3,14,17,397,TRAINING,7,12,0,3,35172046,edfcab98,2138
214,1,2,3,14,17,398,TRAINING,2,10,1,0,25173046,adfceb98,2035
214,1,2,3,14,17,399,TRAINING,6,8,0,4,25176043,adfc8b9e,2035
214,1,2,3,14,17,400,TRAINING,3,14,0,7,25476013,ad9c8bfe,1883
214,1,2,3,14,17,401,TEST,1,15,0,0,true,1754
214,1,2,3,14,17,402,TEST,5,13,1,1,true,2474
214,1,2,3,14,17,403,TEST,2,10,1,0,false,1002
214,1,2,3,14,17,404,TEST,3,14,0,1,false,882
214,1,2,3,14,17,405,TEST,4,9,1,1,true,738
214,1,2,3,14,17,406,TEST,0,11,1,1,true,938
214,1,2,3,14,17,407,TEST,6,8,0,0,true,954
214,1,2,3,14,17,408,TEST,7,12,0,1,false,2794
214,1,2,3,14,18,409,TRAINING,2,10,1,3,15320746,fdeabc98,6577
214,1,2,3,14,18,410,TRAINING,7,12,0,5,45320716,9deabcf8,2842
214,1,2,3,14,18,411,TRAINING,4,9,1,4,05324716,bdea9cf8,2002
214,1,2,3,14,18,412,TRAINING,5,13,1,1,05234716,bdae9cf8,2394
214,1,2,3,14,18,413,TRAINING,0,11,1,0,05274316,bdac9ef8,2442
214,1,2,3,14,18,414,TRAINING,6,8,0,2,05674312,bd8c9efa,1738
214,1,2,3,14,18,415,TRAINING,1,15,0,1,01674352,bf8c9eda,2026
214,1,2,3,14,18,416,TRAINING,3,14,0,5,01675342,bf8cde9a,1890
214,1,2,3,14,18,417,TRAINING,0,11,1,0,01765342,bfc8de9a,2507
214,1,2,3,14,18,418,TRAINING,3,14,0,5,01265347,bfa8de9c,1939
214,1,2,3,14,18,419,TRAINING,2,10,1,2,01245367,bfa9de8c,2427
214,1,2,3,14,18,420,TRAINING,4,9,1,3,51240367,dfa9be8c,2035
214,1,2,3,14,18,421,TRAINING,6,8,0,7,51240376,dfa9bec8,1994
214,1,2,3,14,18,422,TRAINING,1,15,0,1,31240576,efa9bdc8,2674
214,1,2,3,14,18,423,TRAINING,5,13,1,5,31247506,efa9cdb8,1770
214,1,2,3,14,18,424,TRAINING,7,12,0,0,71243506,cfa9edb8,2386
214,1,2,3,14,18,425,TEST,1,15,0,1,false,3706
214,1,2,3,14,18,426,TEST,5,13,1,1,true,1906
214,1,2,3,14,18,427,TEST,7,12,0,0,true,2642
214,1,2,3,14,18,428,TEST,4,9,1,1,true,1042
214,1,2,3,14,18,429,TEST,2,10,1,0,false,850
214,1,2,3,14,18,430,TEST,0,11,1,1,true,1498
214,1,2,3,14,18,431,TEST,3,14,0,1,false,1083
214,1,2,3,14,18,432,TEST,6,8,0,0,true,963
214,1,2,3,14,19,433,TRAINING,0,11,1,0,02743156,bac9efd8,5216
214,1,2,3,14,19,434,TRAINING,7,12,0,1,07243156,bca9efd8,1802
214,1,2,3,14,19,435,TRAINING,0,11,1,0,07213456,bcafe9d8,2114
214,1,2,3,14,19,436,TRAINING,3,14,0,3,07231456,bcaef9d8,2339
214,1,2,3,14,19,437,TRAINING,7,12,0,7,06231457,b8aef9dc,1674
214,1,2,3,14,19,438,TRAINING,6,8,0,2,02631457,ba8ef9dc,1659
214,1,2,3,14,19,439,TRAINING,6,8,0,2,02631547,ba8efd9c,1803
214,1,2,3,14,19,440,TRAINING,1,15,0,4,02651347,ba8dfe9c,2010
214,1,2,3,14,19,441,TRAINING,3,14,0,3,02631547,ba8efd9c,1946
214,1,2,3,14,19,442,TRAINING,4,9,1,2,02431567,ba9efd8c,2506
214,1,2,3,14,19,443,TRAINING,5,13,1,5,12430567,fa9ebd8c,2002
214,1,2,3,14,19,444,TRAINING,1,15,0,0,12403567,fa9bed8c,2346
214,1,2,3,14,19,445,TRAINING,2,10,1,1,12430567,fa9ebd8c,2962
214,1,2,3,14,19,446,TRAINING,4,9,1,2,12403567,fa9bed8c,1906
214,1,2,3,14,19,447,TRAINING,2,10,1,1,12453067,fa9deb8c,2090
214,1,2,3,14,19,448,TRAINING,5,13,1,3,12453076,fa9debc8,1931
214,1,2,3,14,19,449,TEST,5,13,1,1,true,1082
214,1,2,3,14,19,450,TEST,6,8,0,1,false,1210
214,1,2,3,14,19,451,TEST,1,15,0,0,true,1466
214,1,2,3,14,19,452,TEST,2,10,1,1,true,1019
214,1,2,3,14,19,453,TEST,4,9,1,1,true,755
214,1,2,3,14,19,454,TEST,7,12,0,1,false,683
214,1,2,3,14,19,455,TEST,0,11,1,1,true,578
214,1,2,3,14,19,456,TEST,3,14,0,0,true,1346
214,1,2,3,14,INSTRUCT,postquestionnaire,8

rulestrategy:during the last round I thought that one letter just had 2 values, for example dots and a frame would be 2 values.  In the previous rounds I kept forgetting how I had grouped them if in colors or dots or lines
howtoimprove:no.  you certainly gave enough rounds for one to try to remember what they saw and group the findings as such.
engagement:10
difficulty:7
physicalaids:no