217,0,2,4,5,INSTRUCT,instruct1,27472
217,0,2,4,5,INSTRUCT,instructCatExample,11785
217,0,2,4,5,INSTRUCT,instructCatColor,4660
217,0,2,4,5,INSTRUCT,instructCatStripe,6333
217,0,2,4,5,INSTRUCT,instructDemoIntro,22754
217,0,2,4,5,INSTRUCT,instructDemo,30778
217,0,2,4,5,INSTRUCT,instructTest,22029
217,0,2,4,5,INSTRUCT,instructTest2,25020
217,0,2,4,5,INSTRUCT,instructDimColor,8321
217,0,2,4,5,INSTRUCT,instructDimBorder,5013
217,0,2,4,5,INSTRUCT,instructDimDots,3769
217,0,2,4,5,INSTRUCT,instructDimStripe,3474
217,0,2,4,5,INSTRUCT,instructDimAll,13589
217,0,2,4,5,INSTRUCT,instructFinal,19350
217,0,2,4,5,1,1,TRAINING,6,12,0,0,60253417,c9d05814,6536
217,0,2,4,5,1,2,TRAINING,7,4,0,2,60753412,c940581d,2055
217,0,2,4,5,1,3,TRAINING,2,13,1,7,60753142,c940518d,1877
217,0,2,4,5,1,4,TRAINING,0,9,1,3,65703142,c049518d,1454
217,0,2,4,5,1,5,TRAINING,1,1,0,5,65403172,c089514d,1103
217,0,2,4,5,1,6,TRAINING,3,5,0,4,56403172,0c89514d,3159
217,0,2,4,5,1,7,TRAINING,5,0,1,1,65403172,c089514d,3878
217,0,2,4,5,1,8,TRAINING,0,9,1,3,65403712,c089541d,2250
217,0,2,4,5,1,9,TRAINING,2,13,1,5,65403217,c0895d14,2518
217,0,2,4,5,1,10,TRAINING,7,4,0,0,75403216,40895d1c,1797
217,0,2,4,5,1,11,TRAINING,6,12,0,1,76403215,4c895d10,1256
217,0,2,4,5,1,12,TRAINING,4,8,1,2,76423015,4c8d5910,948
217,0,2,4,5,1,13,TRAINING,5,0,1,4,76425013,4c8d0915,2258
217,0,2,4,5,1,14,TRAINING,0,9,1,5,72465013,4d8c0915,2294
217,0,2,4,5,1,15,TRAINING,2,13,1,1,72465031,4d8c0951,1592
217,0,2,4,5,1,16,TRAINING,4,8,1,4,72564031,4d0c8951,1856
217,0,2,4,5,1,17,TEST,5,0,1,0,false,4521
217,0,2,4,5,1,18,TEST,6,12,0,0,true,1443
217,0,2,4,5,1,19,TEST,1,1,0,1,false,1509
217,0,2,4,5,1,20,TEST,2,13,1,0,false,1556
217,0,2,4,5,1,21,TEST,0,9,1,0,false,3005
217,0,2,4,5,1,22,TEST,7,4,0,1,false,1573
217,0,2,4,5,1,23,TEST,4,8,1,1,true,1674
217,0,2,4,5,1,24,TEST,3,5,0,0,true,2668
217,0,2,4,5,2,25,TRAINING,1,1,0,0,13042567,1598d0c4,2233
217,0,2,4,5,2,26,TRAINING,3,5,0,1,13072564,1594d0c8,2488
217,0,2,4,5,2,27,TRAINING,0,9,1,2,13042567,1598d0c4,4414
217,0,2,4,5,2,28,TRAINING,3,5,0,1,13072564,1594d0c8,971
217,0,2,4,5,2,29,TRAINING,5,0,1,6,13072654,1594dc08,2864
217,0,2,4,5,2,30,TRAINING,2,13,1,4,73012654,4591dc08,2580
217,0,2,4,5,2,31,TRAINING,6,12,0,0,63012754,c591d408,1798
217,0,2,4,5,2,32,TRAINING,0,9,1,2,65012734,c091d458,2872
217,0,2,4,5,2,33,TRAINING,1,1,0,6,65032714,c095d418,1636
217,0,2,4,5,2,34,TRAINING,4,8,1,7,65023714,c09d5418,4386
217,0,2,4,5,2,35,TRAINING,6,12,0,0,65723014,c04d5918,1462
217,0,2,4,5,2,36,TRAINING,1,1,0,4,65721034,c04d1958,2760
217,0,2,4,5,2,37,TRAINING,3,5,0,5,65721304,c04d1598,1481
217,0,2,4,5,2,38,TRAINING,0,9,1,6,75621304,40cd1598,4964
217,0,2,4,5,2,39,TRAINING,2,13,1,3,65721304,c04d1598,1232
217,0,2,4,5,2,40,TRAINING,6,12,0,7,45721306,804d159c,1678
217,0,2,4,5,2,41,TEST,1,1,0,0,true,1964
217,0,2,4,5,2,42,TEST,4,8,1,0,false,5463
217,0,2,4,5,2,43,TEST,7,4,0,1,false,1112
217,0,2,4,5,2,44,TEST,0,9,1,1,true,1927
217,0,2,4,5,2,45,TEST,5,0,1,1,true,814
217,0,2,4,5,2,46,TEST,6,12,0,0,true,1738
217,0,2,4,5,2,47,TEST,2,13,1,1,true,920
217,0,2,4,5,2,48,TEST,3,5,0,0,true,721
217,0,2,4,5,3,49,TRAINING,1,1,0,0,13720456,154d980c,2571
217,0,2,4,5,3,50,TRAINING,4,8,1,5,17320456,145d980c,2272
217,0,2,4,5,3,51,TRAINING,6,12,0,7,17023456,149d580c,1594
217,0,2,4,5,3,52,TRAINING,3,5,0,4,17203456,14d9580c,4875
217,0,2,4,5,3,53,TRAINING,2,13,1,2,71203456,41d9580c,2412
217,0,2,4,5,3,54,TRAINING,0,9,1,1,70213456,49d1580c,1320
217,0,2,4,5,3,55,TRAINING,6,12,0,0,60213457,c9d15804,1322
217,0,2,4,5,3,56,TRAINING,3,5,0,7,60217453,c9d14805,7837
217,0,2,4,5,3,57,TRAINING,6,12,0,0,60257413,c9d04815,1227
217,0,2,4,5,3,58,TRAINING,7,4,0,4,60247513,c9d84015,1086
217,0,2,4,5,3,59,TRAINING,2,13,1,2,60237514,c9d54018,1042
217,0,2,4,5,3,60,TRAINING,4,8,1,6,60237541,c9d54081,2815
217,0,2,4,5,3,61,TRAINING,2,13,1,2,65237041,c0d54981,1443
217,0,2,4,5,3,62,TRAINING,0,9,1,5,35267041,50dc4981,1925
217,0,2,4,5,3,63,TRAINING,1,1,0,0,15267043,10dc4985,1194
217,0,2,4,5,3,64,TRAINING,7,4,0,6,15264073,10dc8945,1405
217,0,2,4,5,3,65,TEST,3,5,0,0,true,4099
217,0,2,4,5,3,66,TEST,2,13,1,0,false,5751
217,0,2,4,5,3,67,TEST,5,0,1,0,false,4260
217,0,2,4,5,3,68,TEST,1,1,0,1,false,979
217,0,2,4,5,3,69,TEST,0,9,1,0,false,2629
217,0,2,4,5,3,70,TEST,7,4,0,0,true,4216
217,0,2,4,5,3,71,TEST,4,8,1,1,true,1196
217,0,2,4,5,3,72,TEST,6,12,0,1,false,1738
217,0,2,4,5,4,73,TRAINING,3,5,0,7,42657013,8dc04915,5383
217,0,2,4,5,4,74,TRAINING,1,1,0,5,42657103,8dc04195,5224
217,0,2,4,5,4,75,TRAINING,3,5,0,7,42675103,8dc40195,1939
217,0,2,4,5,4,76,TRAINING,5,0,1,2,42576103,8d04c195,2637
217,0,2,4,5,4,77,TRAINING,7,4,0,3,42571603,8d041c95,1218
217,0,2,4,5,4,78,TRAINING,1,1,0,4,42571306,8d04159c,3349
217,0,2,4,5,4,79,TRAINING,4,8,1,0,42671305,8dc41590,1415
217,0,2,4,5,4,80,TRAINING,6,12,0,2,42601375,8dc91540,1513
217,0,2,4,5,4,81,TRAINING,5,0,1,7,42603175,8dc95140,1060
217,0,2,4,5,4,82,TRAINING,7,4,0,6,12603475,1dc95840,1300
217,0,2,4,5,4,83,TRAINING,3,5,0,4,62103475,cd195840,1911
217,0,2,4,5,4,84,TRAINING,1,1,0,2,52103476,0d19584c,4102
217,0,2,4,5,4,85,TRAINING,5,0,1,0,56103472,0c19584d,965
217,0,2,4,5,4,86,TRAINING,0,9,1,4,56130472,0c15984d,2025
217,0,2,4,5,4,87,TRAINING,1,1,0,1,51630472,01c5984d,1761
217,0,2,4,5,4,88,TRAINING,3,5,0,7,51620473,01cd9845,1677
217,0,2,4,5,4,89,TEST,7,4,0,1,false,1269
217,0,2,4,5,4,90,TEST,5,0,1,1,true,922
217,0,2,4,5,4,91,TEST,6,12,0,0,true,1957
217,0,2,4,5,4,92,TEST,3,5,0,0,true,436
217,0,2,4,5,4,93,TEST,2,13,1,0,false,1479
217,0,2,4,5,4,94,TEST,4,8,1,1,true,1140
217,0,2,4,5,4,95,TEST,1,1,0,0,true,596
217,0,2,4,5,4,96,TEST,0,9,1,1,true,926
217,0,2,4,5,5,97,TRAINING,4,8,1,0,46715230,8c410d59,6022
217,0,2,4,5,5,98,TRAINING,6,12,0,6,43715260,85410dc9,1713
217,0,2,4,5,5,99,TRAINING,0,9,1,2,43015267,85910dc4,1061
217,0,2,4,5,5,100,TRAINING,4,8,1,5,23015467,d59108c4,2859
217,0,2,4,5,5,101,TRAINING,5,0,1,4,21035467,d19508c4,1237
217,0,2,4,5,5,102,TRAINING,7,4,0,3,21075463,d19408c5,1947
217,0,2,4,5,5,103,TRAINING,3,5,0,0,31075462,519408cd,2502
217,0,2,4,5,5,104,TRAINING,2,13,1,6,31075426,519408dc,2733
217,0,2,4,5,5,105,TRAINING,5,0,1,7,31076425,5194c8d0,1386
217,0,2,4,5,5,106,TRAINING,1,1,0,5,34076125,5894c1d0,1939
217,0,2,4,5,5,107,TRAINING,4,8,1,1,24076135,d894c150,1951
217,0,2,4,5,5,108,TRAINING,6,12,0,4,34076125,5894c1d0,2654
217,0,2,4,5,5,109,TRAINING,5,0,1,5,34076521,5894c0d1,1142
217,0,2,4,5,5,110,TRAINING,7,4,0,0,74036521,4895c0d1,2015
217,0,2,4,5,5,111,TRAINING,0,9,1,4,74630521,48c590d1,1633
217,0,2,4,5,5,112,TRAINING,2,13,1,6,71630524,41c590d8,1514
217,0,2,4,5,5,113,TEST,2,13,1,1,true,1538
217,0,2,4,5,5,114,TEST,4,8,1,0,false,1773
217,0,2,4,5,5,115,TEST,7,4,0,0,true,1014
217,0,2,4,5,5,116,TEST,6,12,0,0,true,2108
217,0,2,4,5,5,117,TEST,1,1,0,1,false,1334
217,0,2,4,5,5,118,TEST,0,9,1,0,false,1374
217,0,2,4,5,5,119,TEST,5,0,1,0,false,1687
217,0,2,4,5,5,120,TEST,3,5,0,1,false,2179
217,0,2,4,5,6,121,TRAINING,0,9,1,0,07146253,9418cd05,5438
217,0,2,4,5,6,122,TRAINING,1,1,0,2,07156243,9410cd85,11779
217,0,2,4,5,6,123,TRAINING,7,4,0,3,05176243,9014cd85,2048
217,0,2,4,5,6,124,TRAINING,5,0,1,1,05173246,90145d8c,3292
217,0,2,4,5,6,125,TRAINING,6,12,0,2,05673241,90c45d81,1387
217,0,2,4,5,6,126,TRAINING,7,4,0,3,05673142,90c4518d,1104
217,0,2,4,5,6,127,TRAINING,2,13,1,7,05673412,90c4581d,1588
217,0,2,4,5,6,128,TRAINING,1,1,0,6,35670412,50c4981d,1245
217,0,2,4,5,6,129,TRAINING,3,5,0,0,35760412,504c981d,2640
217,0,2,4,5,6,130,TRAINING,1,1,0,6,35760214,504c9d18,1580
217,0,2,4,5,6,131,TRAINING,2,13,1,5,30765214,594c0d18,2203
217,0,2,4,5,6,132,TRAINING,0,9,1,1,50763214,094c5d18,1312
217,0,2,4,5,6,133,TRAINING,6,12,0,3,30765214,594c0d18,1179
217,0,2,4,5,6,134,TRAINING,4,8,1,7,70365214,495c0d18,1308
217,0,2,4,5,6,135,TRAINING,5,0,1,4,73065214,459c0d18,3072
217,0,2,4,5,6,136,TRAINING,1,1,0,6,37065214,549c0d18,2325
217,0,2,4,5,6,137,TEST,5,0,1,1,true,2275
217,0,2,4,5,6,138,TEST,0,9,1,1,true,1806
217,0,2,4,5,6,139,TEST,6,12,0,0,true,956
217,0,2,4,5,6,140,TEST,3,5,0,0,true,743
217,0,2,4,5,6,141,TEST,7,4,0,0,true,1005
217,0,2,4,5,6,142,TEST,2,13,1,0,false,2219
217,0,2,4,5,6,143,TEST,1,1,0,1,false,954
217,0,2,4,5,6,144,TEST,4,8,1,1,true,673
217,0,2,4,5,7,145,TRAINING,4,8,1,4,73514062,450189cd,3795
217,0,2,4,5,7,146,TRAINING,6,12,0,5,73514602,45018c9d,1520
217,0,2,4,5,7,147,TRAINING,0,9,1,6,23514607,d5018c94,1230
217,0,2,4,5,7,148,TRAINING,2,13,1,4,43512607,8501dc94,1564
217,0,2,4,5,7,149,TRAINING,2,13,1,4,46512307,8c01d594,1725
217,0,2,4,5,7,150,TRAINING,6,12,0,6,40512367,8901d5c4,1099
217,0,2,4,5,7,151,TRAINING,1,1,0,0,10542367,1908d5c4,2983
217,0,2,4,5,7,152,TRAINING,5,0,1,2,10532467,1905d8c4,1161
217,0,2,4,5,7,153,TRAINING,7,4,0,7,12530467,1d0598c4,963
217,0,2,4,5,7,154,TRAINING,3,5,0,1,13520467,150d98c4,1412
217,0,2,4,5,7,155,TRAINING,1,1,0,5,43520167,850d91c4,1055
217,0,2,4,5,7,156,TRAINING,5,0,1,2,63520147,c50d9184,1034
217,0,2,4,5,7,157,TRAINING,2,13,1,3,60523147,c90d5184,6337
217,0,2,4,5,7,158,TRAINING,6,12,0,6,40523167,890d51c4,1158
217,0,2,4,5,7,159,TRAINING,0,9,1,7,47523160,840d51c9,2342
217,0,2,4,5,7,160,TRAINING,2,13,1,3,43527160,850d41c9,965
217,0,2,4,5,7,161,TEST,3,5,0,0,true,2969
217,0,2,4,5,7,162,TEST,2,13,1,1,true,1132
217,0,2,4,5,7,163,TEST,7,4,0,0,true,3267
217,0,2,4,5,7,164,TEST,4,8,1,1,true,2326
217,0,2,4,5,7,165,TEST,1,1,0,0,true,2329
217,0,2,4,5,7,166,TEST,5,0,1,1,true,1455
217,0,2,4,5,7,167,TEST,0,9,1,1,true,1559
217,0,2,4,5,7,168,TEST,6,12,0,0,true,2291
217,0,2,4,5,8,169,TRAINING,1,1,0,0,16740523,1c4890d5,3406
217,0,2,4,5,8,170,TRAINING,7,4,0,2,16745023,1c4809d5,4325
217,0,2,4,5,8,171,TRAINING,5,0,1,1,15746023,1048c9d5,1783
217,0,2,4,5,8,172,TRAINING,3,5,0,7,15742063,1048d9c5,2202
217,0,2,4,5,8,173,TRAINING,5,0,1,1,15472063,1084d9c5,2656
217,0,2,4,5,8,174,TRAINING,1,1,0,0,15470263,10849dc5,1506
217,0,2,4,5,8,175,TRAINING,0,9,1,4,15470362,108495cd,3842
217,0,2,4,5,8,176,TRAINING,6,12,0,6,13470562,158490cd,1168
217,0,2,4,5,8,177,TRAINING,4,8,1,2,31470562,518490cd,1063
217,0,2,4,5,8,178,TRAINING,2,13,1,7,13470562,158490cd,1469
217,0,2,4,5,8,179,TRAINING,6,12,0,6,31470562,518490cd,1103
217,0,2,4,5,8,180,TRAINING,5,0,1,4,31475062,518409cd,1469
217,0,2,4,5,8,181,TRAINING,7,4,0,5,31405762,518904cd,2883
217,0,2,4,5,8,182,TRAINING,6,12,0,2,31605742,51c9048d,1082
217,0,2,4,5,8,183,TRAINING,4,8,1,6,30615742,59c1048d,1057
217,0,2,4,5,8,184,TRAINING,4,8,1,6,30615247,59c10d84,1904
217,0,2,4,5,8,185,TEST,4,8,1,1,true,934
217,0,2,4,5,8,186,TEST,1,1,0,0,true,2053
217,0,2,4,5,8,187,TEST,7,4,0,0,true,1825
217,0,2,4,5,8,188,TEST,5,0,1,1,true,1139
217,0,2,4,5,8,189,TEST,6,12,0,0,true,5989
217,0,2,4,5,8,190,TEST,3,5,0,0,true,1110
217,0,2,4,5,8,191,TEST,0,9,1,1,true,657
217,0,2,4,5,8,192,TEST,2,13,1,1,true,504
217,0,2,4,5,INSTRUCT,postquestionnaire,2

rulestrategy:I tried to find the common feature among the items in a group and eventually learned that there is one exception in each group that had to be remembered. As someone with bad short-term memory, I was surprised I finally learned the rules!
howtoimprove:None.
engagement:9
difficulty:8
physicalaids:no