219,1,1,5,2,INSTRUCT,instruct1,15302
219,1,1,5,2,INSTRUCT,instructCatExample,14395
219,1,1,5,2,INSTRUCT,instructCatColor,9997
219,1,1,5,2,INSTRUCT,instructCatStripe,13246
219,1,1,5,2,INSTRUCT,instructDemoIntro,31356
219,1,1,5,2,INSTRUCT,instructDemo,74557
219,1,1,5,2,INSTRUCT,instructTest,29316
219,1,1,5,2,INSTRUCT,instructTest2,33941
219,1,1,5,2,INSTRUCT,instructDimColor,26520
219,1,1,5,2,INSTRUCT,instructDimBorder,6061
219,1,1,5,2,INSTRUCT,instructDimDots,4653
219,1,1,5,2,INSTRUCT,instructDimStripe,3257
219,1,1,5,2,INSTRUCT,instructDimAll,14609
219,1,1,5,2,INSTRUCT,instructFinal,37125
219,1,1,5,2,1,1,TRAINING,1,10,1,3,52714603,b03a9182,1930
219,1,1,5,2,1,2,TRAINING,0,8,0,6,52716403,b03a1982,1834
219,1,1,5,2,1,3,TRAINING,2,0,1,1,52716304,b03a1289,1966
219,1,1,5,2,1,4,TRAINING,4,9,0,7,72516304,30ba1289,2000
219,1,1,5,2,1,5,TRAINING,7,3,0,0,72156304,30ab1289,1833
219,1,1,5,2,1,6,TRAINING,4,9,0,7,72106354,30a812b9,2240
219,1,1,5,2,1,7,TRAINING,1,10,1,5,72306154,30281ab9,3247
219,1,1,5,2,1,8,TRAINING,7,3,0,0,72360154,30218ab9,2368
219,1,1,5,2,1,9,TRAINING,0,8,0,3,72306154,30281ab9,2109
219,1,1,5,2,1,10,TRAINING,6,1,1,4,73206154,32081ab9,1734
219,1,1,5,2,1,11,TRAINING,3,2,0,6,75206134,3b081a29,3132
219,1,1,5,2,1,12,TRAINING,5,11,1,1,75406132,3b981a20,1681
219,1,1,5,2,1,13,TRAINING,5,11,1,1,05476132,8b931a20,2118
219,1,1,5,2,1,14,TRAINING,6,1,1,4,05476312,8b9312a0,2752
219,1,1,5,2,1,15,TRAINING,3,2,0,5,05426317,8b9012a3,1729
219,1,1,5,2,1,16,TRAINING,2,0,1,3,15426307,ab901283,2296
219,1,1,5,2,1,17,TEST,5,11,1,1,true,6203
219,1,1,5,2,1,18,TEST,6,1,1,1,true,2511
219,1,1,5,2,1,19,TEST,7,3,0,1,false,1856
219,1,1,5,2,1,20,TEST,2,0,1,0,false,766
219,1,1,5,2,1,21,TEST,0,8,0,0,true,968
219,1,1,5,2,1,22,TEST,3,2,0,0,true,1109
219,1,1,5,2,1,23,TEST,1,10,1,0,false,1247
219,1,1,5,2,1,24,TEST,4,9,0,1,false,940
219,1,1,5,2,2,25,TRAINING,7,3,0,2,20743516,08392ba1,6483
219,1,1,5,2,2,26,TRAINING,2,0,1,0,24703516,09382ba1,3725
219,1,1,5,2,2,27,TRAINING,5,11,1,5,24703561,09382b1a,3480
219,1,1,5,2,2,28,TRAINING,1,10,1,7,24763501,09312b8a,2761
219,1,1,5,2,2,29,TRAINING,0,8,0,6,27463501,03912b8a,4567
219,1,1,5,2,2,30,TRAINING,0,8,0,6,24763501,09312b8a,2313
219,1,1,5,2,2,31,TRAINING,4,9,0,1,24753601,093b218a,2830
219,1,1,5,2,2,32,TRAINING,1,10,1,7,34752601,293b018a,1779
219,1,1,5,2,2,33,TRAINING,4,9,0,1,34052671,298b013a,4083
219,1,1,5,2,2,34,TRAINING,5,11,1,0,54032671,b982013a,1753
219,1,1,5,2,2,35,TRAINING,2,0,1,4,54732601,b932018a,2109
219,1,1,5,2,2,36,TRAINING,3,2,0,7,54712603,b93a0182,4124
219,1,1,5,2,2,37,TRAINING,7,3,0,2,51742603,ba390182,2103
219,1,1,5,2,2,38,TRAINING,6,1,1,5,51740623,ba398102,2587
219,1,1,5,2,2,39,TRAINING,6,1,1,5,53740621,b239810a,1601
219,1,1,5,2,2,40,TRAINING,3,2,0,1,73540621,32b9810a,1630
219,1,1,5,2,2,41,TEST,0,8,0,1,false,3642
219,1,1,5,2,2,42,TEST,4,9,0,1,false,3210
219,1,1,5,2,2,43,TEST,2,0,1,1,true,1689
219,1,1,5,2,2,44,TEST,7,3,0,0,true,795
219,1,1,5,2,2,45,TEST,6,1,1,1,true,786
219,1,1,5,2,2,46,TEST,1,10,1,0,false,704
219,1,1,5,2,2,47,TEST,3,2,0,0,true,444
219,1,1,5,2,2,48,TEST,5,11,1,0,false,703
219,1,1,5,2,3,49,TRAINING,5,11,1,4,20635471,0812b93a,4271
219,1,1,5,2,3,50,TRAINING,6,1,1,2,20675431,0813b92a,10687
219,1,1,5,2,3,51,TRAINING,7,3,0,6,20635471,0812b93a,1836
219,1,1,5,2,3,52,TRAINING,6,1,1,2,40635271,9812b03a,6895
219,1,1,5,2,3,53,TRAINING,7,3,0,6,10635274,a812b039,3130
219,1,1,5,2,3,54,TRAINING,2,0,1,1,12635074,a012b839,2248
219,1,1,5,2,3,55,TRAINING,0,8,0,7,12635470,a012b938,4585
219,1,1,5,2,3,56,TRAINING,1,10,1,6,72635410,3012b9a8,1896
219,1,1,5,2,3,57,TRAINING,4,9,0,5,72653410,301b29a8,11407
219,1,1,5,2,3,58,TRAINING,3,2,0,4,27653410,031b29a8,2871
219,1,1,5,2,3,59,TRAINING,5,11,1,3,67253410,130b29a8,1841
219,1,1,5,2,3,60,TRAINING,2,0,1,2,67253014,130b28a9,2659
219,1,1,5,2,3,61,TRAINING,0,8,0,5,63257014,120b38a9,1932
219,1,1,5,2,3,62,TRAINING,1,10,1,6,43257016,920b38a1,11384
219,1,1,5,2,3,63,TRAINING,3,2,0,1,73254016,320b98a1,3441
219,1,1,5,2,3,64,TRAINING,4,9,0,2,73452016,329b08a1,3398
219,1,1,5,2,3,65,TEST,2,0,1,1,true,1755
219,1,1,5,2,3,66,TEST,5,11,1,0,false,2347
219,1,1,5,2,3,67,TEST,6,1,1,1,true,2076
219,1,1,5,2,3,68,TEST,7,3,0,0,true,2670
219,1,1,5,2,3,69,TEST,1,10,1,0,false,657
219,1,1,5,2,3,70,TEST,0,8,0,1,false,726
219,1,1,5,2,3,71,TEST,4,9,0,1,false,1338
219,1,1,5,2,3,72,TEST,3,2,0,0,true,1060
219,1,1,5,2,4,73,TRAINING,5,11,1,1,75014623,3b8a9102,7958
219,1,1,5,2,4,74,TRAINING,2,0,1,6,75034621,3b82910a,1987
219,1,1,5,2,4,75,TRAINING,3,2,0,3,75634021,3b12980a,5120
219,1,1,5,2,4,76,TRAINING,2,0,1,6,70634521,38129b0a,2616
219,1,1,5,2,4,77,TRAINING,1,10,1,7,75634021,3b12980a,4279
219,1,1,5,2,4,78,TRAINING,5,11,1,4,74635021,3912b80a,10023
219,1,1,5,2,4,79,TRAINING,7,3,0,5,04635721,8912b30a,2364
219,1,1,5,2,4,80,TRAINING,6,1,1,3,04365721,8921b30a,20114
219,1,1,5,2,4,81,TRAINING,1,10,1,7,05364721,8b21930a,3802
219,1,1,5,2,4,82,TRAINING,4,9,0,4,25364701,0b21938a,2084
219,1,1,5,2,4,83,TRAINING,3,2,0,0,35264701,2b01938a,1934
219,1,1,5,2,4,84,TRAINING,0,8,0,2,35064721,2b81930a,2714
219,1,1,5,2,4,85,TRAINING,6,1,1,3,37064521,23819b0a,1588
219,1,1,5,2,4,86,TRAINING,4,9,0,6,37062541,23810b9a,1332
219,1,1,5,2,4,87,TRAINING,7,3,0,1,07362541,83210b9a,2390
219,1,1,5,2,4,88,TRAINING,0,8,0,0,07263541,83012b9a,1840
219,1,1,5,2,4,89,TEST,0,8,0,1,false,4967
219,1,1,5,2,4,90,TEST,7,3,0,0,true,3523
219,1,1,5,2,4,91,TEST,6,1,1,1,true,772
219,1,1,5,2,4,92,TEST,3,2,0,0,true,2081
219,1,1,5,2,4,93,TEST,4,9,0,0,true,857
219,1,1,5,2,4,94,TEST,1,10,1,1,true,1324
219,1,1,5,2,4,95,TEST,2,0,1,0,false,881
219,1,1,5,2,4,96,TEST,5,11,1,0,false,357
219,1,1,5,2,5,97,TRAINING,6,1,1,4,43126570,92a01b38,10565
219,1,1,5,2,5,98,TRAINING,5,11,1,6,43126750,92a013b8,3245
219,1,1,5,2,5,99,TRAINING,4,9,0,0,40126753,98a013b2,2110
219,1,1,5,2,5,100,TRAINING,2,0,1,3,40726153,98301ab2,2356
219,1,1,5,2,5,101,TRAINING,5,11,1,6,43726150,92301ab8,3402
219,1,1,5,2,5,102,TRAINING,3,2,0,4,46723150,91302ab8,6889
219,1,1,5,2,5,103,TRAINING,3,2,0,4,46723051,913028ba,4229
219,1,1,5,2,5,104,TRAINING,1,10,1,7,46703251,913820ba,10403
219,1,1,5,2,5,105,TRAINING,7,3,0,2,42703651,903821ba,2550
219,1,1,5,2,5,106,TRAINING,2,0,1,1,42763051,903128ba,4258
219,1,1,5,2,5,107,TRAINING,0,8,0,5,42713056,903a28b1,2073
219,1,1,5,2,5,108,TRAINING,4,9,0,0,42763051,903128ba,2353
219,1,1,5,2,5,109,TRAINING,1,10,1,3,42713056,903a28b1,2318
219,1,1,5,2,5,110,TRAINING,0,8,0,5,43712056,923a08b1,1755
219,1,1,5,2,5,111,TRAINING,6,1,1,7,43715026,923ab801,1954
219,1,1,5,2,5,112,TRAINING,7,3,0,2,43725016,9230b8a1,1757
219,1,1,5,2,5,113,TEST,7,3,0,0,true,2637
219,1,1,5,2,5,114,TEST,1,10,1,1,true,3111
219,1,1,5,2,5,115,TEST,4,9,0,0,true,643
219,1,1,5,2,5,116,TEST,0,8,0,0,true,3547
219,1,1,5,2,5,117,TEST,3,2,0,0,true,742
219,1,1,5,2,5,118,TEST,5,11,1,1,true,1756
219,1,1,5,2,5,119,TEST,2,0,1,1,true,2753
219,1,1,5,2,5,120,TEST,6,1,1,0,false,622
219,1,1,5,2,6,121,TRAINING,5,11,1,5,06431572,8192ab30,1784
219,1,1,5,2,6,122,TRAINING,0,8,0,0,07431562,8392ab10,2542
219,1,1,5,2,6,123,TRAINING,5,11,1,5,02431567,8092ab13,1863
219,1,1,5,2,6,124,TRAINING,4,9,0,2,01432567,8a920b13,1891
219,1,1,5,2,6,125,TRAINING,0,8,0,0,01437562,8a923b10,2167
219,1,1,5,2,6,126,TRAINING,1,10,1,1,01457362,8a9b3210,1882
219,1,1,5,2,6,127,TRAINING,3,2,0,5,01475362,8a93b210,1563
219,1,1,5,2,6,128,TRAINING,7,3,0,6,01465372,8a91b230,1684
219,1,1,5,2,6,129,TRAINING,4,9,0,1,04165372,89a1b230,1711
219,1,1,5,2,6,130,TRAINING,7,3,0,6,04125376,89a0b231,1939
219,1,1,5,2,6,131,TRAINING,2,0,1,0,24105376,09a8b231,1677
219,1,1,5,2,6,132,TRAINING,6,1,1,4,24106375,09a8123b,1518
219,1,1,5,2,6,133,TRAINING,2,0,1,0,24176305,09a3128b,2441
219,1,1,5,2,6,134,TRAINING,3,2,0,2,24376105,09231a8b,4938
219,1,1,5,2,6,135,TRAINING,6,1,1,4,21376405,0a23198b,1547
219,1,1,5,2,6,136,TRAINING,1,10,1,5,24376105,09231a8b,1465
219,1,1,5,2,6,137,TEST,7,3,0,0,true,862
219,1,1,5,2,6,138,TEST,5,11,1,1,true,1655
219,1,1,5,2,6,139,TEST,2,0,1,0,false,2769
219,1,1,5,2,6,140,TEST,4,9,0,0,true,1787
219,1,1,5,2,6,141,TEST,1,10,1,1,true,3891
219,1,1,5,2,6,142,TEST,6,1,1,0,false,1556
219,1,1,5,2,6,143,TEST,0,8,0,0,true,1124
219,1,1,5,2,6,144,TEST,3,2,0,0,true,1068
219,1,1,5,2,7,145,TRAINING,1,10,1,6,67054213,138b90a2,1726
219,1,1,5,2,7,146,TRAINING,7,3,0,2,60754213,183b90a2,1626
219,1,1,5,2,7,147,TRAINING,0,8,0,4,64750213,193b80a2,2182
219,1,1,5,2,7,148,TRAINING,3,2,0,7,64750123,193b8a02,3150
219,1,1,5,2,7,149,TRAINING,3,2,0,7,64750213,193b80a2,2078
219,1,1,5,2,7,150,TRAINING,1,10,1,1,61750243,1a3b8092,1978
219,1,1,5,2,7,151,TRAINING,5,11,1,2,61570243,1ab38092,1873
219,1,1,5,2,7,152,TRAINING,2,0,1,3,61520743,1ab08392,2708
219,1,1,5,2,7,153,TRAINING,6,1,1,0,64520713,19b083a2,1793
219,1,1,5,2,7,154,TRAINING,0,8,0,4,67520413,13b089a2,1761
219,1,1,5,2,7,155,TRAINING,5,11,1,2,62570413,10b389a2,3250
219,1,1,5,2,7,156,TRAINING,7,3,0,3,32570416,20b389a1,1935
219,1,1,5,2,7,157,TRAINING,4,9,0,1,34570216,29b380a1,2385
219,1,1,5,2,7,158,TRAINING,4,9,0,1,24570316,09b382a1,1622
219,1,1,5,2,7,159,TRAINING,2,0,1,0,24670315,091382ab,1557
219,1,1,5,2,7,160,TRAINING,6,1,1,2,24607315,091832ab,8385
219,1,1,5,2,7,161,TEST,4,9,0,0,true,2047
219,1,1,5,2,7,162,TEST,3,2,0,0,true,1602
219,1,1,5,2,7,163,TEST,6,1,1,1,true,2346
219,1,1,5,2,7,164,TEST,0,8,0,0,true,1094
219,1,1,5,2,7,165,TEST,7,3,0,0,true,1119
219,1,1,5,2,7,166,TEST,5,11,1,1,true,662
219,1,1,5,2,7,167,TEST,2,0,1,0,false,8388
219,1,1,5,2,7,168,TEST,1,10,1,1,true,1399
219,1,1,5,2,8,169,TRAINING,6,1,1,0,67351402,132ba980,2157
219,1,1,5,2,8,170,TRAINING,0,8,0,5,67351042,132ba890,1708
219,1,1,5,2,8,171,TRAINING,7,3,0,1,67315042,132ab890,2292
219,1,1,5,2,8,172,TRAINING,4,9,0,3,67345012,1329b8a0,2362
219,1,1,5,2,8,173,TRAINING,2,0,1,5,67345210,1329b0a8,10093
219,1,1,5,2,8,174,TRAINING,2,0,1,5,60345217,1829b0a3,6483
219,1,1,5,2,8,175,TRAINING,5,11,1,3,60354217,182b90a3,2368
219,1,1,5,2,8,176,TRAINING,3,2,0,2,61354207,1a2b9083,1674
219,1,1,5,2,8,177,TRAINING,1,10,1,1,61354270,1a2b9038,1900
219,1,1,5,2,8,178,TRAINING,3,2,0,2,01354276,8a2b9031,2559
219,1,1,5,2,8,179,TRAINING,5,11,1,5,01324576,8a209b31,1875
219,1,1,5,2,8,180,TRAINING,4,9,0,4,07324516,83209ba1,3044
219,1,1,5,2,8,181,TRAINING,1,10,1,7,07324561,83209b1a,1803
219,1,1,5,2,8,182,TRAINING,6,1,1,3,07364521,83219b0a,1677
219,1,1,5,2,8,183,TRAINING,7,3,0,1,07264531,83019b2a,2519
219,1,1,5,2,8,184,TRAINING,0,8,0,0,07564231,83b1902a,1670
219,1,1,5,2,8,185,TEST,5,11,1,1,true,2334
219,1,1,5,2,8,186,TEST,3,2,0,0,true,616
219,1,1,5,2,8,187,TEST,0,8,0,0,true,9169
219,1,1,5,2,8,188,TEST,2,0,1,1,true,2625
219,1,1,5,2,8,189,TEST,6,1,1,1,true,2012
219,1,1,5,2,8,190,TEST,7,3,0,0,true,1215
219,1,1,5,2,8,191,TEST,1,10,1,1,true,707
219,1,1,5,2,8,192,TEST,4,9,0,0,true,2176
219,1,1,5,2,9,193,TRAINING,6,1,1,5,15234670,ab029138,4196
219,1,1,5,2,9,194,TRAINING,2,0,1,0,25134670,0ba29138,4443
219,1,1,5,2,9,195,TRAINING,7,3,0,6,20134675,08a2913b,2060
219,1,1,5,2,9,196,TRAINING,0,8,0,1,20136475,08a2193b,2246
219,1,1,5,2,9,197,TRAINING,4,9,0,5,30126475,28a0193b,2034
219,1,1,5,2,9,198,TRAINING,3,2,0,0,30126457,28a019b3,1856
219,1,1,5,2,9,199,TRAINING,3,2,0,0,30125467,28a0b913,1935
219,1,1,5,2,9,200,TRAINING,7,3,0,7,31025467,2a80b913,1903
219,1,1,5,2,9,201,TRAINING,5,11,1,4,30125467,28a0b913,1619
219,1,1,5,2,9,202,TRAINING,1,10,1,1,31025467,2a80b913,1653
219,1,1,5,2,9,203,TRAINING,2,0,1,3,31425067,2a90b813,3412
219,1,1,5,2,9,204,TRAINING,1,10,1,1,31425076,2a90b831,2847
219,1,1,5,2,9,205,TRAINING,0,8,0,5,51423076,ba902831,10358
219,1,1,5,2,9,206,TRAINING,6,1,1,7,51473026,ba932801,5087
219,1,1,5,2,9,207,TRAINING,4,9,0,2,21473056,0a9328b1,6469
219,1,1,5,2,9,208,TRAINING,5,11,1,1,25473016,0b9328a1,5946
219,1,1,5,2,9,209,TEST,3,2,0,0,true,3599
219,1,1,5,2,9,210,TEST,4,9,0,0,true,2198
219,1,1,5,2,9,211,TEST,7,3,0,0,true,1992
219,1,1,5,2,9,212,TEST,0,8,0,0,true,2461
219,1,1,5,2,9,213,TEST,2,0,1,1,true,2091
219,1,1,5,2,9,214,TEST,1,10,1,1,true,5010
219,1,1,5,2,9,215,TEST,5,11,1,1,true,1413
219,1,1,5,2,9,216,TEST,6,1,1,1,true,2261
219,1,1,5,2,INSTRUCT,postquestionnaire,5

rulestrategy:I tried to single out the common factor. I used the outline colors first, but the polka dots were confusing. So I went with square color. Then I tried to see what the other squares fit into that color category (or what else they had in common). At the end I memorized what letter went where.
howtoimprove:That test was kind of hard!
engagement:10
difficulty:8
physicalaids:no