220,1,2,18,9,INSTRUCT,instruct1,24723
220,1,2,18,9,INSTRUCT,instructCatExample,18885
220,1,2,18,9,INSTRUCT,instructCatColor,9378
220,1,2,18,9,INSTRUCT,instructCatStripe,15441
220,1,2,18,9,INSTRUCT,instructDemoIntro,26860
220,1,2,18,9,INSTRUCT,instructDemo,96857
220,1,2,18,9,INSTRUCT,instructTest,15729
220,1,2,18,9,INSTRUCT,instructTest2,42945
220,1,2,18,9,INSTRUCT,instructDimColor,19075
220,1,2,18,9,INSTRUCT,instructDimBorder,3044
220,1,2,18,9,INSTRUCT,instructDimDots,3283
220,1,2,18,9,INSTRUCT,instructDimStripe,4226
220,1,2,18,9,INSTRUCT,instructDimAll,12776
220,1,2,18,9,INSTRUCT,instructFinal,59234
220,1,2,18,9,1,1,TRAINING,3,6,0,1,23160754,762f3eab,4083
220,1,2,18,9,1,2,TRAINING,0,3,1,6,23165704,762fae3b,2284
220,1,2,18,9,1,3,TRAINING,7,14,0,7,23165407,762fab3e,3959
220,1,2,18,9,1,4,TRAINING,2,7,1,2,13265407,267fab3e,4424
220,1,2,18,9,1,5,TRAINING,0,3,1,0,03265417,367fab2e,2254
220,1,2,18,9,1,6,TRAINING,1,2,0,6,05263417,3a7f6b2e,4364
220,1,2,18,9,1,7,TRAINING,2,7,1,2,06253417,3f7a6b2e,2073
220,1,2,18,9,1,8,TRAINING,7,14,0,1,07253416,3e7a6b2f,2164
220,1,2,18,9,1,9,TRAINING,1,2,0,6,47253016,be7a632f,1992
220,1,2,18,9,1,10,TRAINING,6,15,0,7,47352016,be6a732f,1938
220,1,2,18,9,1,11,TRAINING,4,11,1,0,40352716,b36a7e2f,3908
220,1,2,18,9,1,12,TRAINING,5,10,1,5,40372516,b36e7a2f,5933
220,1,2,18,9,1,13,TRAINING,3,6,0,2,40376512,b36efa27,3038
220,1,2,18,9,1,14,TRAINING,4,11,1,0,40376521,b36efa72,2087
220,1,2,18,9,1,15,TRAINING,5,10,1,6,40376251,b36ef7a2,1975
220,1,2,18,9,1,16,TRAINING,6,15,0,4,41376250,b26ef7a3,2016
220,1,2,18,9,1,17,TEST,3,6,0,0,true,4227
220,1,2,18,9,1,18,TEST,7,14,0,1,false,1597
220,1,2,18,9,1,19,TEST,1,2,0,0,true,1177
220,1,2,18,9,1,20,TEST,6,15,0,1,false,942
220,1,2,18,9,1,21,TEST,0,3,1,0,false,1269
220,1,2,18,9,1,22,TEST,4,11,1,1,true,813
220,1,2,18,9,1,23,TEST,2,7,1,0,false,1215
220,1,2,18,9,1,24,TEST,5,10,1,1,true,1253
220,1,2,18,9,2,25,TRAINING,7,14,0,3,03472165,36be72fa,2337
220,1,2,18,9,2,26,TRAINING,2,7,1,4,30472165,63be72fa,4123
220,1,2,18,9,2,27,TRAINING,4,11,1,0,40372165,b36e72fa,2181
220,1,2,18,9,2,28,TRAINING,1,2,0,3,40312765,b3627efa,2159
220,1,2,18,9,2,29,TRAINING,6,15,0,2,40612735,b3f27e6a,2011
220,1,2,18,9,2,30,TRAINING,4,11,1,6,30612745,63f27eba,3666
220,1,2,18,9,2,31,TRAINING,3,6,0,0,30612547,63f27abe,2629
220,1,2,18,9,2,32,TRAINING,1,2,0,3,32610547,67f23abe,2081
220,1,2,18,9,2,33,TRAINING,5,10,1,5,30612547,63f27abe,1910
220,1,2,18,9,2,34,TRAINING,2,7,1,6,30614527,63f2ba7e,2201
220,1,2,18,9,2,35,TRAINING,5,10,1,5,36014527,6f32ba7e,2254
220,1,2,18,9,2,36,TRAINING,0,3,1,2,31064527,623fba7e,1734
220,1,2,18,9,2,37,TRAINING,7,14,0,7,31062547,623f7abe,3841
220,1,2,18,9,2,38,TRAINING,0,3,1,2,31052647,623a7fbe,1902
220,1,2,18,9,2,39,TRAINING,3,6,0,6,41052637,b23a7f6e,1744
220,1,2,18,9,2,40,TRAINING,6,15,0,5,41057632,b23aef67,1808
220,1,2,18,9,2,41,TEST,7,14,0,0,true,3174
220,1,2,18,9,2,42,TEST,2,7,1,0,false,1194
220,1,2,18,9,2,43,TEST,3,6,0,0,true,744
220,1,2,18,9,2,44,TEST,1,2,0,1,false,1059
220,1,2,18,9,2,45,TEST,0,3,1,1,true,648
220,1,2,18,9,2,46,TEST,6,15,0,0,true,1608
220,1,2,18,9,2,47,TEST,5,10,1,1,true,2343
220,1,2,18,9,2,48,TEST,4,11,1,1,true,1266
220,1,2,18,9,3,49,TRAINING,3,6,0,0,31762504,62ef7a3b,3398
220,1,2,18,9,3,50,TRAINING,5,10,1,5,34762501,6bef7a32,5618
220,1,2,18,9,3,51,TRAINING,2,7,1,4,34712506,6be27a3f,4564
220,1,2,18,9,3,52,TRAINING,4,11,1,1,04712536,3be27a6f,2449
220,1,2,18,9,3,53,TRAINING,6,15,0,7,04172536,3b2e7a6f,1955
220,1,2,18,9,3,54,TRAINING,4,11,1,1,04712536,3be27a6f,2488
220,1,2,18,9,3,55,TRAINING,7,14,0,6,04312576,3b627aef,1868
220,1,2,18,9,3,56,TRAINING,0,3,1,3,14302576,2b637aef,2065
220,1,2,18,9,3,57,TRAINING,3,6,0,2,12304576,2763baef,1955
220,1,2,18,9,3,58,TRAINING,5,10,1,5,12306574,2763faeb,2042
220,1,2,18,9,3,59,TRAINING,6,15,0,4,10326574,2367faeb,2238
220,1,2,18,9,3,60,TRAINING,1,2,0,0,17326504,2e67fa3b,3028
220,1,2,18,9,3,61,TRAINING,0,3,1,6,17356204,2e6af73b,2124
220,1,2,18,9,3,62,TRAINING,2,7,1,7,17356402,2e6afb37,1801
220,1,2,18,9,3,63,TRAINING,1,2,0,0,16357402,2f6aeb37,3797
220,1,2,18,9,3,64,TRAINING,7,14,0,1,17356402,2e6afb37,1671
220,1,2,18,9,3,65,TEST,1,2,0,0,true,1343
220,1,2,18,9,3,66,TEST,7,14,0,0,true,698
220,1,2,18,9,3,67,TEST,6,15,0,1,false,1051
220,1,2,18,9,3,68,TEST,3,6,0,1,false,189
220,1,2,18,9,3,69,TEST,4,11,1,0,false,6218
220,1,2,18,9,3,70,TEST,5,10,1,1,true,1821
220,1,2,18,9,3,71,TEST,2,7,1,0,false,1411
220,1,2,18,9,3,72,TEST,0,3,1,0,false,1277
220,1,2,18,9,4,73,TRAINING,7,14,0,1,67532104,fea6723b,1444
220,1,2,18,9,4,74,TRAINING,6,15,0,0,67531204,fea6273b,3494
220,1,2,18,9,4,75,TRAINING,1,2,0,4,67431205,feb6273a,1977
220,1,2,18,9,4,76,TRAINING,1,2,0,4,67431250,feb627a3,2379
220,1,2,18,9,4,77,TRAINING,0,3,1,1,60431257,f3b627ae,4929
220,1,2,18,9,4,78,TRAINING,0,3,1,1,60471253,f3be27a6,1826
220,1,2,18,9,4,79,TRAINING,2,7,1,5,60571243,f3ae27b6,1952
220,1,2,18,9,4,80,TRAINING,5,10,1,2,10576243,23aef7b6,1984
220,1,2,18,9,4,81,TRAINING,4,11,1,6,70516243,e3a2f7b6,2122
220,1,2,18,9,4,82,TRAINING,5,10,1,2,70561243,e3af27b6,2226
220,1,2,18,9,4,83,TRAINING,3,6,0,7,72561043,e7af23b6,2228
220,1,2,18,9,4,84,TRAINING,6,15,0,3,02561743,37af2eb6,1986
220,1,2,18,9,4,85,TRAINING,7,14,0,0,72561043,e7af23b6,2225
220,1,2,18,9,4,86,TRAINING,3,6,0,6,72561034,e7af236b,1822
220,1,2,18,9,4,87,TRAINING,4,11,1,7,72516034,e7a2f36b,1945
220,1,2,18,9,4,88,TRAINING,2,7,1,1,72506134,e7a3f26b,2159
220,1,2,18,9,4,89,TEST,0,3,1,1,true,5857
220,1,2,18,9,4,90,TEST,1,2,0,1,false,1231
220,1,2,18,9,4,91,TEST,5,10,1,1,true,2022
220,1,2,18,9,4,92,TEST,4,11,1,1,true,1170
220,1,2,18,9,4,93,TEST,2,7,1,0,false,2163
220,1,2,18,9,4,94,TEST,7,14,0,0,true,688
220,1,2,18,9,4,95,TEST,3,6,0,0,true,692
220,1,2,18,9,4,96,TEST,6,15,0,0,true,754
220,1,2,18,9,5,97,TRAINING,5,10,1,0,50631427,a3f62b7e,1745
220,1,2,18,9,5,98,TRAINING,7,14,0,4,50637421,a3f6eb72,5243
220,1,2,18,9,5,99,TRAINING,0,3,1,1,50627431,a3f7eb62,4765
220,1,2,18,9,5,100,TRAINING,1,2,0,7,50427631,a3b7ef62,2720
220,1,2,18,9,5,101,TRAINING,4,11,1,2,20457631,73baef62,2376
220,1,2,18,9,5,102,TRAINING,3,6,0,6,25407631,7ab3ef62,2291
220,1,2,18,9,5,103,TRAINING,6,15,0,5,21407635,72b3ef6a,1818
220,1,2,18,9,5,104,TRAINING,5,10,1,4,21405637,72b3af6e,2085
220,1,2,18,9,5,105,TRAINING,1,2,0,3,20415637,73b2af6e,2033
220,1,2,18,9,5,106,TRAINING,3,6,0,6,70415632,e3b2af67,2233
220,1,2,18,9,5,107,TRAINING,2,7,1,7,74015632,eb32af67,2222
220,1,2,18,9,5,108,TRAINING,7,14,0,5,64015732,fb32ae67,2202
220,1,2,18,9,5,109,TRAINING,4,11,1,1,54016732,ab32fe67,2612
220,1,2,18,9,5,110,TRAINING,2,7,1,4,54012736,ab327e6f,2142
220,1,2,18,9,5,111,TRAINING,0,3,1,2,54012637,ab327f6e,1879
220,1,2,18,9,5,112,TRAINING,6,15,0,5,45012637,ba327f6e,1881
220,1,2,18,9,5,113,TEST,1,2,0,0,true,3239
220,1,2,18,9,5,114,TEST,7,14,0,1,false,1884
220,1,2,18,9,5,115,TEST,3,6,0,1,false,2024
220,1,2,18,9,5,116,TEST,5,10,1,0,false,1289
220,1,2,18,9,5,117,TEST,0,3,1,0,false,919
220,1,2,18,9,5,118,TEST,2,7,1,0,false,1853
220,1,2,18,9,5,119,TEST,4,11,1,0,false,1408
220,1,2,18,9,5,120,TEST,6,15,0,1,false,1436
220,1,2,18,9,6,121,TRAINING,4,11,1,5,37652401,6efa7b32,1571
220,1,2,18,9,6,122,TRAINING,2,7,1,4,37652410,6efa7b23,3302
220,1,2,18,9,6,123,TRAINING,3,6,0,0,30652417,63fa7b2e,5195
220,1,2,18,9,6,124,TRAINING,0,3,1,1,30752416,63ea7b2f,1794
220,1,2,18,9,6,125,TRAINING,5,10,1,3,30257416,637aeb2f,2040
220,1,2,18,9,6,126,TRAINING,0,3,1,1,30257614,637aef2b,1943
220,1,2,18,9,6,127,TRAINING,1,2,0,6,30657214,63fae72b,3487
220,1,2,18,9,6,128,TRAINING,2,7,1,5,60357214,f36ae72b,2075
220,1,2,18,9,6,129,TRAINING,7,14,0,4,64357210,fb6ae723,2319
220,1,2,18,9,6,130,TRAINING,6,15,0,0,64317250,fb62e7a3,1873
220,1,2,18,9,6,131,TRAINING,1,2,0,1,61347250,f26be7a3,1754
220,1,2,18,9,6,132,TRAINING,4,11,1,3,61547230,f2abe763,1853
220,1,2,18,9,6,133,TRAINING,6,15,0,5,21547630,72abef63,1741
220,1,2,18,9,6,134,TRAINING,3,6,0,1,23547610,76abef23,1648
220,1,2,18,9,6,135,TRAINING,5,10,1,2,13547620,26abef73,1856
220,1,2,18,9,6,136,TRAINING,7,14,0,4,63547120,f6abe273,1810
220,1,2,18,9,6,137,TEST,1,2,0,0,true,1600
220,1,2,18,9,6,138,TEST,2,7,1,0,false,1727
220,1,2,18,9,6,139,TEST,0,3,1,1,true,2077
220,1,2,18,9,6,140,TEST,5,10,1,0,false,1006
220,1,2,18,9,6,141,TEST,7,14,0,0,true,677
220,1,2,18,9,6,142,TEST,4,11,1,1,true,893
220,1,2,18,9,6,143,TEST,6,15,0,1,false,774
220,1,2,18,9,6,144,TEST,3,6,0,0,true,1007
220,1,2,18,9,7,145,TRAINING,4,11,1,4,53274016,a67eb32f,1668
220,1,2,18,9,7,146,TRAINING,3,6,0,5,50274316,a37eb62f,1781
220,1,2,18,9,7,147,TRAINING,5,10,1,2,20574316,73aeb62f,2008
220,1,2,18,9,7,148,TRAINING,1,2,0,1,21574306,72aeb63f,1709
220,1,2,18,9,7,149,TRAINING,1,2,0,1,41572306,b2ae763f,1889
220,1,2,18,9,7,150,TRAINING,6,15,0,7,41072356,b23e76af,2282
220,1,2,18,9,7,151,TRAINING,3,6,0,0,31072456,623e7baf,5862
220,1,2,18,9,7,152,TRAINING,6,15,0,7,31042756,623b7eaf,3004
220,1,2,18,9,7,153,TRAINING,2,7,1,3,31024756,6237beaf,1912
220,1,2,18,9,7,154,TRAINING,7,14,0,6,31024576,6237baef,1603
220,1,2,18,9,7,155,TRAINING,2,7,1,3,01324576,3267baef,1885
220,1,2,18,9,7,156,TRAINING,7,14,0,6,01325476,3267abef,1732
220,1,2,18,9,7,157,TRAINING,0,3,1,0,01625473,32f7abe6,2175
220,1,2,18,9,7,158,TRAINING,5,10,1,4,06125473,3f27abe6,1920
220,1,2,18,9,7,159,TRAINING,0,3,1,0,01625473,32f7abe6,2283
220,1,2,18,9,7,160,TRAINING,4,11,1,5,01325476,3267abef,1777
220,1,2,18,9,7,161,TEST,1,2,0,0,true,1384
220,1,2,18,9,7,162,TEST,3,6,0,0,true,780
220,1,2,18,9,7,163,TEST,0,3,1,1,true,1511
220,1,2,18,9,7,164,TEST,4,11,1,1,true,742
220,1,2,18,9,7,165,TEST,6,15,0,0,true,2101
220,1,2,18,9,7,166,TEST,2,7,1,0,false,1828
220,1,2,18,9,7,167,TEST,7,14,0,0,true,1814
220,1,2,18,9,7,168,TEST,5,10,1,1,true,1919
220,1,2,18,9,8,169,TRAINING,0,3,1,5,65341027,fa6b237e,2515
220,1,2,18,9,8,170,TRAINING,3,6,0,2,56341027,af6b237e,1983
220,1,2,18,9,8,171,TRAINING,1,2,0,4,56321047,af6723be,5322
220,1,2,18,9,8,172,TRAINING,7,14,0,7,50321647,a3672fbe,3559
220,1,2,18,9,8,173,TRAINING,0,3,1,1,50361247,a36f27be,3825
220,1,2,18,9,8,174,TRAINING,5,10,1,0,50163247,a32f67be,1849
220,1,2,18,9,8,175,TRAINING,6,15,0,3,50163742,a32f6eb7,2887
220,1,2,18,9,8,176,TRAINING,2,7,1,6,50163724,a32f6e7b,2123
220,1,2,18,9,8,177,TRAINING,4,11,1,7,50763124,a3ef627b,1808
220,1,2,18,9,8,178,TRAINING,3,6,0,0,30765124,63efa27b,1668
220,1,2,18,9,8,179,TRAINING,5,10,1,4,30725164,63e7a2fb,1819
220,1,2,18,9,8,180,TRAINING,6,15,0,6,34725160,6be7a2f3,1767
220,1,2,18,9,8,181,TRAINING,4,11,1,3,32745160,67eba2f3,1966
220,1,2,18,9,8,182,TRAINING,7,14,0,5,32145760,672baef3,1856
220,1,2,18,9,8,183,TRAINING,2,7,1,1,62145730,f72bae63,1978
220,1,2,18,9,8,184,TRAINING,1,2,0,2,62154730,f72abe63,1774
220,1,2,18,9,8,185,TEST,4,11,1,1,true,3235
220,1,2,18,9,8,186,TEST,5,10,1,1,true,2169
220,1,2,18,9,8,187,TEST,7,14,0,0,true,1093
220,1,2,18,9,8,188,TEST,2,7,1,1,true,8199
220,1,2,18,9,8,189,TEST,6,15,0,0,true,1185
220,1,2,18,9,8,190,TEST,0,3,1,1,true,1037
220,1,2,18,9,8,191,TEST,3,6,0,0,true,1065
220,1,2,18,9,8,192,TEST,1,2,0,1,false,1777
220,1,2,18,9,9,193,TRAINING,2,7,1,6,54013726,ab326e7f,1360
220,1,2,18,9,9,194,TRAINING,4,11,1,0,45013726,ba326e7f,3516
220,1,2,18,9,9,195,TRAINING,1,2,0,5,45073126,ba3e627f,1941
220,1,2,18,9,9,196,TRAINING,2,7,1,6,45673120,bafe6273,1855
220,1,2,18,9,9,197,TRAINING,7,14,0,3,45073126,ba3e627f,1840
220,1,2,18,9,9,198,TRAINING,4,11,1,0,45173026,ba2e637f,2117
220,1,2,18,9,9,199,TRAINING,6,15,0,1,46173025,bf2e637a,1533
220,1,2,18,9,9,200,TRAINING,1,2,0,4,46371025,bf6e237a,2817
220,1,2,18,9,9,201,TRAINING,6,15,0,1,06371425,3f6e2b7a,1777
220,1,2,18,9,9,202,TRAINING,5,10,1,7,76301425,ef632b7a,3346
220,1,2,18,9,9,203,TRAINING,3,6,0,0,36701425,6fe32b7a,2239
220,1,2,18,9,9,204,TRAINING,0,3,1,1,30761425,63ef2b7a,1569
220,1,2,18,9,9,205,TRAINING,0,3,1,1,30761245,63ef27ba,2024
220,1,2,18,9,9,206,TRAINING,5,10,1,7,30716245,63e2f7ba,1921
220,1,2,18,9,9,207,TRAINING,7,14,0,2,40716235,b3e2f76a,4188
220,1,2,18,9,9,208,TRAINING,3,6,0,5,40716325,b3e2f67a,1871
220,1,2,18,9,9,209,TEST,5,10,1,1,true,4118
220,1,2,18,9,9,210,TEST,7,14,0,0,true,2614
220,1,2,18,9,9,211,TEST,3,6,0,0,true,2703
220,1,2,18,9,9,212,TEST,0,3,1,1,true,1517
220,1,2,18,9,9,213,TEST,1,2,0,0,true,3081
220,1,2,18,9,9,214,TEST,6,15,0,0,true,1819
220,1,2,18,9,9,215,TEST,2,7,1,1,true,1616
220,1,2,18,9,9,216,TEST,4,11,1,1,true,686
220,1,2,18,9,10,217,TRAINING,7,14,0,3,21574036,72aeb36f,1567
220,1,2,18,9,10,218,TRAINING,4,11,1,4,23574016,76aeb32f,2291
220,1,2,18,9,10,219,TRAINING,1,2,0,6,32574016,67aeb32f,2675
220,1,2,18,9,10,220,TRAINING,3,6,0,0,32574610,67aebf23,2078
220,1,2,18,9,10,221,TRAINING,3,6,0,0,30574612,63aebf27,1809
220,1,2,18,9,10,222,TRAINING,0,3,1,1,30571642,63ae2fb7,1635
220,1,2,18,9,10,223,TRAINING,5,10,1,2,30561742,63af2eb7,1820
220,1,2,18,9,10,224,TRAINING,5,10,1,2,10563742,23af6eb7,1707
220,1,2,18,9,10,225,TRAINING,1,2,0,0,10563472,23af6be7,2479
220,1,2,18,9,10,226,TRAINING,2,7,1,7,10543672,23ab6fe7,2864
220,1,2,18,9,10,227,TRAINING,2,7,1,7,10345672,236bafe7,1808
220,1,2,18,9,10,228,TRAINING,4,11,1,5,10365472,236fabe7,3494
220,1,2,18,9,10,229,TRAINING,7,14,0,6,01365472,326fabe7,1949
220,1,2,18,9,10,230,TRAINING,0,3,1,0,06315472,3f62abe7,2174
220,1,2,18,9,10,231,TRAINING,6,15,0,2,03615472,36f2abe7,1960
220,1,2,18,9,10,232,TRAINING,6,15,0,2,03625471,36f7abe2,1774
220,1,2,18,9,10,233,TEST,6,15,0,1,false,3304
220,1,2,18,9,10,234,TEST,0,3,1,1,true,1399
220,1,2,18,9,10,235,TEST,3,6,0,1,false,2263
220,1,2,18,9,10,236,TEST,2,7,1,1,true,1955
220,1,2,18,9,10,237,TEST,4,11,1,0,false,1835
220,1,2,18,9,10,238,TEST,7,14,0,0,true,1504
220,1,2,18,9,10,239,TEST,5,10,1,0,false,2196
220,1,2,18,9,10,240,TEST,1,2,0,0,true,2260
220,1,2,18,9,11,241,TRAINING,4,11,1,5,52036471,a736fbe2,1722
220,1,2,18,9,11,242,TRAINING,7,14,0,6,53026471,a637fbe2,1739
220,1,2,18,9,11,243,TRAINING,0,3,1,3,53206471,a673fbe2,1905
220,1,2,18,9,11,244,TRAINING,3,6,0,2,52306471,a763fbe2,1733
220,1,2,18,9,11,245,TRAINING,6,15,0,4,52306417,a763fb2e,2169
220,1,2,18,9,11,246,TRAINING,0,3,1,3,54306217,ab63f72e,2016
220,1,2,18,9,11,247,TRAINING,2,7,1,5,57306214,ae63f72b,2024
220,1,2,18,9,11,248,TRAINING,1,2,0,0,17306254,2e63f7ab,1777
220,1,2,18,9,11,249,TRAINING,1,2,0,0,17305264,2e63a7fb,1893
220,1,2,18,9,11,250,TRAINING,5,10,1,2,17503264,2ea367fb,1780
220,1,2,18,9,11,251,TRAINING,5,10,1,2,17543260,2eab67f3,1664
220,1,2,18,9,11,252,TRAINING,4,11,1,3,07543261,3eab67f2,1867
220,1,2,18,9,11,253,TRAINING,7,14,0,1,07546231,3eabf762,1937
220,1,2,18,9,11,254,TRAINING,3,6,0,6,07246531,3e7bfa62,1803
220,1,2,18,9,11,255,TRAINING,6,15,0,4,57246031,ae7bf362,1803
220,1,2,18,9,11,256,TRAINING,2,7,1,5,57046231,ae3bf762,1605
220,1,2,18,9,11,257,TEST,2,7,1,1,true,1393
220,1,2,18,9,11,258,TEST,1,2,0,0,true,2480
220,1,2,18,9,11,259,TEST,3,6,0,0,true,1122
220,1,2,18,9,11,260,TEST,5,10,1,0,false,1021
220,1,2,18,9,11,261,TEST,7,14,0,0,true,881
220,1,2,18,9,11,262,TEST,0,3,1,1,true,1605
220,1,2,18,9,11,263,TEST,4,11,1,1,true,1641
220,1,2,18,9,11,264,TEST,6,15,0,0,true,1912
220,1,2,18,9,12,265,TRAINING,2,7,1,4,61532047,f2a673be,1843
220,1,2,18,9,12,266,TRAINING,7,14,0,3,61572043,f2ae73b6,1419
220,1,2,18,9,12,267,TRAINING,6,15,0,2,51672043,a2fe73b6,1603
220,1,2,18,9,12,268,TRAINING,4,11,1,6,51673042,a2fe63b7,1910
220,1,2,18,9,12,269,TRAINING,1,2,0,5,50673142,a3fe62b7,1677
220,1,2,18,9,12,270,TRAINING,5,10,1,0,50273146,a37e62bf,1872
220,1,2,18,9,12,271,TRAINING,0,3,1,1,50276143,a37ef2b6,1691
220,1,2,18,9,12,272,TRAINING,4,11,1,6,50273146,a37e62bf,1971
220,1,2,18,9,12,273,TRAINING,3,6,0,4,10273546,237e6abf,1858
220,1,2,18,9,12,274,TRAINING,0,3,1,1,10573246,23ae67bf,1786
220,1,2,18,9,12,275,TRAINING,3,6,0,4,10563247,23af67be,1798
220,1,2,18,9,12,276,TRAINING,2,7,1,5,10763245,23ef67ba,1926
220,1,2,18,9,12,277,TRAINING,6,15,0,3,40763215,b3ef672a,2857
220,1,2,18,9,12,278,TRAINING,7,14,0,1,47063215,be3f672a,2525
220,1,2,18,9,12,279,TRAINING,1,2,0,6,47062315,be3f762a,3108
220,1,2,18,9,12,280,TRAINING,5,10,1,7,47260315,be7f362a,1866
220,1,2,18,9,12,281,TEST,2,7,1,1,true,3521
220,1,2,18,9,12,282,TEST,5,10,1,1,true,1342
220,1,2,18,9,12,283,TEST,1,2,0,0,true,1695
220,1,2,18,9,12,284,TEST,4,11,1,0,false,1702
220,1,2,18,9,12,285,TEST,0,3,1,1,true,3525
220,1,2,18,9,12,286,TEST,3,6,0,0,true,2766
220,1,2,18,9,12,287,TEST,7,14,0,1,false,1221
220,1,2,18,9,12,288,TEST,6,15,0,0,true,1388
220,1,2,18,9,13,289,TRAINING,2,7,1,5,06341257,3f6b27ae,1393
220,1,2,18,9,13,290,TRAINING,1,2,0,4,07341256,3e6b27af,1861
220,1,2,18,9,13,291,TRAINING,1,2,0,4,06341257,3f6b27ae,1943
220,1,2,18,9,13,292,TRAINING,4,11,1,3,06541237,3fab276e,2036
220,1,2,18,9,13,293,TRAINING,7,14,0,7,60541237,f3ab276e,1921
220,1,2,18,9,13,294,TRAINING,0,3,1,6,63541207,f6ab273e,1648
220,1,2,18,9,13,295,TRAINING,6,15,0,0,63542107,f6ab723e,1899
220,1,2,18,9,13,296,TRAINING,0,3,1,6,63547102,f6abe237,2001
220,1,2,18,9,13,297,TRAINING,5,10,1,2,67543102,feab6237,2188
220,1,2,18,9,13,298,TRAINING,2,7,1,7,76543102,efab6237,1789
220,1,2,18,9,13,299,TRAINING,3,6,0,4,16543702,2fab6e37,2227
220,1,2,18,9,13,300,TRAINING,5,10,1,2,46513702,bfa26e37,1943
220,1,2,18,9,13,301,TRAINING,6,15,0,1,46513072,bfa263e7,1690
220,1,2,18,9,13,302,TRAINING,3,6,0,4,06513472,3fa26be7,2090
220,1,2,18,9,13,303,TRAINING,7,14,0,6,56013472,af326be7,1882
220,1,2,18,9,13,304,TRAINING,4,11,1,5,26013475,7f326bea,1750
220,1,2,18,9,13,305,TEST,7,14,0,0,true,5124
220,1,2,18,9,13,306,TEST,0,3,1,1,true,860
220,1,2,18,9,13,307,TEST,2,7,1,1,true,926
220,1,2,18,9,13,308,TEST,6,15,0,0,true,705
220,1,2,18,9,13,309,TEST,3,6,0,1,false,965
220,1,2,18,9,13,310,TEST,5,10,1,1,true,1175
220,1,2,18,9,13,311,TEST,1,2,0,0,true,766
220,1,2,18,9,13,312,TEST,4,11,1,0,false,643
220,1,2,18,9,14,313,TRAINING,5,10,1,6,64732150,fbe672a3,2284
220,1,2,18,9,14,314,TRAINING,2,7,1,5,64731250,fbe627a3,1718
220,1,2,18,9,14,315,TRAINING,2,7,1,5,63741250,f6eb27a3,1633
220,1,2,18,9,14,316,TRAINING,4,11,1,3,61743250,f2eb67a3,2304
220,1,2,18,9,14,317,TRAINING,3,6,0,6,61745230,f2eba763,3270
220,1,2,18,9,14,318,TRAINING,1,2,0,2,67145230,fe2ba763,2421
220,1,2,18,9,14,319,TRAINING,5,10,1,4,67125430,fe27ab63,8362
220,1,2,18,9,14,320,TRAINING,6,15,0,0,67125340,fe27a6b3,1947
220,1,2,18,9,14,321,TRAINING,0,3,1,7,67215340,fe72a6b3,2222
220,1,2,18,9,14,322,TRAINING,7,14,0,5,63215740,f672aeb3,1983
220,1,2,18,9,14,323,TRAINING,0,3,1,7,62315740,f762aeb3,2141
220,1,2,18,9,14,324,TRAINING,6,15,0,1,26315740,7f62aeb3,1758
220,1,2,18,9,14,325,TRAINING,7,14,0,6,26315470,7f62abe3,1618
220,1,2,18,9,14,326,TRAINING,3,6,0,4,26513470,7fa26be3,1932
220,1,2,18,9,14,327,TRAINING,1,2,0,3,46513270,bfa267e3,2303
220,1,2,18,9,14,328,TRAINING,4,11,1,7,06513274,3fa267eb,1979
220,1,2,18,9,14,329,TEST,3,6,0,0,true,1407
220,1,2,18,9,14,330,TEST,7,14,0,1,false,1500
220,1,2,18,9,14,331,TEST,5,10,1,1,true,839
220,1,2,18,9,14,332,TEST,4,11,1,1,true,1645
220,1,2,18,9,14,333,TEST,2,7,1,0,false,1329
220,1,2,18,9,14,334,TEST,1,2,0,0,true,1223
220,1,2,18,9,14,335,TEST,6,15,0,1,false,3550
220,1,2,18,9,14,336,TEST,0,3,1,0,false,2938
220,1,2,18,9,15,337,TRAINING,6,15,0,3,53164702,a62fbe37,2820
220,1,2,18,9,15,338,TRAINING,7,14,0,1,57164302,ae2fb637,6451
220,1,2,18,9,15,339,TRAINING,7,14,0,1,57162304,ae2f763b,7664
220,1,2,18,9,15,340,TRAINING,2,7,1,7,57164302,ae2fb637,3186
220,1,2,18,9,15,341,TRAINING,4,11,1,4,57364102,ae6fb237,8755
220,1,2,18,9,15,342,TRAINING,5,10,1,2,37564102,6eafb237,14607
220,1,2,18,9,15,343,TRAINING,0,3,1,7,37564120,6eafb273,4083
220,1,2,18,9,15,344,TRAINING,2,7,1,6,17564320,2eafb673,4476
220,1,2,18,9,15,345,TRAINING,5,10,1,3,17654320,2efab673,7802
220,1,2,18,9,15,346,TRAINING,0,3,1,1,10654327,23fab67e,4754
220,1,2,18,9,15,347,TRAINING,6,15,0,2,20654317,73fab62e,2111
220,1,2,18,9,15,348,TRAINING,1,2,0,6,30654217,63fab72e,2641
220,1,2,18,9,15,349,TRAINING,3,6,0,0,30645217,63fba72e,1913
220,1,2,18,9,15,350,TRAINING,1,2,0,6,30245617,637baf2e,2329
220,1,2,18,9,15,351,TRAINING,4,11,1,7,30275614,637eaf2b,1781
220,1,2,18,9,15,352,TRAINING,3,6,0,0,30257614,637aef2b,1939
220,1,2,18,9,15,353,TEST,6,15,0,0,true,1824
220,1,2,18,9,15,354,TEST,2,7,1,1,true,1046
220,1,2,18,9,15,355,TEST,5,10,1,0,false,1108
220,1,2,18,9,15,356,TEST,4,11,1,1,true,1219
220,1,2,18,9,15,357,TEST,7,14,0,0,true,828
220,1,2,18,9,15,358,TEST,3,6,0,0,true,694
220,1,2,18,9,15,359,TEST,0,3,1,1,true,850
220,1,2,18,9,15,360,TEST,1,2,0,0,true,1183
220,1,2,18,9,16,361,TRAINING,7,14,0,0,76053412,ef3a6b27,4258
220,1,2,18,9,16,362,TRAINING,3,6,0,4,76053142,ef3a62b7,4308
220,1,2,18,9,16,363,TRAINING,1,2,0,5,72053146,e73a62bf,5891
220,1,2,18,9,16,364,TRAINING,7,14,0,3,52073146,a73e62bf,2040
220,1,2,18,9,16,365,TRAINING,0,3,1,2,52076143,a73ef2b6,1946
220,1,2,18,9,16,366,TRAINING,4,11,1,4,52074163,a73eb2f6,4236
220,1,2,18,9,16,367,TRAINING,2,7,1,1,72054163,e73ab2f6,1748
220,1,2,18,9,16,368,TRAINING,0,3,1,2,72064153,e73fb2a6,1621
220,1,2,18,9,16,369,TRAINING,4,11,1,4,72064135,e73fb26a,2038
220,1,2,18,9,16,370,TRAINING,5,10,1,5,72064531,e73fba62,1596
220,1,2,18,9,16,371,TRAINING,5,10,1,5,72604531,e7f3ba62,1840
220,1,2,18,9,16,372,TRAINING,6,15,0,2,27604531,7ef3ba62,1901
220,1,2,18,9,16,373,TRAINING,6,15,0,2,27601534,7ef32a6b,1737
220,1,2,18,9,16,374,TRAINING,3,6,0,6,72601534,e7f32a6b,1750
220,1,2,18,9,16,375,TRAINING,1,2,0,4,75601234,eaf3276b,1809
220,1,2,18,9,16,376,TRAINING,2,7,1,7,75601432,eaf32b67,1805
220,1,2,18,9,16,377,TEST,5,10,1,0,false,1180
220,1,2,18,9,16,378,TEST,6,15,0,0,true,955
220,1,2,18,9,16,379,TEST,3,6,0,1,false,1063
220,1,2,18,9,16,380,TEST,2,7,1,1,true,693
220,1,2,18,9,16,381,TEST,7,14,0,0,true,947
220,1,2,18,9,16,382,TEST,1,2,0,0,true,718
220,1,2,18,9,16,383,TEST,0,3,1,1,true,1231
220,1,2,18,9,16,384,TEST,4,11,1,0,false,724
220,1,2,18,9,17,385,TRAINING,0,3,1,1,30156742,632afeb7,5382
220,1,2,18,9,17,386,TRAINING,0,3,1,1,30156724,632afe7b,2191
220,1,2,18,9,17,387,TRAINING,3,6,0,0,30152764,632a7efb,6667
220,1,2,18,9,17,388,TRAINING,6,15,0,3,30162754,632f7eab,2078
220,1,2,18,9,17,389,TRAINING,5,10,1,7,30162745,632f7eba,3652
220,1,2,18,9,17,390,TRAINING,1,2,0,2,30164725,632fbe7a,6119
220,1,2,18,9,17,391,TRAINING,1,2,0,2,40163725,b32f6e7a,4523
220,1,2,18,9,17,392,TRAINING,3,6,0,4,40163752,b32f6ea7,2558
220,1,2,18,9,17,393,TRAINING,4,11,1,0,46103752,bf236ea7,3828
220,1,2,18,9,17,394,TRAINING,7,14,0,5,46013752,bf326ea7,3995
220,1,2,18,9,17,395,TRAINING,2,7,1,3,46023751,bf376ea2,4794
220,1,2,18,9,17,396,TRAINING,2,7,1,3,40623751,b3f76ea2,3795
220,1,2,18,9,17,397,TRAINING,6,15,0,2,10623754,23f76eab,2079
220,1,2,18,9,17,398,TRAINING,4,11,1,7,15623704,2af76e3b,2858
220,1,2,18,9,17,399,TRAINING,7,14,0,3,15673204,2afe673b,2277
220,1,2,18,9,17,400,TRAINING,5,10,1,0,51673204,a2fe673b,3861
220,1,2,18,9,17,401,TEST,1,2,0,1,false,23842
220,1,2,18,9,17,402,TEST,6,15,0,0,true,3191
220,1,2,18,9,17,403,TEST,5,10,1,0,false,1212
220,1,2,18,9,17,404,TEST,4,11,1,0,false,651
220,1,2,18,9,17,405,TEST,0,3,1,1,true,1176
220,1,2,18,9,17,406,TEST,2,7,1,0,false,1114
220,1,2,18,9,17,407,TEST,3,6,0,0,true,1694
220,1,2,18,9,17,408,TEST,7,14,0,0,true,1104
220,1,2,18,9,18,409,TRAINING,1,2,0,1,01625743,32f7aeb6,1386
220,1,2,18,9,18,410,TRAINING,5,10,1,4,41625703,b2f7ae36,4529
220,1,2,18,9,18,411,TRAINING,3,6,0,7,41725603,b2e7af36,1828
220,1,2,18,9,18,412,TRAINING,4,11,1,0,47125603,be27af36,1772
220,1,2,18,9,18,413,TRAINING,4,11,1,0,46125703,bf27ae36,1733
220,1,2,18,9,18,414,TRAINING,7,14,0,6,46125073,bf27a3e6,1657
220,1,2,18,9,18,415,TRAINING,5,10,1,4,46105273,bf23a7e6,1718
220,1,2,18,9,18,416,TRAINING,6,15,0,1,46135270,bf26a7e3,2029
220,1,2,18,9,18,417,TRAINING,3,6,0,3,46135720,bf26ae73,2055
220,1,2,18,9,18,418,TRAINING,0,3,1,7,46132750,bf267ea3,1835
220,1,2,18,9,18,419,TRAINING,2,7,1,2,46231750,bf762ea3,1655
220,1,2,18,9,18,420,TRAINING,7,14,0,0,76231450,ef762ba3,2053
220,1,2,18,9,18,421,TRAINING,6,15,0,4,71236450,e276fba3,1756
220,1,2,18,9,18,422,TRAINING,0,3,1,6,71236405,e276fb3a,1846
220,1,2,18,9,18,423,TRAINING,2,7,1,2,71236504,e276fa3b,2028
220,1,2,18,9,18,424,TRAINING,1,2,0,4,76231504,ef762a3b,2140
220,1,2,18,9,18,425,TEST,3,6,0,0,true,4714
220,1,2,18,9,18,426,TEST,6,15,0,1,false,827
220,1,2,18,9,18,427,TEST,0,3,1,0,false,1348
220,1,2,18,9,18,428,TEST,2,7,1,0,false,321
220,1,2,18,9,18,429,TEST,5,10,1,1,true,931
220,1,2,18,9,18,430,TEST,7,14,0,1,false,1242
220,1,2,18,9,18,431,TEST,1,2,0,0,true,1057
220,1,2,18,9,18,432,TEST,4,11,1,1,true,1243
220,1,2,18,9,19,433,TRAINING,3,6,0,1,43256710,b67afe23,2082
220,1,2,18,9,19,434,TRAINING,4,11,1,0,43216750,b672fea3,3595
220,1,2,18,9,19,435,TRAINING,5,10,1,2,43516720,b6a2fe73,4850
220,1,2,18,9,19,436,TRAINING,2,7,1,6,43576120,b6aef273,2758
220,1,2,18,9,19,437,TRAINING,0,3,1,7,43567120,b6afe273,4612
220,1,2,18,9,19,438,TRAINING,7,14,0,3,43576120,b6aef273,3045
220,1,2,18,9,19,439,TRAINING,2,7,1,6,46573120,bfae6273,3997
220,1,2,18,9,19,440,TRAINING,6,15,0,1,06573124,3fae627b,4476
220,1,2,18,9,19,441,TRAINING,4,11,1,3,06543127,3fab627e,4973
220,1,2,18,9,19,442,TRAINING,1,2,0,5,06543172,3fab62e7,2132
220,1,2,18,9,19,443,TRAINING,7,14,0,6,36540172,6fab32e7,2350
220,1,2,18,9,19,444,TRAINING,1,2,0,5,35640172,6afb32e7,2747
220,1,2,18,9,19,445,TRAINING,3,6,0,0,30645172,63fba2e7,3813
220,1,2,18,9,19,446,TRAINING,6,15,0,2,35640172,6afb32e7,2503
220,1,2,18,9,19,447,TRAINING,0,3,1,3,35604172,6af3b2e7,3997
220,1,2,18,9,19,448,TRAINING,5,10,1,1,35607142,6af3e2b7,4355
220,1,2,18,9,19,449,TEST,4,11,1,1,true,9914
220,1,2,18,9,19,450,TEST,3,6,0,0,true,8678
220,1,2,18,9,19,451,TEST,6,15,0,1,false,8109
220,1,2,18,9,19,452,TEST,7,14,0,0,true,4756
220,1,2,18,9,19,453,TEST,5,10,1,1,true,6468
220,1,2,18,9,19,454,TEST,1,2,0,0,true,10296
220,1,2,18,9,19,455,TEST,2,7,1,1,true,4564
220,1,2,18,9,19,456,TEST,0,3,1,1,true,6920
220,1,2,18,9,INSTRUCT,postquestionnaire,2

rulestrategy:I related two objects to each other by a things they had in common, then I remembered if they were in the same or opposite groups
howtoimprove:no
engagement:8
difficulty:10
physicalaids:no