221,0,4,12,10,INSTRUCT,instruct1,11154
221,0,4,12,10,INSTRUCT,instructCatExample,11220
221,0,4,12,10,INSTRUCT,instructCatColor,6272
221,0,4,12,10,INSTRUCT,instructCatStripe,10057
221,0,4,12,10,INSTRUCT,instructDemoIntro,13925
221,0,4,12,10,INSTRUCT,instructDemo,15851
221,0,4,12,10,INSTRUCT,instructTest,25173
221,0,4,12,10,INSTRUCT,instructTest2,27326
221,0,4,12,10,INSTRUCT,instructDimColor,30013
221,0,4,12,10,INSTRUCT,instructDimBorder,17981
221,0,4,12,10,INSTRUCT,instructDimDots,10086
221,0,4,12,10,INSTRUCT,instructDimStripe,9974
221,0,4,12,10,INSTRUCT,instructDimAll,9605
221,0,4,12,10,INSTRUCT,instructFinal,16174
221,0,4,12,10,1,1,TRAINING,4,7,1,0,42760153,74d56efc,6454
221,0,4,12,10,1,2,TRAINING,6,5,0,3,42067153,7465defc,19338
221,0,4,12,10,1,3,TRAINING,7,13,1,4,43067152,7c65def4,10893
221,0,4,12,10,1,4,TRAINING,5,15,0,6,43167052,7ce5d6f4,9112
221,0,4,12,10,1,5,TRAINING,5,15,0,6,42167053,74e5d6fc,10833
221,0,4,12,10,1,6,TRAINING,0,6,1,5,42137056,74ecd6f5,1841
221,0,4,12,10,1,7,TRAINING,7,13,1,4,42317056,74ced6f5,15139
221,0,4,12,10,1,8,TRAINING,3,12,0,2,12347056,e4c7d6f5,4832
221,0,4,12,10,1,9,TRAINING,0,6,1,5,12347065,e4c7d65f,15577
221,0,4,12,10,1,10,TRAINING,0,6,1,5,12374065,e4cd765f,8769
221,0,4,12,10,1,11,TRAINING,1,14,0,0,12347065,e4c7d65f,4953
221,0,4,12,10,1,12,TRAINING,1,14,0,0,12346075,e4c756df,9249
221,0,4,12,10,1,13,TRAINING,2,4,1,1,12364075,e4c576df,930
221,0,4,12,10,1,14,TRAINING,2,4,1,1,12463075,e475c6df,6588
221,0,4,12,10,1,15,TRAINING,7,13,1,6,12364075,e4c576df,6288
221,0,4,12,10,1,16,TRAINING,5,15,0,7,12634075,e45c76df,969
221,0,4,12,10,1,17,TEST,7,13,1,0,false,16400
221,0,4,12,10,1,18,TEST,4,7,1,1,true,4905
221,0,4,12,10,1,19,TEST,5,15,0,0,true,4674
221,0,4,12,10,1,20,TEST,0,6,1,1,true,4762
221,0,4,12,10,1,21,TEST,3,12,0,0,true,5899
221,0,4,12,10,1,22,TEST,1,14,0,0,true,4674
221,0,4,12,10,1,23,TEST,6,5,0,0,true,4603
221,0,4,12,10,1,24,TEST,2,4,1,1,true,4803
221,0,4,12,10,2,25,TRAINING,2,4,1,0,23016574,4c6e5fd7,141268
221,0,4,12,10,2,26,TRAINING,3,12,0,3,21036574,4e6c5fd7,4121
221,0,4,12,10,2,27,TRAINING,7,13,1,4,21037564,4e6cdf57,8641
221,0,4,12,10,2,28,TRAINING,4,7,1,7,26037514,456cdfe7,4746
221,0,4,12,10,2,29,TRAINING,1,14,0,6,23067514,4c65dfe7,7361
221,0,4,12,10,2,30,TRAINING,0,6,1,2,25067314,4f65dce7,3530
221,0,4,12,10,2,31,TRAINING,6,5,0,3,25063714,4f65cde7,3398
221,0,4,12,10,2,32,TRAINING,5,15,0,0,52063714,f465cde7,4796
221,0,4,12,10,2,33,TRAINING,5,15,0,0,52463710,f475cde6,2720
221,0,4,12,10,2,34,TRAINING,1,14,0,6,52763410,f4d5c7e6,1705
221,0,4,12,10,2,35,TRAINING,1,14,0,6,53762410,fcd547e6,2377
221,0,4,12,10,2,36,TRAINING,4,7,1,5,52763410,f4d5c7e6,1393
221,0,4,12,10,2,37,TRAINING,7,13,1,2,02763415,64d5c7ef,1041
221,0,4,12,10,2,38,TRAINING,6,5,0,3,05763412,6fd5c7e4,1146
221,0,4,12,10,2,39,TRAINING,1,14,0,6,04763512,67d5cfe4,1395
221,0,4,12,10,2,40,TRAINING,0,6,1,0,04263517,6745cfed,1690
221,0,4,12,10,2,41,TEST,6,5,0,0,true,3344
221,0,4,12,10,2,42,TEST,4,7,1,1,true,2521
221,0,4,12,10,2,43,TEST,3,12,0,1,false,1995
221,0,4,12,10,2,44,TEST,5,15,0,0,true,1595
221,0,4,12,10,2,45,TEST,1,14,0,0,true,5362
221,0,4,12,10,2,46,TEST,7,13,1,1,true,2867
221,0,4,12,10,2,47,TEST,0,6,1,1,true,1883
221,0,4,12,10,2,48,TEST,2,4,1,1,true,1730
221,0,4,12,10,3,49,TRAINING,2,4,1,4,74162530,d7e54fc6,15019
221,0,4,12,10,3,50,TRAINING,3,12,0,6,74162035,d7e546cf,4397
221,0,4,12,10,3,51,TRAINING,0,6,1,5,76142035,d5e746cf,6381
221,0,4,12,10,3,52,TRAINING,1,14,0,7,76542031,d5f746ce,1728
221,0,4,12,10,3,53,TRAINING,4,7,1,2,76452031,d57f46ce,4753
221,0,4,12,10,3,54,TRAINING,7,13,1,0,76452301,d57f4c6e,2777
221,0,4,12,10,3,55,TRAINING,5,15,0,7,76412305,d57e4c6f,3377
221,0,4,12,10,3,56,TRAINING,6,5,0,1,76413205,d57ec46f,2035
221,0,4,12,10,3,57,TRAINING,4,7,1,2,16473205,e57dc46f,1097
221,0,4,12,10,3,58,TRAINING,0,6,1,6,16473502,e57dcf64,2697
221,0,4,12,10,3,59,TRAINING,1,14,0,4,36471502,c57def64,1233
221,0,4,12,10,3,60,TRAINING,7,13,1,3,26471503,457def6c,1210
221,0,4,12,10,3,61,TRAINING,2,4,1,0,26571403,45fde76c,1010
221,0,4,12,10,3,62,TRAINING,6,5,0,1,26571304,45fdec67,938
221,0,4,12,10,3,63,TRAINING,0,6,1,6,26531704,45fced67,1057
221,0,4,12,10,3,64,TRAINING,1,14,0,4,26731504,45dcef67,1417
221,0,4,12,10,3,65,TEST,6,5,0,0,true,4757
221,0,4,12,10,3,66,TEST,5,15,0,0,true,3082
221,0,4,12,10,3,67,TEST,3,12,0,0,true,2764
221,0,4,12,10,3,68,TEST,0,6,1,1,true,2044
221,0,4,12,10,3,69,TEST,2,4,1,1,true,2947
221,0,4,12,10,3,70,TEST,7,13,1,1,true,2091
221,0,4,12,10,3,71,TEST,4,7,1,1,true,3275
221,0,4,12,10,3,72,TEST,1,14,0,0,true,2884
221,0,4,12,10,4,73,TRAINING,6,5,0,0,63402571,5c764fde,6428
221,0,4,12,10,4,74,TRAINING,2,4,1,4,63102574,5ce64fd7,7089
221,0,4,12,10,4,75,TRAINING,3,12,0,1,63152074,5cef46d7,3617
221,0,4,12,10,4,76,TRAINING,1,14,0,2,73152064,dcef4657,2465
221,0,4,12,10,4,77,TRAINING,0,6,1,3,73102564,dce64f57,2425
221,0,4,12,10,4,78,TRAINING,7,13,1,0,73104562,dce67f54,3345
221,0,4,12,10,4,79,TRAINING,4,7,1,4,73104526,dce67f45,1154
221,0,4,12,10,4,80,TRAINING,6,5,0,7,73504126,dcf67e45,2130
221,0,4,12,10,4,81,TRAINING,5,15,0,2,37504126,cdf67e45,930
221,0,4,12,10,4,82,TRAINING,1,14,0,5,32504176,c4f67ed5,922
221,0,4,12,10,4,83,TRAINING,3,12,0,1,23504176,4cf67ed5,1049
221,0,4,12,10,4,84,TRAINING,2,4,1,4,43502176,7cf64ed5,1877
221,0,4,12,10,4,85,TRAINING,0,6,1,3,13502476,ecf647d5,914
221,0,4,12,10,4,86,TRAINING,6,5,0,6,13502467,ecf6475d,1155
221,0,4,12,10,4,87,TRAINING,7,13,1,5,13502764,ecf64d57,1049
221,0,4,12,10,4,88,TRAINING,4,7,1,7,13205764,ec46fd57,1537
221,0,4,12,10,4,89,TEST,5,15,0,0,true,3502
221,0,4,12,10,4,90,TEST,3,12,0,0,true,2721
221,0,4,12,10,4,91,TEST,2,4,1,1,true,3234
221,0,4,12,10,4,92,TEST,0,6,1,1,true,1451
221,0,4,12,10,4,93,TEST,6,5,0,0,true,2092
221,0,4,12,10,4,94,TEST,1,14,0,0,true,3044
221,0,4,12,10,4,95,TEST,4,7,1,1,true,3835
221,0,4,12,10,4,96,TEST,7,13,1,1,true,4480
221,0,4,12,10,INSTRUCT,postquestionnaire,2

rulestrategy:I memorized that Both the blue dots regardless of border were A. And bothe the purple dots regardless of border were b. That Purple with white border and blue with yellow border were B and opposite for the remaining.
howtoimprove:I did not write anything in this experient down. I concentrated heavily when using my chances to committ the categories to memory.
engagement:10
difficulty:9
physicalaids:no