223,0,4,8,6,INSTRUCT,instruct1,9083
223,0,4,8,6,INSTRUCT,instructCatExample,10925
223,0,4,8,6,INSTRUCT,instructCatColor,3684
223,0,4,8,6,INSTRUCT,instructCatStripe,3694
223,0,4,8,6,INSTRUCT,instructDemoIntro,15992
223,0,4,8,6,INSTRUCT,instructDemo,80869
223,0,4,8,6,INSTRUCT,instructTest,22474
223,0,4,8,6,INSTRUCT,instructTest2,20842
223,0,4,8,6,INSTRUCT,instructDimColor,16704
223,0,4,8,6,INSTRUCT,instructDimBorder,14516
223,0,4,8,6,INSTRUCT,instructDimDots,4709
223,0,4,8,6,INSTRUCT,instructDimStripe,3533
223,0,4,8,6,INSTRUCT,instructDimAll,16375
223,0,4,8,6,INSTRUCT,instructFinal,20206
223,0,4,8,6,1,1,TRAINING,2,4,1,0,26341075,40c1d589,4697
223,0,4,8,6,1,2,TRAINING,6,0,0,1,26347015,40c185d9,1253
223,0,4,8,6,1,3,TRAINING,3,12,0,2,26347051,40c1859d,2507
223,0,4,8,6,1,4,TRAINING,0,5,1,5,26345071,40c1958d,3090
223,0,4,8,6,1,5,TRAINING,1,13,0,3,26315074,40cd9581,4352
223,0,4,8,6,1,6,TRAINING,3,12,0,2,26314075,40cd1589,7546
223,0,4,8,6,1,7,TRAINING,6,0,0,1,26314057,40cd1598,1320
223,0,4,8,6,1,8,TRAINING,4,1,1,5,26310457,40cd5198,4390
223,0,4,8,6,1,9,TRAINING,5,9,0,6,16320457,d0c45198,1755
223,0,4,8,6,1,10,TRAINING,7,8,1,7,26310457,40cd5198,3625
223,0,4,8,6,1,11,TRAINING,7,8,1,7,36210457,c04d5198,6029
223,0,4,8,6,1,12,TRAINING,4,1,1,3,36240157,c0415d98,1338
223,0,4,8,6,1,13,TRAINING,0,5,1,0,06243157,5041cd98,2308
223,0,4,8,6,1,14,TRAINING,5,9,0,5,06243517,5041c9d8,4800
223,0,4,8,6,1,15,TRAINING,3,12,0,6,06241537,5041d9c8,4495
223,0,4,8,6,1,16,TRAINING,4,1,1,1,04261537,5140d9c8,2521
223,0,4,8,6,1,17,TEST,2,4,1,0,false,3129
223,0,4,8,6,1,18,TEST,1,13,0,1,false,1148
223,0,4,8,6,1,19,TEST,4,1,1,0,false,3277
223,0,4,8,6,1,20,TEST,0,5,1,1,true,928
223,0,4,8,6,1,21,TEST,5,9,0,0,true,1872
223,0,4,8,6,1,22,TEST,3,12,0,0,true,716
223,0,4,8,6,1,23,TEST,6,0,0,0,true,683
223,0,4,8,6,1,24,TEST,7,8,1,0,false,3320
223,0,4,8,6,2,25,TRAINING,1,13,0,0,16375042,d0c89514,1498
223,0,4,8,6,2,26,TRAINING,6,0,0,1,16325047,d0c49518,7795
223,0,4,8,6,2,27,TRAINING,3,12,0,2,16345027,d0c19548,8381
223,0,4,8,6,2,28,TRAINING,2,4,1,3,16325047,d0c49518,12940
223,0,4,8,6,2,29,TRAINING,7,8,1,4,16327045,d0c48519,8781
223,0,4,8,6,2,30,TRAINING,5,9,0,5,16327540,d0c48915,6439
223,0,4,8,6,2,31,TRAINING,4,1,1,6,16237540,d04c8915,4582
223,0,4,8,6,2,32,TRAINING,0,5,1,7,16327540,d0c48915,11214
223,0,4,8,6,2,33,TRAINING,3,12,0,2,17326540,d8c40915,7476
223,0,4,8,6,2,34,TRAINING,1,13,0,0,17346520,d8c10945,8979
223,0,4,8,6,2,35,TRAINING,6,0,0,4,17346502,d8c10954,12247
223,0,4,8,6,2,36,TRAINING,7,8,1,3,14376502,d1c80954,5319
223,0,4,8,6,2,37,TRAINING,0,5,1,6,41376502,1dc80954,6738
223,0,4,8,6,2,38,TRAINING,6,0,0,4,41376205,1dc80459,910
223,0,4,8,6,2,39,TRAINING,1,13,0,1,71346205,8dc10459,871
223,0,4,8,6,2,40,TRAINING,3,12,0,2,71346502,8dc10954,759
223,0,4,8,6,2,41,TEST,7,8,1,1,true,4006
223,0,4,8,6,2,42,TEST,0,5,1,1,true,7603
223,0,4,8,6,2,43,TEST,2,4,1,1,true,9295
223,0,4,8,6,2,44,TEST,6,0,0,0,true,5246
223,0,4,8,6,2,45,TEST,1,13,0,0,true,4784
223,0,4,8,6,2,46,TEST,4,1,1,1,true,4439
223,0,4,8,6,2,47,TEST,5,9,0,0,true,5022
223,0,4,8,6,2,48,TEST,3,12,0,0,true,4694
223,0,4,8,6,3,49,TRAINING,3,12,0,5,74021356,8154dc90,13444
223,0,4,8,6,3,50,TRAINING,1,13,0,4,24071356,4158dc90,3296
223,0,4,8,6,3,51,TRAINING,5,9,0,6,42071356,1458dc90,5963
223,0,4,8,6,3,52,TRAINING,6,0,0,7,42031756,145cd890,4537
223,0,4,8,6,3,53,TRAINING,0,5,1,3,42301756,14c5d890,4694
223,0,4,8,6,3,54,TRAINING,2,4,1,1,42307156,14c58d90,10231
223,0,4,8,6,3,55,TRAINING,4,1,1,0,42507136,14958dc0,15923
223,0,4,8,6,3,56,TRAINING,2,4,1,1,42506137,14950dc8,10715
223,0,4,8,6,3,57,TRAINING,7,8,1,7,42501637,1495d0c8,3631
223,0,4,8,6,3,58,TRAINING,5,9,0,2,42561037,1490d5c8,7799
223,0,4,8,6,3,59,TRAINING,6,0,0,0,62541037,0491d5c8,7350
223,0,4,8,6,3,60,TRAINING,7,8,1,4,62547031,049185cd,1389
223,0,4,8,6,3,61,TRAINING,0,5,1,5,65247031,094185cd,5540
223,0,4,8,6,3,62,TRAINING,4,1,1,7,65217034,094d85c1,2187
223,0,4,8,6,3,63,TRAINING,0,5,1,5,67215034,084d95c1,1009
223,0,4,8,6,3,64,TRAINING,7,8,1,1,67251034,0849d5c1,1479
223,0,4,8,6,3,65,TEST,1,13,0,0,true,4599
223,0,4,8,6,3,66,TEST,7,8,1,1,true,2156
223,0,4,8,6,3,67,TEST,0,5,1,1,true,3029
223,0,4,8,6,3,68,TEST,2,4,1,1,true,3990
223,0,4,8,6,3,69,TEST,6,0,0,0,true,3604
223,0,4,8,6,3,70,TEST,4,1,1,1,true,2363
223,0,4,8,6,3,71,TEST,5,9,0,0,true,2342
223,0,4,8,6,3,72,TEST,3,12,0,0,true,3797
223,0,4,8,6,INSTRUCT,postquestionnaire,9

rulestrategy:The first test I memorized each one individually. 

On the second test I realized a yellow border and blue interior meant it was part of category A. A yellow border and purple interior meant it was part of category B. The 4 remainders I memorized 
howtoimprove:No. 
engagement:7
difficulty:8
physicalaids:no