224,1,5,15,15,INSTRUCT,instruct1,8087
224,1,5,15,15,INSTRUCT,instructCatExample,7992
224,1,5,15,15,INSTRUCT,instructCatColor,3557
224,1,5,15,15,INSTRUCT,instructCatStripe,7565
224,1,5,15,15,INSTRUCT,instructDemoIntro,17385
224,1,5,15,15,INSTRUCT,instructDemo,54120
224,1,5,15,15,INSTRUCT,instructTest,20934
224,1,5,15,15,INSTRUCT,instructTest2,15605
224,1,5,15,15,INSTRUCT,instructDimColor,9185
224,1,5,15,15,INSTRUCT,instructDimBorder,2552
224,1,5,15,15,INSTRUCT,instructDimDots,3434
224,1,5,15,15,INSTRUCT,instructDimStripe,4127
224,1,5,15,15,INSTRUCT,instructDimAll,10480
224,1,5,15,15,INSTRUCT,instructFinal,8844
224,1,5,15,15,1,1,TRAINING,5,10,1,0,54321706,ae9db8fc,2423
224,1,5,15,15,1,2,TRAINING,6,12,1,7,53421706,a9edb8fc,3021
224,1,5,15,15,1,3,TRAINING,0,15,1,6,54321706,ae9db8fc,2315
224,1,5,15,15,1,4,TRAINING,7,8,0,5,51324706,ab9de8fc,2003
224,1,5,15,15,1,5,TRAINING,3,9,1,4,51423706,abed98fc,10442
224,1,5,15,15,1,6,TRAINING,3,9,1,4,51023746,abfd98ec,5908
224,1,5,15,15,1,7,TRAINING,0,15,1,2,51073246,abf89dec,2270
224,1,5,15,15,1,8,TRAINING,2,13,0,5,57013246,a8fb9dec,1799
224,1,5,15,15,1,9,TRAINING,4,14,0,4,57014236,a8fbed9c,9448
224,1,5,15,15,1,10,TRAINING,4,14,0,4,57064231,a8fced9b,2222
224,1,5,15,15,1,11,TRAINING,2,13,0,5,57604231,a8cfed9b,2004
224,1,5,15,15,1,12,TRAINING,7,8,0,1,57614230,a8cbed9f,1933
224,1,5,15,15,1,13,TRAINING,1,11,0,4,57641230,a8cebd9f,3751
224,1,5,15,15,1,14,TRAINING,6,12,1,2,57621430,a8cdbe9f,2005
224,1,5,15,15,1,15,TRAINING,1,11,0,4,37621450,98cdbeaf,3431
224,1,5,15,15,1,16,TRAINING,5,10,1,1,35621470,9acdbe8f,1813
224,1,5,15,15,1,17,TEST,6,12,1,1,true,3195
224,1,5,15,15,1,18,TEST,1,11,0,0,true,1202
224,1,5,15,15,1,19,TEST,7,8,0,1,false,2004
224,1,5,15,15,1,20,TEST,2,13,0,0,true,1431
224,1,5,15,15,1,21,TEST,4,14,0,1,false,2316
224,1,5,15,15,1,22,TEST,3,9,1,0,false,2747
224,1,5,15,15,1,23,TEST,5,10,1,1,true,974
224,1,5,15,15,1,24,TEST,0,15,1,0,false,966
224,1,5,15,15,2,25,TRAINING,3,9,1,4,47503612,e8af9cbd,1670
224,1,5,15,15,2,26,TRAINING,6,12,1,5,47053612,e8fa9cbd,1829
224,1,5,15,15,2,27,TRAINING,0,15,1,0,07453612,f8ea9cbd,2180
224,1,5,15,15,2,28,TRAINING,6,12,1,5,03457612,f9ea8cbd,12261
224,1,5,15,15,2,29,TRAINING,3,9,1,7,02457613,fdea8cb9,1896
224,1,5,15,15,2,30,TRAINING,4,14,0,2,02475613,fde8acb9,1956
224,1,5,15,15,2,31,TRAINING,2,13,0,4,05472613,fae8dcb9,2220
224,1,5,15,15,2,32,TRAINING,4,14,0,2,05462713,faecd8b9,4242
224,1,5,15,15,2,33,TRAINING,1,11,0,6,07462513,f8ecdab9,1860
224,1,5,15,15,2,34,TRAINING,2,13,0,7,07463512,f8ec9abd,2002
224,1,5,15,15,2,35,TRAINING,5,10,1,5,07364512,f89ceabd,1800
224,1,5,15,15,2,36,TRAINING,7,8,0,1,07346512,f89ecabd,1693
224,1,5,15,15,2,37,TRAINING,1,11,0,6,67340512,c89efabd,2184
224,1,5,15,15,2,38,TRAINING,5,10,1,5,67240513,c8defab9,1643
224,1,5,15,15,2,39,TRAINING,0,15,1,1,60247513,cfde8ab9,1756
224,1,5,15,15,2,40,TRAINING,7,8,0,6,60241573,cfdeba89,1869
224,1,5,15,15,2,41,TEST,2,13,0,0,true,4391
224,1,5,15,15,2,42,TEST,5,10,1,1,true,796
224,1,5,15,15,2,43,TEST,0,15,1,1,true,520
224,1,5,15,15,2,44,TEST,7,8,0,0,true,1202
224,1,5,15,15,2,45,TEST,4,14,0,1,false,666
224,1,5,15,15,2,46,TEST,1,11,0,1,false,496
224,1,5,15,15,2,47,TEST,3,9,1,0,false,1105
224,1,5,15,15,2,48,TEST,6,12,1,0,false,557
224,1,5,15,15,3,49,TRAINING,5,10,1,2,24516703,deabc8f9,3010
224,1,5,15,15,3,50,TRAINING,1,11,0,3,26514703,dcabe8f9,2914
224,1,5,15,15,3,51,TRAINING,6,12,1,1,76514203,8cabedf9,2637
224,1,5,15,15,3,52,TRAINING,2,13,0,5,76415203,8cebadf9,6730
224,1,5,15,15,3,53,TRAINING,0,15,1,6,76451203,8ceabdf9,1744
224,1,5,15,15,3,54,TRAINING,7,8,0,1,67451203,c8eabdf9,6467
224,1,5,15,15,3,55,TRAINING,4,14,0,2,67451302,c8eab9fd,1680
224,1,5,15,15,3,56,TRAINING,3,9,1,5,67451320,c8eab9df,2075
224,1,5,15,15,3,57,TRAINING,4,14,0,2,62451370,cdeab98f,1837
224,1,5,15,15,3,58,TRAINING,7,8,0,6,12456370,bdeac98f,1765
224,1,5,15,15,3,59,TRAINING,1,11,0,4,62451370,cdeab98f,1717
224,1,5,15,15,3,60,TRAINING,2,13,0,1,62451073,cdeabf89,8239
224,1,5,15,15,3,61,TRAINING,5,10,1,3,62451370,cdeab98f,2089
224,1,5,15,15,3,62,TRAINING,6,12,1,5,32451670,9deabc8f,4801
224,1,5,15,15,3,63,TRAINING,3,9,1,0,31452670,9beadc8f,1539
224,1,5,15,15,3,64,TRAINING,0,15,1,4,31450672,9beafc8d,1789
224,1,5,15,15,3,65,TEST,1,11,0,1,false,1494
224,1,5,15,15,3,66,TEST,0,15,1,1,true,558
224,1,5,15,15,3,67,TEST,2,13,0,0,true,1079
224,1,5,15,15,3,68,TEST,7,8,0,0,true,1250
224,1,5,15,15,3,69,TEST,6,12,1,0,false,604
224,1,5,15,15,3,70,TEST,4,14,0,1,false,749
224,1,5,15,15,3,71,TEST,3,9,1,0,false,1074
224,1,5,15,15,3,72,TEST,5,10,1,0,false,1013
224,1,5,15,15,4,73,TRAINING,6,12,1,5,27345601,d89eacfb,4704
224,1,5,15,15,4,74,TRAINING,5,10,1,3,27354601,d89aecfb,1802
224,1,5,15,15,4,75,TRAINING,3,9,1,6,27054631,d8faec9b,2600
224,1,5,15,15,4,76,TRAINING,7,8,0,1,67054231,c8faed9b,1933
224,1,5,15,15,4,77,TRAINING,0,15,1,2,67051234,c8fabd9e,2364
224,1,5,15,15,4,78,TRAINING,7,8,0,1,67015234,c8fbad9e,41968
224,1,5,15,15,4,79,TRAINING,2,13,0,5,67015243,c8fbade9,14997
224,1,5,15,15,4,80,TRAINING,1,11,0,3,37015246,98fbadec,2888
224,1,5,15,15,4,81,TRAINING,0,15,1,4,37510246,98abfdec,2183
224,1,5,15,15,4,82,TRAINING,6,12,1,7,35710246,9a8bfdec,2218
224,1,5,15,15,4,83,TRAINING,1,11,0,3,32710546,9d8bfaec,2673
224,1,5,15,15,4,84,TRAINING,4,14,0,6,52710346,ad8bf9ec,1693
224,1,5,15,15,4,85,TRAINING,5,10,1,2,72510346,8dabf9ec,1679
224,1,5,15,15,4,86,TRAINING,3,9,1,4,72513046,8dab9fec,13876
224,1,5,15,15,4,87,TRAINING,2,13,0,7,76513042,8cab9fed,1969
224,1,5,15,15,4,88,TRAINING,4,14,0,6,67513042,c8ab9fed,2049
224,1,5,15,15,4,89,TEST,4,14,0,0,true,1244
224,1,5,15,15,4,90,TEST,7,8,0,1,false,2253
224,1,5,15,15,4,91,TEST,5,10,1,0,false,2983
224,1,5,15,15,4,92,TEST,6,12,1,1,true,1057
224,1,5,15,15,4,93,TEST,2,13,0,1,false,555
224,1,5,15,15,4,94,TEST,3,9,1,1,true,636
224,1,5,15,15,4,95,TEST,1,11,0,0,true,1932
224,1,5,15,15,4,96,TEST,0,15,1,1,true,11035
224,1,5,15,15,5,97,TRAINING,5,10,1,3,71253640,8bda9cef,4171
224,1,5,15,15,5,98,TRAINING,1,11,0,1,71256340,8bdac9ef,2590
224,1,5,15,15,5,99,TRAINING,7,8,0,0,71056342,8bfac9ed,9169
224,1,5,15,15,5,100,TRAINING,3,9,1,5,71056324,8bfac9de,1655
224,1,5,15,15,5,101,TRAINING,4,14,0,7,70156324,8fbac9de,3741
224,1,5,15,15,5,102,TRAINING,3,9,1,5,07156324,f8bac9de,2254
224,1,5,15,15,5,103,TRAINING,4,14,0,7,05176324,fab8c9de,2288
224,1,5,15,15,5,104,TRAINING,2,13,0,4,05172364,fab8d9ce,2244
224,1,5,15,15,5,105,TRAINING,6,12,1,6,15072364,baf8d9ce,7900
224,1,5,15,15,5,106,TRAINING,0,15,1,2,51072364,abf8d9ce,2854
224,1,5,15,15,5,107,TRAINING,7,8,0,3,54072361,aef8d9cb,1668
224,1,5,15,15,5,108,TRAINING,5,10,1,6,64072351,cef8d9ab,1692
224,1,5,15,15,5,109,TRAINING,0,15,1,4,64270351,ced8f9ab,1847
224,1,5,15,15,5,110,TRAINING,6,12,1,0,67240351,c8def9ab,2885
224,1,5,15,15,5,111,TRAINING,1,11,0,5,67240153,c8defba9,11493
224,1,5,15,15,5,112,TRAINING,2,13,0,2,67240135,c8defb9a,1739
224,1,5,15,15,5,113,TEST,7,8,0,1,false,3723
224,1,5,15,15,5,114,TEST,6,12,1,1,true,427
224,1,5,15,15,5,115,TEST,3,9,1,1,true,311
224,1,5,15,15,5,116,TEST,5,10,1,1,true,268
224,1,5,15,15,5,117,TEST,4,14,0,1,false,617
224,1,5,15,15,5,118,TEST,2,13,0,1,false,518
224,1,5,15,15,5,119,TEST,1,11,0,1,false,567
224,1,5,15,15,5,120,TEST,0,15,1,1,true,511
224,1,5,15,15,6,121,TRAINING,0,15,1,3,21304567,db9feac8,51236
224,1,5,15,15,6,122,TRAINING,6,12,1,7,21304576,db9fea8c,9107
224,1,5,15,15,6,123,TRAINING,6,12,1,7,21704536,db8fea9c,1850
224,1,5,15,15,6,124,TRAINING,2,13,0,0,21074536,dbf8ea9c,1919
224,1,5,15,15,6,125,TRAINING,3,9,1,6,25074136,daf8eb9c,13188
224,1,5,15,15,6,126,TRAINING,0,15,1,4,25470136,dae8fb9c,2291
224,1,5,15,15,6,127,TRAINING,7,8,0,3,45270136,ead8fb9c,9660
224,1,5,15,15,6,128,TRAINING,5,10,1,1,35270146,9ad8fbec,7698
224,1,5,15,15,6,129,TRAINING,2,13,0,4,35072146,9af8dbec,7039
224,1,5,15,15,6,130,TRAINING,4,14,0,7,35072164,9af8dbce,17000
224,1,5,15,15,6,131,TRAINING,4,14,0,7,36072154,9cf8dbae,8787
224,1,5,15,15,6,132,TRAINING,7,8,0,0,76032154,8cf9dbae,48629
224,1,5,15,15,6,133,TRAINING,5,10,1,6,76023154,8cfd9bae,12683
224,1,5,15,15,6,134,TRAINING,3,9,1,4,76043152,8cfe9bad,17003
224,1,5,15,15,6,135,TRAINING,1,11,0,7,76043251,8cfe9dab,19064
224,1,5,15,15,6,136,TRAINING,1,11,0,7,76403251,8cef9dab,3677
224,1,5,15,15,6,137,TEST,7,8,0,0,true,10153
224,1,5,15,15,6,138,TEST,1,11,0,0,true,3893
224,1,5,15,15,6,139,TEST,0,15,1,1,true,4289
224,1,5,15,15,6,140,TEST,4,14,0,0,true,5925
224,1,5,15,15,6,141,TEST,5,10,1,1,true,4454
224,1,5,15,15,6,142,TEST,3,9,1,1,true,5004
224,1,5,15,15,6,143,TEST,6,12,1,1,true,9871
224,1,5,15,15,6,144,TEST,2,13,0,1,false,8785
224,1,5,15,15,7,145,TRAINING,4,14,0,2,65410327,caebf9d8,22895
224,1,5,15,15,7,146,TRAINING,5,10,1,1,65413027,caeb9fd8,5962
224,1,5,15,15,7,147,TRAINING,5,10,1,1,65417023,caeb8fd9,2553
224,1,5,15,15,7,148,TRAINING,4,14,0,2,15467023,baec8fd9,3890
224,1,5,15,15,7,149,TRAINING,2,13,0,4,15462073,baecdf89,1955
224,1,5,15,15,7,150,TRAINING,2,13,0,4,05462173,faecdb89,7315
224,1,5,15,15,7,151,TRAINING,6,12,1,3,45062173,eafcdb89,8494
224,1,5,15,15,7,152,TRAINING,7,8,0,6,15062473,bafcde89,6561
224,1,5,15,15,7,153,TRAINING,0,15,1,1,10562473,bfacde89,8007
224,1,5,15,15,7,154,TRAINING,7,8,0,6,10652473,bfcade89,4406
224,1,5,15,15,7,155,TRAINING,6,12,1,2,40652173,efcadb89,10609
224,1,5,15,15,7,156,TRAINING,0,15,1,1,40625173,efcdab89,5673
224,1,5,15,15,7,157,TRAINING,1,11,0,5,50624173,afcdeb89,9072
224,1,5,15,15,7,158,TRAINING,1,11,0,5,20654173,dfcaeb89,4669
224,1,5,15,15,7,159,TRAINING,3,9,1,7,70654123,8fcaebd9,6894
224,1,5,15,15,7,160,TRAINING,3,9,1,7,60754123,cf8aebd9,1727
224,1,5,15,15,7,161,TEST,2,13,0,0,true,5479
224,1,5,15,15,7,162,TEST,6,12,1,1,true,4333
224,1,5,15,15,7,163,TEST,3,9,1,1,true,3487
224,1,5,15,15,7,164,TEST,7,8,0,0,true,6011
224,1,5,15,15,7,165,TEST,5,10,1,1,true,3559
224,1,5,15,15,7,166,TEST,1,11,0,0,true,5113
224,1,5,15,15,7,167,TEST,4,14,0,0,true,3475
224,1,5,15,15,7,168,TEST,0,15,1,1,true,3810
224,1,5,15,15,8,169,TRAINING,4,14,0,3,65243710,cade98bf,5779
224,1,5,15,15,8,170,TRAINING,3,9,1,4,61243750,cbde98af,3556
224,1,5,15,15,8,171,TRAINING,5,10,1,6,62143750,cdbe98af,6377
224,1,5,15,15,8,172,TRAINING,6,12,1,2,12643750,bdce98af,4285
224,1,5,15,15,8,173,TRAINING,1,11,0,3,42613750,edcb98af,1896
224,1,5,15,15,8,174,TRAINING,0,15,1,7,24613750,decb98af,1797
224,1,5,15,15,8,175,TRAINING,1,11,0,3,25613740,dacb98ef,1596
224,1,5,15,15,8,176,TRAINING,0,15,1,7,25316740,da9bc8ef,2138
224,1,5,15,15,8,177,TRAINING,3,9,1,2,75316240,8a9bcdef,2297
224,1,5,15,15,8,178,TRAINING,2,13,0,3,75326140,8a9dcbef,2196
224,1,5,15,15,8,179,TRAINING,5,10,1,1,75326410,8a9dcebf,1716
224,1,5,15,15,8,180,TRAINING,7,8,0,4,65327410,ca9d8ebf,2276
224,1,5,15,15,8,181,TRAINING,7,8,0,4,15327460,ba9d8ecf,1847
224,1,5,15,15,8,182,TRAINING,4,14,0,3,15347260,ba9e8dcf,2184
224,1,5,15,15,8,183,TRAINING,2,13,0,5,65347210,ca9e8dbf,1834
224,1,5,15,15,8,184,TRAINING,6,12,1,0,65341270,ca9ebd8f,2038
224,1,5,15,15,8,185,TEST,5,10,1,1,true,6173
224,1,5,15,15,8,186,TEST,2,13,0,0,true,9440
224,1,5,15,15,8,187,TEST,7,8,0,0,true,4277
224,1,5,15,15,8,188,TEST,3,9,1,1,true,2434
224,1,5,15,15,8,189,TEST,1,11,0,0,true,4395
224,1,5,15,15,8,190,TEST,6,12,1,0,false,5724
224,1,5,15,15,8,191,TEST,4,14,0,0,true,7602
224,1,5,15,15,8,192,TEST,0,15,1,1,true,3639
224,1,5,15,15,9,193,TRAINING,1,11,0,4,52741630,ad8ebc9f,975
224,1,5,15,15,9,194,TRAINING,3,9,1,3,52731640,ad89bcef,3652
224,1,5,15,15,9,195,TRAINING,0,15,1,7,72531640,8da9bcef,1826
224,1,5,15,15,9,196,TRAINING,7,8,0,4,12537640,bda98cef,3487
224,1,5,15,15,9,197,TRAINING,2,13,0,1,12437650,bde98caf,1751
224,1,5,15,15,9,198,TRAINING,0,15,1,7,12467350,bdec89af,1475
224,1,5,15,15,9,199,TRAINING,1,11,0,0,12367450,bd9c8eaf,2401
224,1,5,15,15,9,200,TRAINING,4,14,0,5,12376450,bd98ceaf,1654
224,1,5,15,15,9,201,TRAINING,5,10,1,1,15376420,ba98cedf,2709
224,1,5,15,15,9,202,TRAINING,3,9,1,4,15673420,bac89edf,1874
224,1,5,15,15,9,203,TRAINING,2,13,0,5,15673240,bac89def,5868
224,1,5,15,15,9,204,TRAINING,7,8,0,7,15603247,bacf9de8,1694
224,1,5,15,15,9,205,TRAINING,6,12,1,2,35601247,9acfbde8,3188
224,1,5,15,15,9,206,TRAINING,5,10,1,5,32601547,9dcfbae8,1930
224,1,5,15,15,9,207,TRAINING,4,14,0,0,42601537,edcfba98,2398
224,1,5,15,15,9,208,TRAINING,6,12,1,2,47601532,e8cfba9d,2612
224,1,5,15,15,9,209,TEST,4,14,0,0,true,5658
224,1,5,15,15,9,210,TEST,0,15,1,1,true,3883
224,1,5,15,15,9,211,TEST,5,10,1,1,true,11907
224,1,5,15,15,9,212,TEST,1,11,0,0,true,3044
224,1,5,15,15,9,213,TEST,7,8,0,0,true,5317
224,1,5,15,15,9,214,TEST,2,13,0,0,true,5458
224,1,5,15,15,9,215,TEST,6,12,1,0,false,1927
224,1,5,15,15,9,216,TEST,3,9,1,1,true,3150
224,1,5,15,15,10,217,TRAINING,0,15,1,6,71346502,8b9ecafd,14399
224,1,5,15,15,10,218,TRAINING,6,12,1,4,21346507,db9ecaf8,6679
224,1,5,15,15,10,219,TRAINING,1,11,0,1,21356407,db9acef8,5219
224,1,5,15,15,10,220,TRAINING,0,15,1,2,21056437,dbface98,4468
224,1,5,15,15,10,221,TRAINING,7,8,0,7,21056347,dbfac9e8,6021
224,1,5,15,15,10,222,TRAINING,7,8,0,7,26051347,dcfab9e8,1717
224,1,5,15,15,10,223,TRAINING,3,9,1,5,20651347,dfcab9e8,3700
224,1,5,15,15,10,224,TRAINING,2,13,0,0,20156347,dfbac9e8,6095
224,1,5,15,15,10,225,TRAINING,4,14,0,7,20156374,dfbac98e,5519
224,1,5,15,15,10,226,TRAINING,6,12,1,4,20516374,dfabc98e,5307
224,1,5,15,15,10,227,TRAINING,2,13,0,0,20516734,dfabc89e,4921
224,1,5,15,15,10,228,TRAINING,4,14,0,7,20156734,dfbac89e,4616
224,1,5,15,15,10,229,TRAINING,1,11,0,6,20356714,df9ac8be,6263
224,1,5,15,15,10,230,TRAINING,3,9,1,2,50326714,af9dc8be,4985
224,1,5,15,15,10,231,TRAINING,5,10,1,0,57326014,a89dcfbe,5547
224,1,5,15,15,10,232,TRAINING,5,10,1,0,57362014,a89cdfbe,1596
224,1,5,15,15,10,233,TEST,4,14,0,0,true,10578
224,1,5,15,15,10,234,TEST,2,13,0,0,true,4036
224,1,5,15,15,10,235,TEST,5,10,1,1,true,7139
224,1,5,15,15,10,236,TEST,0,15,1,1,true,3736
224,1,5,15,15,10,237,TEST,3,9,1,1,true,3867
224,1,5,15,15,10,238,TEST,1,11,0,0,true,13287
224,1,5,15,15,10,239,TEST,6,12,1,1,true,7135
224,1,5,15,15,10,240,TEST,7,8,0,0,true,3057
224,1,5,15,15,11,241,TRAINING,0,15,1,5,73521064,89adbfce,3068
224,1,5,15,15,11,242,TRAINING,0,15,1,5,72531064,8da9bfce,20825
224,1,5,15,15,11,243,TRAINING,6,12,1,6,73521064,89adbfce,2600
224,1,5,15,15,11,244,TRAINING,2,13,0,3,13527064,b9ad8fce,3212
224,1,5,15,15,11,245,TRAINING,7,8,0,4,15327064,ba9d8fce,1812
224,1,5,15,15,11,246,TRAINING,4,14,0,5,15327460,ba9d8ecf,1606
224,1,5,15,15,11,247,TRAINING,2,13,0,3,13527460,b9ad8ecf,1466
224,1,5,15,15,11,248,TRAINING,6,12,1,6,31527460,9bad8ecf,11671
224,1,5,15,15,11,249,TRAINING,5,10,1,2,31527064,9bad8fce,2876
224,1,5,15,15,11,250,TRAINING,3,9,1,0,31572064,9ba8dfce,1956
224,1,5,15,15,11,251,TRAINING,7,8,0,3,36572014,9ca8dfbe,2147
224,1,5,15,15,11,252,TRAINING,3,9,1,0,34572016,9ea8dfbc,1871
224,1,5,15,15,11,253,TRAINING,4,14,0,6,31572046,9ba8dfec,1548
224,1,5,15,15,11,254,TRAINING,1,11,0,1,31752046,9b8adfec,1751
224,1,5,15,15,11,255,TRAINING,5,10,1,3,61752043,cb8adfe9,1562
224,1,5,15,15,11,256,TRAINING,1,11,0,1,01752643,fb8adce9,1465
224,1,5,15,15,11,257,TEST,0,15,1,1,true,4475
224,1,5,15,15,11,258,TEST,1,11,0,0,true,4061
224,1,5,15,15,11,259,TEST,5,10,1,1,true,3682
224,1,5,15,15,11,260,TEST,2,13,0,0,true,3808
224,1,5,15,15,11,261,TEST,6,12,1,1,true,2936
224,1,5,15,15,11,262,TEST,7,8,0,0,true,5054
224,1,5,15,15,11,263,TEST,3,9,1,1,true,4660
224,1,5,15,15,11,264,TEST,4,14,0,0,true,5319
224,1,5,15,15,INSTRUCT,postquestionnaire,3

rulestrategy:I tried to look for a pattern. When that failed, I tried to straight up memorize. By the 5th time around, I resorted to pen and paper. I still don't see a pattern to the groupings.
howtoimprove:instructions were not clear. inclusion of "purple" as a category seemed superfluous.
engagement:7
difficulty:10
physicalaids:yes