225,1,2,22,1,INSTRUCT,instruct1,19019
225,1,2,22,1,INSTRUCT,instructCatExample,15159
225,1,2,22,1,INSTRUCT,instructCatColor,11157
225,1,2,22,1,INSTRUCT,instructCatStripe,13243
225,1,2,22,1,INSTRUCT,instructDemoIntro,29026
225,1,2,22,1,INSTRUCT,instructDemo,32937
225,1,2,22,1,INSTRUCT,instructTest,37076
225,1,2,22,1,INSTRUCT,instructTest2,39049
225,1,2,22,1,INSTRUCT,instructDimColor,15328
225,1,2,22,1,INSTRUCT,instructDimBorder,5964
225,1,2,22,1,INSTRUCT,instructDimDots,5616
225,1,2,22,1,INSTRUCT,instructDimStripe,6830
225,1,2,22,1,INSTRUCT,instructDimAll,6671
225,1,2,22,1,INSTRUCT,instructFinal,19454
225,1,2,22,1,1,1,TRAINING,6,11,0,5,72134605,a3029b18,5023
225,1,2,22,1,1,2,TRAINING,5,8,1,7,71234605,a0329b18,6739
225,1,2,22,1,1,3,TRAINING,3,2,0,6,71204635,a0319b28,4229
225,1,2,22,1,1,4,TRAINING,0,1,1,3,21704635,30a19b28,5656
225,1,2,22,1,1,5,TRAINING,7,10,0,2,51704632,80a19b23,4263
225,1,2,22,1,1,6,TRAINING,7,10,0,2,15704632,08a19b23,3612
225,1,2,22,1,1,7,TRAINING,2,3,1,7,10754632,01a89b23,3243
225,1,2,22,1,1,8,TRAINING,4,9,1,6,10753642,01a82b93,2136
225,1,2,22,1,1,9,TRAINING,1,0,0,0,16753042,0ba82193,6346
225,1,2,22,1,1,10,TRAINING,0,1,1,5,16735042,0ba28193,8288
225,1,2,22,1,1,11,TRAINING,2,3,1,7,16435072,0b9281a3,2041
225,1,2,22,1,1,12,TRAINING,3,2,0,4,16453072,0b9821a3,1849
225,1,2,22,1,1,13,TRAINING,5,8,1,3,17453062,0a9821b3,8736
225,1,2,22,1,1,14,TRAINING,6,11,0,6,27453061,3a9821b0,5697
225,1,2,22,1,1,15,TRAINING,1,0,0,5,27453160,3a9820b1,2313
225,1,2,22,1,1,16,TRAINING,4,9,1,2,27450163,3a9810b2,2304
225,1,2,22,1,1,17,TEST,3,2,0,0,true,14451
225,1,2,22,1,1,18,TEST,2,3,1,0,false,2318
225,1,2,22,1,1,19,TEST,7,10,0,0,true,3074
225,1,2,22,1,1,20,TEST,6,11,0,0,true,861
225,1,2,22,1,1,21,TEST,0,1,1,1,true,1953
225,1,2,22,1,1,22,TEST,1,0,0,1,false,611
225,1,2,22,1,1,23,TEST,4,9,1,1,true,2344
225,1,2,22,1,1,24,TEST,5,8,1,1,true,783
225,1,2,22,1,2,25,TRAINING,5,8,1,1,15062437,081b392a,8744
225,1,2,22,1,2,26,TRAINING,5,8,1,1,15072436,081a392b,8889
225,1,2,22,1,2,27,TRAINING,6,11,0,7,15372406,082a391b,4638
225,1,2,22,1,2,28,TRAINING,7,10,0,3,15374206,082a931b,3811
225,1,2,22,1,2,29,TRAINING,6,11,0,7,51374206,802a931b,3251
225,1,2,22,1,2,30,TRAINING,0,1,1,6,31574206,208a931b,5753
225,1,2,22,1,2,31,TRAINING,3,2,0,0,37514206,2a80931b,2192
225,1,2,22,1,2,32,TRAINING,1,0,0,5,37524106,2a83901b,2184
225,1,2,22,1,2,33,TRAINING,2,3,1,3,35724106,28a3901b,13113
225,1,2,22,1,2,34,TRAINING,4,9,1,4,65724103,b8a39012,14925
225,1,2,22,1,2,35,TRAINING,7,10,0,2,60724153,b1a39082,5015
225,1,2,22,1,2,36,TRAINING,1,0,0,5,60724135,b1a39028,4237
225,1,2,22,1,2,37,TRAINING,0,1,1,6,63724105,b2a39018,4591
225,1,2,22,1,2,38,TRAINING,4,9,1,4,23764105,32ab9018,5344
225,1,2,22,1,2,39,TRAINING,2,3,1,0,23674105,32ba9018,12264
225,1,2,22,1,2,40,TRAINING,3,2,0,6,20674135,31ba9028,3780
225,1,2,22,1,2,41,TEST,6,11,0,0,true,11242
225,1,2,22,1,2,42,TEST,2,3,1,1,true,3506
225,1,2,22,1,2,43,TEST,0,1,1,0,false,4044
225,1,2,22,1,2,44,TEST,7,10,0,0,true,1062
225,1,2,22,1,2,45,TEST,1,0,0,0,true,4702
225,1,2,22,1,2,46,TEST,5,8,1,1,true,1062
225,1,2,22,1,2,47,TEST,4,9,1,1,true,2858
225,1,2,22,1,2,48,TEST,3,2,0,0,true,1463
225,1,2,22,1,3,49,TRAINING,4,9,1,6,60217345,b130a298,8413
225,1,2,22,1,3,50,TRAINING,4,9,1,6,60517342,b180a293,3963
225,1,2,22,1,3,51,TRAINING,6,11,0,0,63517042,b280a193,4422
225,1,2,22,1,3,52,TRAINING,3,2,0,1,63517240,b280a391,21719
225,1,2,22,1,3,53,TRAINING,0,1,1,7,63512740,b2803a91,5015
225,1,2,22,1,3,54,TRAINING,5,8,1,2,63514720,b2809a31,7950
225,1,2,22,1,3,55,TRAINING,2,3,1,5,63514270,b28093a1,14598
225,1,2,22,1,3,56,TRAINING,6,11,0,7,03514276,128093ab,14413
225,1,2,22,1,3,57,TRAINING,7,10,0,6,03154276,120893ab,3074
225,1,2,22,1,3,58,TRAINING,7,10,0,6,03145276,120983ab,1896
225,1,2,22,1,3,59,TRAINING,3,2,0,7,06145273,1b0983a2,3683
225,1,2,22,1,3,60,TRAINING,1,0,0,4,06541273,1b8903a2,3106
225,1,2,22,1,3,61,TRAINING,2,3,1,5,07541263,1a8903b2,12553
225,1,2,22,1,3,62,TRAINING,1,0,0,4,07341265,1a2903b8,3403
225,1,2,22,1,3,63,TRAINING,5,8,1,7,47301265,9a2103b8,2473
225,1,2,22,1,3,64,TRAINING,0,1,1,3,74301265,a92103b8,3644
225,1,2,22,1,3,65,TEST,4,9,1,1,true,3721
225,1,2,22,1,3,66,TEST,1,0,0,0,true,1832
225,1,2,22,1,3,67,TEST,3,2,0,1,false,4550
225,1,2,22,1,3,68,TEST,6,11,0,0,true,2103
225,1,2,22,1,3,69,TEST,7,10,0,0,true,1102
225,1,2,22,1,3,70,TEST,5,8,1,1,true,679
225,1,2,22,1,3,71,TEST,2,3,1,1,true,7685
225,1,2,22,1,3,72,TEST,0,1,1,1,true,2499
225,1,2,22,1,4,73,TRAINING,0,1,1,2,41065327,901b823a,6210
225,1,2,22,1,4,74,TRAINING,1,0,0,1,41065372,901b82a3,2120
225,1,2,22,1,4,75,TRAINING,7,10,0,6,41025376,901382ab,15383
225,1,2,22,1,4,76,TRAINING,1,0,0,1,51024376,801392ab,6786
225,1,2,22,1,4,77,TRAINING,2,3,1,3,51024673,80139ba2,4487
225,1,2,22,1,4,78,TRAINING,0,1,1,6,51724603,80a39b12,2834
225,1,2,22,1,4,79,TRAINING,4,9,1,4,56724103,8ba39012,12329
225,1,2,22,1,4,80,TRAINING,3,2,0,7,56714203,8ba09312,17155
225,1,2,22,1,4,81,TRAINING,7,10,0,6,56014273,8b1093a2,4220
225,1,2,22,1,4,82,TRAINING,5,8,1,0,56012473,8b1039a2,11189
225,1,2,22,1,4,83,TRAINING,5,8,1,0,56042173,8b1930a2,3050
225,1,2,22,1,4,84,TRAINING,3,2,0,7,56402173,8b9130a2,2088
225,1,2,22,1,4,85,TRAINING,2,3,1,4,56402713,8b913a02,4078
225,1,2,22,1,4,86,TRAINING,6,11,0,1,56042713,8b193a02,4726
225,1,2,22,1,4,87,TRAINING,4,9,1,3,56142703,8b093a12,7341
225,1,2,22,1,4,88,TRAINING,6,11,0,1,56142730,8b093a21,3016
225,1,2,22,1,4,89,TEST,4,9,1,1,true,2663
225,1,2,22,1,4,90,TEST,5,8,1,1,true,876
225,1,2,22,1,4,91,TEST,7,10,0,0,true,1335
225,1,2,22,1,4,92,TEST,6,11,0,0,true,2523
225,1,2,22,1,4,93,TEST,0,1,1,0,false,3229
225,1,2,22,1,4,94,TEST,2,3,1,1,true,4013
225,1,2,22,1,4,95,TEST,1,0,0,0,true,2192
225,1,2,22,1,4,96,TEST,3,2,0,0,true,1480
225,1,2,22,1,5,97,TRAINING,5,8,1,3,63751420,b2a80931,3678
225,1,2,22,1,5,98,TRAINING,7,10,0,2,63754120,b2a89031,3362
225,1,2,22,1,5,99,TRAINING,7,10,0,2,64753120,b9a82031,4760
225,1,2,22,1,5,100,TRAINING,5,8,1,3,34756120,29a8b031,4309
225,1,2,22,1,5,101,TRAINING,2,3,1,4,34752160,29a830b1,3821
225,1,2,22,1,5,102,TRAINING,0,1,1,7,64752130,b9a83021,16547
225,1,2,22,1,5,103,TRAINING,3,2,0,6,64152730,b9083a21,21806
225,1,2,22,1,5,104,TRAINING,0,1,1,7,64752130,b9a83021,12543
225,1,2,22,1,5,105,TRAINING,1,0,0,5,24756130,39a8b021,2842
225,1,2,22,1,5,106,TRAINING,4,9,1,1,34756120,29a8b031,13539
225,1,2,22,1,5,107,TRAINING,3,2,0,0,34765120,29ab8031,4398
225,1,2,22,1,5,108,TRAINING,2,3,1,6,34765021,29ab8130,4599
225,1,2,22,1,5,109,TRAINING,6,11,0,3,35764021,28ab9130,26553
225,1,2,22,1,5,110,TRAINING,4,9,1,4,75364021,a82b9130,9048
225,1,2,22,1,5,111,TRAINING,6,11,0,3,75364120,a82b9031,4205
225,1,2,22,1,5,112,TRAINING,1,0,0,1,71364520,a02b9831,4053
225,1,2,22,1,5,113,TEST,0,1,1,0,false,2243
225,1,2,22,1,5,114,TEST,4,9,1,1,true,2043
225,1,2,22,1,5,115,TEST,1,0,0,0,true,940
225,1,2,22,1,5,116,TEST,3,2,0,0,true,5219
225,1,2,22,1,5,117,TEST,5,8,1,1,true,1203
225,1,2,22,1,5,118,TEST,7,10,0,0,true,3788
225,1,2,22,1,5,119,TEST,2,3,1,1,true,3596
225,1,2,22,1,5,120,TEST,6,11,0,0,true,2546
225,1,2,22,1,6,121,TRAINING,5,8,1,6,41207653,9031ab82,2377
225,1,2,22,1,6,122,TRAINING,2,3,1,2,41206753,9031ba82,5760
225,1,2,22,1,6,123,TRAINING,0,1,1,3,41203756,90312a8b,3843
225,1,2,22,1,6,124,TRAINING,7,10,0,5,41205736,90318a2b,27202
225,1,2,22,1,6,125,TRAINING,0,1,1,3,31205746,20318a9b,3269
225,1,2,22,1,6,126,TRAINING,3,2,0,0,31204756,20319a8b,7614
225,1,2,22,1,6,127,TRAINING,3,2,0,0,31704256,20a1938b,2523
225,1,2,22,1,6,128,TRAINING,2,3,1,5,30714256,21a0938b,6210
225,1,2,22,1,6,129,TRAINING,7,10,0,3,30174256,210a938b,2105
225,1,2,22,1,6,130,TRAINING,4,9,1,4,10374256,012a938b,7011
225,1,2,22,1,6,131,TRAINING,4,9,1,4,10574236,018a932b,1799
225,1,2,22,1,6,132,TRAINING,6,11,0,5,10574632,018a9b23,6018
225,1,2,22,1,6,133,TRAINING,5,8,1,6,10374652,012a9b83,19626
225,1,2,22,1,6,134,TRAINING,1,0,0,0,17304652,0a219b83,4037
225,1,2,22,1,6,135,TRAINING,6,11,0,5,10374652,012a9b83,6539
225,1,2,22,1,6,136,TRAINING,1,0,0,0,12374650,032a9b81,3164
225,1,2,22,1,6,137,TEST,7,10,0,0,true,3776
225,1,2,22,1,6,138,TEST,1,0,0,0,true,996
225,1,2,22,1,6,139,TEST,3,2,0,0,true,2954
225,1,2,22,1,6,140,TEST,6,11,0,0,true,6394
225,1,2,22,1,6,141,TEST,0,1,1,1,true,9573
225,1,2,22,1,6,142,TEST,4,9,1,1,true,3730
225,1,2,22,1,6,143,TEST,5,8,1,1,true,638
225,1,2,22,1,6,144,TEST,2,3,1,1,true,1905
225,1,2,22,1,7,145,TRAINING,4,9,1,2,32405761,23918ab0,13220
225,1,2,22,1,7,146,TRAINING,1,0,0,0,12405763,03918ab2,3221
225,1,2,22,1,7,147,TRAINING,1,0,0,0,12450763,03981ab2,1896
225,1,2,22,1,7,148,TRAINING,3,2,0,1,13450762,02981ab3,2930
225,1,2,22,1,7,149,TRAINING,6,11,0,6,13420765,02931ab8,4655
225,1,2,22,1,7,150,TRAINING,0,1,1,4,13720465,02a319b8,7516
225,1,2,22,1,7,151,TRAINING,6,11,0,6,14720365,09a312b8,3589
225,1,2,22,1,7,152,TRAINING,7,10,0,5,14320765,09231ab8,7060
225,1,2,22,1,7,153,TRAINING,0,1,1,7,14325760,09238ab1,4374
225,1,2,22,1,7,154,TRAINING,5,8,1,4,14365720,092b8a31,2609
225,1,2,22,1,7,155,TRAINING,7,10,0,5,14325760,09238ab1,1880
225,1,2,22,1,7,156,TRAINING,3,2,0,2,14305762,09218ab3,2962
225,1,2,22,1,7,157,TRAINING,2,3,1,7,64305712,b9218a03,3218
225,1,2,22,1,7,158,TRAINING,2,3,1,7,60345712,b1298a03,2065
225,1,2,22,1,7,159,TRAINING,5,8,1,4,40365712,912b8a03,2192
225,1,2,22,1,7,160,TRAINING,4,9,1,0,40165732,910b8a23,4944
225,1,2,22,1,7,161,TEST,6,11,0,0,true,7242
225,1,2,22,1,7,162,TEST,0,1,1,1,true,1744
225,1,2,22,1,7,163,TEST,2,3,1,1,true,2570
225,1,2,22,1,7,164,TEST,1,0,0,0,true,1577
225,1,2,22,1,7,165,TEST,4,9,1,1,true,1568
225,1,2,22,1,7,166,TEST,3,2,0,0,true,3418
225,1,2,22,1,7,167,TEST,7,10,0,0,true,1559
225,1,2,22,1,7,168,TEST,5,8,1,1,true,989
225,1,2,22,1,INSTRUCT,postquestionnaire,1

rulestrategy:Blue is B "natively."
Purple is A "natively."

Borders and dots potentially reverse the classification.

Blue with white border + dots reverses to A.
Solid purple with yellow border reverses to B.

Beyond that I simply remembered the classifications. I still wasn't 100% certain of the exact classification rules in the end.

howtoimprove:
engagement:9
difficulty:7
physicalaids:no