227,1,4,10,1,INSTRUCT,instruct1,6755
227,1,4,10,1,INSTRUCT,instructCatExample,6131
227,1,4,10,1,INSTRUCT,instructCatColor,4228
227,1,4,10,1,INSTRUCT,instructCatStripe,3603
227,1,4,10,1,INSTRUCT,instructDemoIntro,10561
227,1,4,10,1,INSTRUCT,instructDemo,15101
227,1,4,10,1,INSTRUCT,instructTest,9688
227,1,4,10,1,INSTRUCT,instructTest2,16271
227,1,4,10,1,INSTRUCT,instructDimColor,6021
227,1,4,10,1,INSTRUCT,instructDimBorder,2434
227,1,4,10,1,INSTRUCT,instructDimDots,2808
227,1,4,10,1,INSTRUCT,instructDimStripe,1950
227,1,4,10,1,INSTRUCT,instructDimAll,8564
227,1,4,10,1,INSTRUCT,instructFinal,13619
227,1,4,10,1,1,1,TRAINING,4,10,1,5,02175463,23098ab1,3698
227,1,4,10,1,1,2,TRAINING,2,3,1,1,02675413,23b98a01,3931
227,1,4,10,1,1,3,TRAINING,0,2,1,0,02175463,23098ab1,3151
227,1,4,10,1,1,4,TRAINING,7,9,1,7,02135467,23018ab9,9156
227,1,4,10,1,1,5,TRAINING,6,11,0,1,06135427,2b018a39,2543
227,1,4,10,1,1,6,TRAINING,0,2,1,3,36105427,1b028a39,4056
227,1,4,10,1,1,7,TRAINING,6,11,0,1,36501427,1b820a39,2621
227,1,4,10,1,1,8,TRAINING,3,1,0,7,76501423,9b820a31,2980
227,1,4,10,1,1,9,TRAINING,5,8,0,2,76501243,9b8203a1,5694
227,1,4,10,1,1,10,TRAINING,4,10,1,6,16507243,0b8293a1,1903
227,1,4,10,1,1,11,TRAINING,7,9,1,3,16570243,0b8923a1,2028
227,1,4,10,1,1,12,TRAINING,2,3,1,5,16370245,0b1923a8,4461
227,1,4,10,1,1,13,TRAINING,5,8,0,4,16375240,0b1983a2,1669
227,1,4,10,1,1,14,TRAINING,1,0,0,0,14375260,0a1983b2,1934
227,1,4,10,1,1,15,TRAINING,3,1,0,3,14735260,0a9183b2,1778
227,1,4,10,1,1,16,TRAINING,1,0,0,0,14635270,0ab18392,2683
227,1,4,10,1,1,17,TEST,4,10,1,1,true,2668
227,1,4,10,1,1,18,TEST,5,8,0,0,true,1888
227,1,4,10,1,1,19,TEST,6,11,0,0,true,608
227,1,4,10,1,1,20,TEST,1,0,0,1,false,2340
227,1,4,10,1,1,21,TEST,0,2,1,1,true,468
227,1,4,10,1,1,22,TEST,3,1,0,0,true,1154
227,1,4,10,1,1,23,TEST,7,9,1,0,false,390
227,1,4,10,1,1,24,TEST,2,3,1,0,false,422
227,1,4,10,1,2,25,TRAINING,1,0,0,4,30621457,12b30a89,5085
227,1,4,10,1,2,26,TRAINING,0,2,1,1,30261457,123b0a89,1966
227,1,4,10,1,2,27,TRAINING,4,10,1,0,40261357,a23b0189,3385
227,1,4,10,1,2,28,TRAINING,5,8,0,6,40271356,a239018b,4898
227,1,4,10,1,2,29,TRAINING,5,8,0,6,47201356,a932018b,3651
227,1,4,10,1,2,30,TRAINING,6,11,0,4,47206351,a932b180,7706
227,1,4,10,1,2,31,TRAINING,6,11,0,4,47236051,a931b280,4821
227,1,4,10,1,2,32,TRAINING,4,10,1,0,47236150,a931b082,5117
227,1,4,10,1,2,33,TRAINING,3,1,0,3,42736150,a391b082,2574
227,1,4,10,1,2,34,TRAINING,3,1,0,3,42036157,a321b089,2715
227,1,4,10,1,2,35,TRAINING,7,9,1,0,72036154,9321b08a,3182
227,1,4,10,1,2,36,TRAINING,0,2,1,5,72136054,9301b28a,3432
227,1,4,10,1,2,37,TRAINING,2,3,1,1,72156034,9308b21a,3744
227,1,4,10,1,2,38,TRAINING,7,9,1,0,72136054,9301b28a,1841
227,1,4,10,1,2,39,TRAINING,2,3,1,1,72156034,9308b21a,1544
227,1,4,10,1,2,40,TRAINING,1,0,0,2,72156304,9308b12a,1576
227,1,4,10,1,2,41,TEST,6,11,0,1,false,874
227,1,4,10,1,2,42,TEST,0,2,1,0,false,718
227,1,4,10,1,2,43,TEST,4,10,1,0,false,2106
227,1,4,10,1,2,44,TEST,7,9,1,1,true,499
227,1,4,10,1,2,45,TEST,1,0,0,0,true,748
227,1,4,10,1,2,46,TEST,2,3,1,1,true,546
227,1,4,10,1,2,47,TEST,5,8,0,0,true,1248
227,1,4,10,1,2,48,TEST,3,1,0,1,false,717
227,1,4,10,1,3,49,TRAINING,5,8,0,3,74156230,9a08b312,2200
227,1,4,10,1,3,50,TRAINING,6,11,0,4,74356210,9a18b302,1716
227,1,4,10,1,3,51,TRAINING,0,2,1,7,72356410,9318ba02,2091
227,1,4,10,1,3,52,TRAINING,6,11,0,4,72456310,93a8b102,1778
227,1,4,10,1,3,53,TRAINING,7,9,1,0,72356410,9318ba02,2122
227,1,4,10,1,3,54,TRAINING,7,9,1,0,72356140,9318b0a2,6209
227,1,4,10,1,3,55,TRAINING,0,2,1,7,73256140,9138b0a2,5975
227,1,4,10,1,3,56,TRAINING,4,10,1,6,73265140,913b80a2,3479
227,1,4,10,1,3,57,TRAINING,4,10,1,6,53267140,813b90a2,8065
227,1,4,10,1,3,58,TRAINING,3,1,0,1,53167240,810b93a2,3010
227,1,4,10,1,3,59,TRAINING,2,3,1,5,53067241,812b93a0,4180
227,1,4,10,1,3,60,TRAINING,5,8,0,0,53607241,81b293a0,1778
227,1,4,10,1,3,61,TRAINING,3,1,0,6,54607231,8ab29310,1888
227,1,4,10,1,3,62,TRAINING,1,0,0,3,54617230,8ab09312,2324
227,1,4,10,1,3,63,TRAINING,1,0,0,3,57614230,89b0a312,1887
227,1,4,10,1,3,64,TRAINING,2,3,1,5,67514230,b980a312,2122
227,1,4,10,1,3,65,TEST,5,8,0,0,true,1201
227,1,4,10,1,3,66,TEST,7,9,1,0,false,499
227,1,4,10,1,3,67,TEST,2,3,1,1,true,905
227,1,4,10,1,3,68,TEST,0,2,1,1,true,1046
227,1,4,10,1,3,69,TEST,6,11,0,0,true,344
227,1,4,10,1,3,70,TEST,3,1,0,0,true,375
227,1,4,10,1,3,71,TEST,1,0,0,1,false,358
227,1,4,10,1,3,72,TEST,4,10,1,1,true,390
227,1,4,10,1,4,73,TRAINING,4,10,1,5,71526430,9083ba12,2230
227,1,4,10,1,4,74,TRAINING,1,0,0,1,71625430,90b38a12,1887
227,1,4,10,1,4,75,TRAINING,7,9,1,3,21675430,30b98a12,3713
227,1,4,10,1,4,76,TRAINING,0,2,1,7,31675420,10b98a32,1840
227,1,4,10,1,4,77,TRAINING,2,3,1,6,31475620,10a98b32,1981
227,1,4,10,1,4,78,TRAINING,5,8,0,1,35471620,18a90b32,1576
227,1,4,10,1,4,79,TRAINING,3,1,0,4,15473620,08a91b32,1482
227,1,4,10,1,4,80,TRAINING,2,3,1,6,15473026,08a9123b,1498
227,1,4,10,1,4,81,TRAINING,1,0,0,0,16473025,0ba91238,1763
227,1,4,10,1,4,82,TRAINING,0,2,1,7,16473520,0ba91832,1685
227,1,4,10,1,4,83,TRAINING,6,11,0,1,16573420,0b891a32,1419
227,1,4,10,1,4,84,TRAINING,4,10,1,5,16753420,0b981a32,1544
227,1,4,10,1,4,85,TRAINING,3,1,0,3,16735420,0b918a32,1545
227,1,4,10,1,4,86,TRAINING,5,8,0,4,06735421,2b918a30,1622
227,1,4,10,1,4,87,TRAINING,6,11,0,5,04735621,2a918b30,1373
227,1,4,10,1,4,88,TRAINING,7,9,1,2,14735620,0a918b32,1623
227,1,4,10,1,4,89,TEST,2,3,1,1,true,998
227,1,4,10,1,4,90,TEST,6,11,0,0,true,1685
227,1,4,10,1,4,91,TEST,0,2,1,1,true,2589
227,1,4,10,1,4,92,TEST,3,1,0,0,true,983
227,1,4,10,1,4,93,TEST,5,8,0,0,true,1607
227,1,4,10,1,4,94,TEST,4,10,1,1,true,2481
227,1,4,10,1,4,95,TEST,1,0,0,0,true,1497
227,1,4,10,1,4,96,TEST,7,9,1,1,true,1295
227,1,4,10,1,5,97,TRAINING,7,9,1,7,15302467,08123ab9,1576
227,1,4,10,1,5,98,TRAINING,6,11,0,5,15302647,08123ba9,1654
227,1,4,10,1,5,99,TRAINING,1,0,0,2,35102647,18023ba9,1653
227,1,4,10,1,5,100,TRAINING,2,3,1,4,30152647,12083ba9,1497
227,1,4,10,1,5,101,TRAINING,6,11,0,0,60152347,b20831a9,1654
227,1,4,10,1,5,102,TRAINING,3,1,0,5,65102347,b80231a9,1732
227,1,4,10,1,5,103,TRAINING,4,10,1,6,65702341,b89231a0,1279
227,1,4,10,1,5,104,TRAINING,3,1,0,5,67502341,b98231a0,1451
227,1,4,10,1,5,105,TRAINING,0,2,1,0,07562341,298b31a0,1420
227,1,4,10,1,5,106,TRAINING,5,8,0,2,04562371,2a8b3190,1529
227,1,4,10,1,5,107,TRAINING,7,9,1,6,01562374,208b319a,1513
227,1,4,10,1,5,108,TRAINING,4,10,1,7,01532674,20813b9a,1419
227,1,4,10,1,5,109,TRAINING,5,8,0,2,61532074,b081329a,1326
227,1,4,10,1,5,110,TRAINING,0,2,1,5,62531074,b381029a,1450
227,1,4,10,1,5,111,TRAINING,2,3,1,0,26531074,3b81029a,1404
227,1,4,10,1,5,112,TRAINING,1,0,0,4,26531047,3b8102a9,1654
227,1,4,10,1,5,113,TEST,2,3,1,1,true,1545
227,1,4,10,1,5,114,TEST,7,9,1,1,true,1233
227,1,4,10,1,5,115,TEST,6,11,0,0,true,717
227,1,4,10,1,5,116,TEST,0,2,1,1,true,530
227,1,4,10,1,5,117,TEST,5,8,0,0,true,405
227,1,4,10,1,5,118,TEST,4,10,1,1,true,1014
227,1,4,10,1,5,119,TEST,3,1,0,0,true,702
227,1,4,10,1,5,120,TEST,1,0,0,0,true,1201
227,1,4,10,1,INSTRUCT,postquestionnaire,0

rulestrategy:Dots are B, blanks are A, unless the square is blue with a yellow border, in which case reverse the rule. 
howtoimprove:
engagement:6
difficulty:5
physicalaids:no