228,0,3,3,12,INSTRUCT,instruct1,17725
228,0,3,3,12,INSTRUCT,instructCatExample,15024
228,0,3,3,12,INSTRUCT,instructCatColor,8375
228,0,3,3,12,INSTRUCT,instructCatStripe,18307
228,0,3,3,12,INSTRUCT,instructDemoIntro,27667
228,0,3,3,12,INSTRUCT,instructDemo,62505
228,0,3,3,12,INSTRUCT,instructTest,45743
228,0,3,3,12,INSTRUCT,instructTest2,60196
228,0,3,3,12,INSTRUCT,instructDimColor,16463
228,0,3,3,12,INSTRUCT,instructDimBorder,7396
228,0,3,3,12,INSTRUCT,instructDimDots,7973
228,0,3,3,12,INSTRUCT,instructDimStripe,4783
228,0,3,3,12,INSTRUCT,instructDimAll,19035
228,0,3,3,12,INSTRUCT,instructFinal,42622
228,0,3,3,12,1,1,TRAINING,1,14,1,0,10632745,ea9fbd8c,2784
228,0,3,3,12,1,2,TRAINING,0,10,1,1,10432765,ea8fbd9c,1242
228,0,3,3,12,1,3,TRAINING,3,15,0,3,10732465,eadfb89c,936
228,0,3,3,12,1,4,TRAINING,2,11,1,6,10736425,eadf98bc,1971
228,0,3,3,12,1,5,TRAINING,7,13,0,0,70136425,daef98bc,2119
228,0,3,3,12,1,6,TRAINING,1,14,1,2,75136420,dcef98ba,1378
228,0,3,3,12,1,7,TRAINING,2,11,1,4,75132460,dcefb89a,1633
228,0,3,3,12,1,8,TRAINING,6,9,0,6,74132560,d8efbc9a,1202
228,0,3,3,12,1,9,TRAINING,0,10,1,7,73142560,dfe8bc9a,1463
228,0,3,3,12,1,10,TRAINING,1,14,1,2,72143560,dbe8fc9a,971
228,0,3,3,12,1,11,TRAINING,3,15,0,5,72145360,dbe8cf9a,1057
228,0,3,3,12,1,12,TRAINING,5,12,0,4,72145306,dbe8cfa9,1203
228,0,3,3,12,1,13,TRAINING,7,13,0,0,72145360,dbe8cf9a,2189
228,0,3,3,12,1,14,TRAINING,1,14,1,2,76145320,d9e8cfba,1107
228,0,3,3,12,1,15,TRAINING,3,15,0,5,76140325,d9e8afbc,2174
228,0,3,3,12,1,16,TRAINING,2,11,1,6,75140326,dce8afb9,2790
228,0,3,3,12,1,17,TEST,1,14,1,1,true,3187
228,0,3,3,12,1,18,TEST,4,8,1,0,false,1956
228,0,3,3,12,1,19,TEST,7,13,0,0,true,2035
228,0,3,3,12,1,20,TEST,3,15,0,0,true,918
228,0,3,3,12,1,21,TEST,6,9,0,0,true,919
228,0,3,3,12,1,22,TEST,2,11,1,0,false,1262
228,0,3,3,12,1,23,TEST,5,12,0,0,true,995
228,0,3,3,12,1,24,TEST,0,10,1,1,true,1220
228,0,3,3,12,2,25,TRAINING,6,9,0,0,63172450,9fedb8ca,3642
228,0,3,3,12,2,26,TRAINING,4,8,1,5,67132450,9defb8ca,1154
228,0,3,3,12,2,27,TRAINING,2,11,1,4,67132405,9defb8ac,2438
228,0,3,3,12,2,28,TRAINING,6,9,0,0,65132407,9cefb8ad,1335
228,0,3,3,12,2,29,TRAINING,3,15,0,3,67132405,9defb8ac,1317
228,0,3,3,12,2,30,TRAINING,2,11,1,6,67130425,9defa8bc,1409
228,0,3,3,12,2,31,TRAINING,5,12,0,7,60137425,9aefd8bc,1046
228,0,3,3,12,2,32,TRAINING,3,15,0,3,64137025,98efdabc,1192
228,0,3,3,12,2,33,TRAINING,1,14,1,2,60137425,9aefd8bc,1233
228,0,3,3,12,2,34,TRAINING,7,13,0,1,67130425,9defa8bc,2523
228,0,3,3,12,2,35,TRAINING,1,14,1,2,47130625,8defa9bc,3257
228,0,3,3,12,2,36,TRAINING,2,11,1,6,07134625,adef89bc,2916
228,0,3,3,12,2,37,TRAINING,0,10,1,5,67134025,9def8abc,1167
228,0,3,3,12,2,38,TRAINING,7,13,0,4,64137025,98efdabc,1490
228,0,3,3,12,2,39,TRAINING,4,8,1,1,64137052,98efdacb,914
228,0,3,3,12,2,40,TRAINING,6,9,0,0,64157032,98ecdafb,233
228,0,3,3,12,2,41,TEST,3,15,0,0,true,1923
228,0,3,3,12,2,42,TEST,0,10,1,1,true,1259
228,0,3,3,12,2,43,TEST,4,8,1,1,true,1067
228,0,3,3,12,2,44,TEST,5,12,0,0,true,1895
228,0,3,3,12,2,45,TEST,7,13,0,0,true,694
228,0,3,3,12,2,46,TEST,1,14,1,1,true,2080
228,0,3,3,12,2,47,TEST,6,9,0,0,true,2089
228,0,3,3,12,2,48,TEST,2,11,1,0,false,1445
228,0,3,3,12,3,49,TRAINING,3,15,0,0,34615270,f89ecbda,1965
228,0,3,3,12,3,50,TRAINING,7,13,0,6,34612570,f89ebcda,1036
228,0,3,3,12,3,51,TRAINING,2,11,1,4,30612574,fa9ebcd8,1184
228,0,3,3,12,3,52,TRAINING,0,10,1,1,30642571,fa98bcde,2529
228,0,3,3,12,3,53,TRAINING,1,14,1,7,30652471,fa9cb8de,1249
228,0,3,3,12,3,54,TRAINING,2,11,1,3,30625471,fa9bc8de,1586
228,0,3,3,12,3,55,TRAINING,6,9,0,2,35620471,fc9ba8de,1089
228,0,3,3,12,3,56,TRAINING,5,12,0,5,34620571,f89bacde,928
228,0,3,3,12,3,57,TRAINING,4,8,1,3,32640571,fb98acde,1598
228,0,3,3,12,3,58,TRAINING,6,9,0,2,12640573,eb98acdf,7924
228,0,3,3,12,3,59,TRAINING,5,12,0,5,10642573,ea98bcdf,1047
228,0,3,3,12,3,60,TRAINING,7,13,0,0,70642513,da98bcef,3188
228,0,3,3,12,3,61,TRAINING,2,11,1,4,70462513,da89bcef,1648
228,0,3,3,12,3,62,TRAINING,0,10,1,3,76402513,d98abcef,1413
228,0,3,3,12,3,63,TRAINING,4,8,1,2,76402315,d98abfec,955
228,0,3,3,12,3,64,TRAINING,1,14,1,6,26407315,b98adfec,1117
228,0,3,3,12,3,65,TEST,3,15,0,1,false,1457
228,0,3,3,12,3,66,TEST,6,9,0,1,false,3379
228,0,3,3,12,3,67,TEST,1,14,1,1,true,842
228,0,3,3,12,3,68,TEST,5,12,0,0,true,1818
228,0,3,3,12,3,69,TEST,4,8,1,0,false,2883
228,0,3,3,12,3,70,TEST,7,13,0,0,true,1321
228,0,3,3,12,3,71,TEST,0,10,1,1,true,1477
228,0,3,3,12,3,72,TEST,2,11,1,1,true,561
228,0,3,3,12,4,73,TRAINING,3,15,0,0,37150246,fdecab89,2442
228,0,3,3,12,4,74,TRAINING,2,11,1,6,37150426,fdeca8b9,1598
228,0,3,3,12,4,75,TRAINING,3,15,0,0,36150427,f9eca8bd,969
228,0,3,3,12,4,76,TRAINING,1,14,1,2,36140527,f9e8acbd,956
228,0,3,3,12,4,77,TRAINING,7,13,0,7,36142507,f9e8bcad,1602
228,0,3,3,12,4,78,TRAINING,2,11,1,4,34162507,f8e9bcad,1009
228,0,3,3,12,4,79,TRAINING,6,9,0,3,04162537,a8e9bcfd,1524
228,0,3,3,12,4,80,TRAINING,1,14,1,2,04162735,a8e9bdfc,1543
228,0,3,3,12,4,81,TRAINING,4,8,1,1,04163725,a8e9fdbc,1304
228,0,3,3,12,4,82,TRAINING,0,10,1,0,04162735,a8e9bdfc,1304
228,0,3,3,12,4,83,TRAINING,2,11,1,4,04172635,a8edb9fc,1052
228,0,3,3,12,4,84,TRAINING,3,15,0,6,05172634,acedb9f8,1751
228,0,3,3,12,4,85,TRAINING,0,10,1,5,65172034,9cedbaf8,2017
228,0,3,3,12,4,86,TRAINING,6,9,0,2,15672034,ec9dbaf8,1315
228,0,3,3,12,4,87,TRAINING,4,8,1,7,51672034,ce9dbaf8,1063
228,0,3,3,12,4,88,TRAINING,2,11,1,0,21675034,be9dcaf8,3381
228,0,3,3,12,4,89,TEST,0,10,1,1,true,2656
228,0,3,3,12,4,90,TEST,5,12,0,1,false,857
228,0,3,3,12,4,91,TEST,2,11,1,1,true,2599
228,0,3,3,12,4,92,TEST,7,13,0,0,true,1252
228,0,3,3,12,4,93,TEST,3,15,0,0,true,1705
228,0,3,3,12,4,94,TEST,1,14,1,1,true,1907
228,0,3,3,12,4,95,TEST,4,8,1,1,true,2370
228,0,3,3,12,4,96,TEST,6,9,0,0,true,2284
228,0,3,3,12,5,97,TRAINING,7,13,0,0,71563024,dec9fab8,1621
228,0,3,3,12,5,98,TRAINING,3,15,0,4,71563204,dec9fba8,1219
228,0,3,3,12,5,99,TRAINING,2,11,1,5,76513204,d9cefba8,1468
228,0,3,3,12,5,100,TRAINING,6,9,0,2,75613204,dc9efba8,1480
228,0,3,3,12,5,101,TRAINING,3,15,0,1,73615204,df9ecba8,1574
228,0,3,3,12,5,102,TRAINING,2,11,1,3,73625104,df9bcea8,1172
228,0,3,3,12,5,103,TRAINING,1,14,1,7,73625401,df9bc8ae,4716
228,0,3,3,12,5,104,TRAINING,0,10,1,6,53627401,cf9bd8ae,1027
228,0,3,3,12,5,105,TRAINING,4,8,1,5,73625401,df9bc8ae,1174
228,0,3,3,12,5,106,TRAINING,5,12,0,4,71625403,de9bc8af,1077
228,0,3,3,12,5,107,TRAINING,7,13,0,0,71265403,deb9c8af,1886
228,0,3,3,12,5,108,TRAINING,3,15,0,1,73265401,dfb9c8ae,1214
228,0,3,3,12,5,109,TRAINING,1,14,1,6,73265410,dfb9c8ea,1291
228,0,3,3,12,5,110,TRAINING,1,14,1,6,63275410,9fbdc8ea,4058
228,0,3,3,12,5,111,TRAINING,6,9,0,0,63275014,9fbdcae8,10799
228,0,3,3,12,5,112,TRAINING,1,14,1,6,67235014,9dbfcae8,6633
228,0,3,3,12,5,113,TEST,7,13,0,0,true,1054
228,0,3,3,12,5,114,TEST,1,14,1,1,true,3420
228,0,3,3,12,5,115,TEST,3,15,0,0,true,1263
228,0,3,3,12,5,116,TEST,2,11,1,1,true,2541
228,0,3,3,12,5,117,TEST,0,10,1,1,true,801
228,0,3,3,12,5,118,TEST,5,12,0,1,false,1659
228,0,3,3,12,5,119,TEST,4,8,1,1,true,833
228,0,3,3,12,5,120,TEST,6,9,0,0,true,1337
228,0,3,3,12,6,121,TRAINING,5,12,0,0,53012647,cfaeb98d,2201
228,0,3,3,12,6,122,TRAINING,1,14,1,7,53072641,cfadb98e,1417
228,0,3,3,12,6,123,TRAINING,7,13,0,3,53472601,cf8db9ae,1107
228,0,3,3,12,6,124,TRAINING,4,8,1,2,03472651,af8db9ce,1431
228,0,3,3,12,6,125,TRAINING,3,15,0,7,01472653,ae8db9cf,1226
228,0,3,3,12,6,126,TRAINING,6,9,0,5,01427653,ae8bd9cf,1175
228,0,3,3,12,6,127,TRAINING,7,13,0,1,07421653,ad8be9cf,1201
228,0,3,3,12,6,128,TRAINING,2,11,1,6,07451623,ad8ce9bf,1350
228,0,3,3,12,6,129,TRAINING,5,12,0,2,07541623,adc8e9bf,4089
228,0,3,3,12,6,130,TRAINING,7,13,0,1,07543621,adc8f9be,2153
228,0,3,3,12,6,131,TRAINING,6,9,0,5,37540621,fdc8a9be,1081
228,0,3,3,12,6,132,TRAINING,3,15,0,0,37450621,fd8ca9be,1349
228,0,3,3,12,6,133,TRAINING,1,14,1,7,30457621,fa8cd9be,5926
228,0,3,3,12,6,134,TRAINING,5,12,0,3,30257641,fabcd98e,940
228,0,3,3,12,6,135,TRAINING,3,15,0,0,30752641,fadcb98e,2102
228,0,3,3,12,6,136,TRAINING,2,11,1,4,36752041,f9dcba8e,2512
228,0,3,3,12,6,137,TEST,7,13,0,0,true,1150
228,0,3,3,12,6,138,TEST,3,15,0,1,false,2630
228,0,3,3,12,6,139,TEST,5,12,0,0,true,1660
228,0,3,3,12,6,140,TEST,1,14,1,0,false,3023
228,0,3,3,12,6,141,TEST,0,10,1,1,true,1350
228,0,3,3,12,6,142,TEST,2,11,1,0,false,2175
228,0,3,3,12,6,143,TEST,6,9,0,0,true,2639
228,0,3,3,12,6,144,TEST,4,8,1,1,true,4732
228,0,3,3,12,7,145,TRAINING,0,10,1,4,64120537,98ebacfd,5932
228,0,3,3,12,7,146,TRAINING,3,15,0,6,61420537,9e8bacfd,1624
228,0,3,3,12,7,147,TRAINING,1,14,1,1,61240537,9eb8acfd,1377
228,0,3,3,12,7,148,TRAINING,5,12,0,5,61204537,9eba8cfd,973
228,0,3,3,12,7,149,TRAINING,1,14,1,1,41206537,8eba9cfd,1003
228,0,3,3,12,7,150,TRAINING,5,12,0,5,41203567,8ebafc9d,1096
228,0,3,3,12,7,151,TRAINING,3,15,0,4,41203576,8ebafcd9,1111
228,0,3,3,12,7,152,TRAINING,1,14,1,1,01243576,aeb8fcd9,1122
228,0,3,3,12,7,153,TRAINING,7,13,0,3,01273546,aebdfc89,2645
228,0,3,3,12,7,154,TRAINING,3,15,0,0,31270546,febdac89,3000
228,0,3,3,12,7,155,TRAINING,5,12,0,5,31274506,febd8ca9,1441
228,0,3,3,12,7,156,TRAINING,1,14,1,1,31674502,fe9d8cab,1230
228,0,3,3,12,7,157,TRAINING,3,15,0,6,01674532,ae9d8cfb,2584
228,0,3,3,12,7,158,TRAINING,0,10,1,0,01672534,ae9dbcf8,1311
228,0,3,3,12,7,159,TRAINING,2,11,1,7,01674532,ae9d8cfb,1337
228,0,3,3,12,7,160,TRAINING,3,15,0,6,07614532,ad9e8cfb,1499
228,0,3,3,12,7,161,TEST,3,15,0,0,true,1341
228,0,3,3,12,7,162,TEST,7,13,0,0,true,895
228,0,3,3,12,7,163,TEST,1,14,1,1,true,1499
228,0,3,3,12,7,164,TEST,0,10,1,1,true,818
228,0,3,3,12,7,165,TEST,4,8,1,1,true,862
228,0,3,3,12,7,166,TEST,5,12,0,0,true,1523
228,0,3,3,12,7,167,TEST,6,9,0,0,true,682
228,0,3,3,12,7,168,TEST,2,11,1,1,true,1530
228,0,3,3,12,8,169,TRAINING,5,12,0,0,50314627,cafe89bd,1431
228,0,3,3,12,8,170,TRAINING,3,15,0,1,53014627,cfae89bd,1352
228,0,3,3,12,8,171,TRAINING,7,13,0,6,53014672,cfae89db,1291
228,0,3,3,12,8,172,TRAINING,1,14,1,0,13054672,efac89db,1673
228,0,3,3,12,8,173,TRAINING,4,8,1,5,13056472,efac98db,4951
228,0,3,3,12,8,174,TRAINING,2,11,1,3,13026475,efab98dc,1272
228,0,3,3,12,8,175,TRAINING,0,10,1,7,13526470,efcb98da,1700
228,0,3,3,12,8,176,TRAINING,1,14,1,0,17526430,edcb98fa,1137
228,0,3,3,12,8,177,TRAINING,6,9,0,3,17562430,edc9b8fa,1433
228,0,3,3,12,8,178,TRAINING,3,15,0,5,17562340,edc9bf8a,1494
228,0,3,3,12,8,179,TRAINING,7,13,0,1,17062345,eda9bf8c,948
228,0,3,3,12,8,180,TRAINING,2,11,1,4,07162345,ade9bf8c,1433
228,0,3,3,12,8,181,TRAINING,6,9,0,3,07462315,ad89bfec,4285
228,0,3,3,12,8,182,TRAINING,2,11,1,4,17462305,ed89bfac,921
228,0,3,3,12,8,183,TRAINING,1,14,1,0,17562304,edc9bfa8,6569
228,0,3,3,12,8,184,TRAINING,2,11,1,4,17542306,edc8bfa9,16669
228,0,3,3,12,8,185,TEST,4,8,1,1,true,1532
228,0,3,3,12,8,186,TEST,3,15,0,0,true,1624
228,0,3,3,12,8,187,TEST,2,11,1,1,true,1051
228,0,3,3,12,8,188,TEST,1,14,1,1,true,577
228,0,3,3,12,8,189,TEST,0,10,1,1,true,762
228,0,3,3,12,8,190,TEST,7,13,0,0,true,941
228,0,3,3,12,8,191,TEST,5,12,0,1,false,2424
228,0,3,3,12,8,192,TEST,6,9,0,0,true,10642
228,0,3,3,12,9,193,TRAINING,7,13,0,4,02637514,ab9fdce8,2949
228,0,3,3,12,9,194,TRAINING,7,13,0,4,32607514,fb9adce8,1637
228,0,3,3,12,9,195,TRAINING,3,15,0,0,32507614,fbcad9e8,3366
228,0,3,3,12,9,196,TRAINING,2,11,1,1,32567014,fbc9dae8,1460
228,0,3,3,12,9,197,TRAINING,6,9,0,3,32564017,fbc98aed,1418
228,0,3,3,12,9,198,TRAINING,7,13,0,7,32064517,fba98ced,1378
228,0,3,3,12,9,199,TRAINING,3,15,0,0,32164507,fbe98cad,1296
228,0,3,3,12,9,200,TRAINING,2,11,1,1,32461507,fb89ecad,1030
228,0,3,3,12,9,201,TRAINING,0,10,1,5,32461057,fb89eacd,1026
228,0,3,3,12,9,202,TRAINING,5,12,0,4,32465017,fb89caed,1457
228,0,3,3,12,9,203,TRAINING,1,14,1,6,32645017,fb98caed,1192
228,0,3,3,12,9,204,TRAINING,5,12,0,4,32645710,fb98cdea,2983
228,0,3,3,12,9,205,TRAINING,7,13,0,5,62345710,9bf8cdea,1234
228,0,3,3,12,9,206,TRAINING,3,15,0,2,02345716,abf8cde9,1993
228,0,3,3,12,9,207,TRAINING,1,14,1,6,05342716,acf8bde9,1027
228,0,3,3,12,9,208,TRAINING,5,12,0,1,05372416,acfdb8e9,8470
228,0,3,3,12,9,209,TEST,3,15,0,0,true,2313
228,0,3,3,12,9,210,TEST,0,10,1,1,true,2560
228,0,3,3,12,9,211,TEST,6,9,0,0,true,2360
228,0,3,3,12,9,212,TEST,7,13,0,0,true,1233
228,0,3,3,12,9,213,TEST,4,8,1,1,true,1377
228,0,3,3,12,9,214,TEST,1,14,1,1,true,1095
228,0,3,3,12,9,215,TEST,5,12,0,1,false,1905
228,0,3,3,12,9,216,TEST,2,11,1,0,false,1704
228,0,3,3,12,10,217,TRAINING,5,12,0,1,25061473,bca9e8df,1674
228,0,3,3,12,10,218,TRAINING,1,14,1,6,25067413,bca9d8ef,1218
228,0,3,3,12,10,219,TRAINING,7,13,0,7,25063417,bca9f8ed,1434
228,0,3,3,12,10,220,TRAINING,4,8,1,4,25064317,bca98fed,1190
228,0,3,3,12,10,221,TRAINING,2,11,1,1,52064317,cba98fed,1407
228,0,3,3,12,10,222,TRAINING,0,10,1,5,52364017,cbf98aed,1204
228,0,3,3,12,10,223,TRAINING,5,12,0,0,52634017,cb9f8aed,1189
228,0,3,3,12,10,224,TRAINING,1,14,1,6,52364017,cbf98aed,1463
228,0,3,3,12,10,225,TRAINING,4,8,1,1,54362017,c8f9baed,8919
228,0,3,3,12,10,226,TRAINING,0,10,1,2,54062317,c8a9bfed,1286
228,0,3,3,12,10,227,TRAINING,1,14,1,4,54061327,c8a9efbd,10887
228,0,3,3,12,10,228,TRAINING,1,14,1,4,74061325,d8a9efbc,3544
228,0,3,3,12,10,229,TRAINING,1,14,1,4,04761325,a8d9efbc,4762
228,0,3,3,12,10,230,TRAINING,1,14,1,4,05761324,acd9efb8,1732
228,0,3,3,12,10,231,TRAINING,1,14,1,4,05761342,acd9ef8b,1523
228,0,3,3,12,10,232,TRAINING,1,14,1,4,05721346,acdbef89,1254
228,0,3,3,12,10,233,TEST,3,15,0,0,true,1229
228,0,3,3,12,10,234,TEST,6,9,0,1,false,1234
228,0,3,3,12,10,235,TEST,4,8,1,1,true,1354
228,0,3,3,12,10,236,TEST,2,11,1,1,true,1631
228,0,3,3,12,10,237,TEST,7,13,0,0,true,1019
228,0,3,3,12,10,238,TEST,1,14,1,1,true,1454
228,0,3,3,12,10,239,TEST,0,10,1,1,true,873
228,0,3,3,12,10,240,TEST,5,12,0,0,true,1207
228,0,3,3,12,11,241,TRAINING,1,14,1,0,16342075,e9f8badc,1904
228,0,3,3,12,11,242,TRAINING,2,11,1,4,16352074,e9fcbad8,1325
228,0,3,3,12,11,243,TRAINING,6,9,0,1,16452073,e98cbadf,999
228,0,3,3,12,11,244,TRAINING,1,14,1,0,16432075,e98fbadc,7740
228,0,3,3,12,11,245,TRAINING,6,9,0,1,16472035,e98dbafc,934
228,0,3,3,12,11,246,TRAINING,1,14,1,0,16470235,e98dabfc,990
228,0,3,3,12,11,247,TRAINING,6,9,0,1,16470325,e98dafbc,1040
228,0,3,3,12,11,248,TRAINING,1,14,1,0,16450327,e98cafbd,1532
228,0,3,3,12,11,249,TRAINING,6,9,0,1,16054327,e9ac8fbd,1015
228,0,3,3,12,11,250,TRAINING,1,14,1,0,16054237,e9ac8bfd,1020
228,0,3,3,12,11,251,TRAINING,6,9,0,1,16053247,e9acfb8d,1500
228,0,3,3,12,11,252,TRAINING,1,14,1,0,16057243,e9acdb8f,1301
228,0,3,3,12,11,253,TRAINING,6,9,0,1,16027543,e9abdc8f,2720
228,0,3,3,12,11,254,TRAINING,1,14,1,0,16327540,e9fbdc8a,5516
228,0,3,3,12,11,255,TRAINING,6,9,0,1,16237540,e9bfdc8a,1382
228,0,3,3,12,11,256,TRAINING,1,14,1,0,16237045,e9bfda8c,2748
228,0,3,3,12,11,257,TEST,1,14,1,0,false,1382
228,0,3,3,12,11,258,TEST,0,10,1,1,true,2318
228,0,3,3,12,11,259,TEST,4,8,1,1,true,1921
228,0,3,3,12,11,260,TEST,2,11,1,1,true,4341
228,0,3,3,12,11,261,TEST,3,15,0,0,true,1992
228,0,3,3,12,11,262,TEST,7,13,0,0,true,1711
228,0,3,3,12,11,263,TEST,5,12,0,0,true,4200
228,0,3,3,12,11,264,TEST,6,9,0,0,true,5904
228,0,3,3,12,12,265,TRAINING,6,9,0,0,64017253,98aedbcf,2003
228,0,3,3,12,12,266,TRAINING,7,13,0,4,64217053,98bedacf,1041
228,0,3,3,12,12,267,TRAINING,5,12,0,6,61247053,9eb8dacf,976
228,0,3,3,12,12,268,TRAINING,1,14,1,1,21647053,be98dacf,1070
228,0,3,3,12,12,269,TRAINING,6,9,0,5,21047653,bea8d9cf,1191
228,0,3,3,12,12,270,TRAINING,0,10,1,2,41027653,8eabd9cf,1301
228,0,3,3,12,12,271,TRAINING,1,14,1,1,71024653,deab89cf,1098
228,0,3,3,12,12,272,TRAINING,5,12,0,6,61024753,9eab8dcf,5865
228,0,3,3,12,12,273,TRAINING,7,13,0,5,61204753,9eba8dcf,1323
228,0,3,3,12,12,274,TRAINING,6,9,0,0,63204751,9fba8dce,1003
228,0,3,3,12,12,275,TRAINING,1,14,1,7,65204731,9cba8dfe,923
228,0,3,3,12,12,276,TRAINING,0,10,1,1,60254731,9abc8dfe,1761
228,0,3,3,12,12,277,TRAINING,2,11,1,2,60234751,9abf8dce,1351
228,0,3,3,12,12,278,TRAINING,4,8,1,3,60243751,9ab8fdce,1582
228,0,3,3,12,12,279,TRAINING,5,12,0,6,61243750,9eb8fdca,1382
228,0,3,3,12,12,280,TRAINING,6,9,0,0,63241750,9fb8edca,937
228,0,3,3,12,12,281,TEST,3,15,0,0,true,1926
228,0,3,3,12,12,282,TEST,5,12,0,0,true,5669
228,0,3,3,12,12,283,TEST,1,14,1,1,true,2996
228,0,3,3,12,12,284,TEST,4,8,1,1,true,694
228,0,3,3,12,12,285,TEST,7,13,0,0,true,6514
228,0,3,3,12,12,286,TEST,0,10,1,1,true,2457
228,0,3,3,12,12,287,TEST,2,11,1,1,true,2069
228,0,3,3,12,12,288,TEST,6,9,0,0,true,7091
228,0,3,3,12,13,289,TRAINING,3,15,0,0,32765104,fbd9cea8,2352
228,0,3,3,12,13,290,TRAINING,7,13,0,2,32756104,fbdc9ea8,925
228,0,3,3,12,13,291,TRAINING,1,14,1,6,32756014,fbdc9ae8,1460
228,0,3,3,12,13,292,TRAINING,6,9,0,0,62753014,9bdcfae8,1412
228,0,3,3,12,13,293,TRAINING,3,15,0,4,62703514,9bdafce8,1033
228,0,3,3,12,13,294,TRAINING,1,14,1,6,62703415,9bdaf8ec,1075
228,0,3,3,12,13,295,TRAINING,1,14,1,6,65703412,9cdaf8eb,1394
228,0,3,3,12,13,296,TRAINING,6,9,0,4,35706412,fcda98eb,1253
228,0,3,3,12,13,297,TRAINING,1,14,1,6,30756412,fadc98eb,1188
228,0,3,3,12,13,298,TRAINING,6,9,0,4,70356412,dafc98eb,2813
228,0,3,3,12,13,299,TRAINING,1,14,1,6,70356214,dafc9be8,1695
228,0,3,3,12,13,300,TRAINING,6,9,0,4,50376214,cafd9be8,960
228,0,3,3,12,13,301,TRAINING,6,9,0,4,50736214,cadf9be8,1113
228,0,3,3,12,13,302,TRAINING,1,14,1,1,51736204,cedf9ba8,2056
228,0,3,3,12,13,303,TRAINING,6,9,0,4,51036274,ceaf9bd8,1785
228,0,3,3,12,13,304,TRAINING,1,14,1,1,71036254,deaf9bc8,991
228,0,3,3,12,13,305,TEST,1,14,1,1,true,2398
228,0,3,3,12,13,306,TEST,2,11,1,1,true,2196
228,0,3,3,12,13,307,TEST,4,8,1,1,true,3269
228,0,3,3,12,13,308,TEST,3,15,0,0,true,2174
228,0,3,3,12,13,309,TEST,0,10,1,1,true,1543
228,0,3,3,12,13,310,TEST,6,9,0,0,true,1128
228,0,3,3,12,13,311,TEST,7,13,0,0,true,7397
228,0,3,3,12,13,312,TEST,5,12,0,0,true,1009
228,0,3,3,12,INSTRUCT,postquestionnaire,2

rulestrategy:Everything with a line through it was an "A" and everything without a line was a "B" with two exceptions. The exceptions were if it had a line but also white dots and a white border it was a "B" and the solid blue box with a yellow border and no line through it was still an "A".
howtoimprove:
engagement:7
difficulty:7
physicalaids:no