231,1,3,5,11,INSTRUCT,instruct1,11251
231,1,3,5,11,INSTRUCT,instructCatExample,9952
231,1,3,5,11,INSTRUCT,instructCatColor,6144
231,1,3,5,11,INSTRUCT,instructCatStripe,10791
231,1,3,5,11,INSTRUCT,instructDemoIntro,34103
231,1,3,5,11,INSTRUCT,instructDemo,55774
231,1,3,5,11,INSTRUCT,instructTest,17473
231,1,3,5,11,INSTRUCT,instructTest2,32827
231,1,3,5,11,INSTRUCT,instructDimColor,6296
231,1,3,5,11,INSTRUCT,instructDimBorder,7687
231,1,3,5,11,INSTRUCT,instructDimDots,4009
231,1,3,5,11,INSTRUCT,instructDimStripe,4011
231,1,3,5,11,INSTRUCT,instructDimAll,12748
231,1,3,5,11,INSTRUCT,instructFinal,23532
231,1,3,5,11,1,1,TRAINING,5,13,0,3,46250731,f76de54c,3341
231,1,3,5,11,1,2,TRAINING,5,13,0,3,16250734,c76de54f,3446
231,1,3,5,11,1,3,TRAINING,1,12,1,0,16250743,c76de5f4,2027
231,1,3,5,11,1,4,TRAINING,0,14,1,5,16257043,c76d5ef4,2465
231,1,3,5,11,1,5,TRAINING,2,6,1,2,13257046,c46d5ef7,2026
231,1,3,5,11,1,6,TRAINING,7,5,0,4,14257036,cf6d5e47,2224
231,1,3,5,11,1,7,TRAINING,3,4,0,3,14237056,cf645ed7,2514
231,1,3,5,11,1,8,TRAINING,2,6,1,2,64237051,7f645edc,2272
231,1,3,5,11,1,9,TRAINING,6,7,0,0,67234051,7564fedc,1920
231,1,3,5,11,1,10,TRAINING,3,4,0,3,67230451,7564efdc,2526
231,1,3,5,11,1,11,TRAINING,7,5,0,1,67032451,75e46fdc,3256
231,1,3,5,11,1,12,TRAINING,6,7,0,0,67132450,75c46fde,2033
231,1,3,5,11,1,13,TRAINING,4,15,1,5,67231450,7564cfde,1655
231,1,3,5,11,1,14,TRAINING,0,14,1,6,67231405,7564cfed,1583
231,1,3,5,11,1,15,TRAINING,1,12,1,4,65231407,7d64cfe5,1985
231,1,3,5,11,1,16,TRAINING,4,15,1,5,35261407,4d67cfe5,1775
231,1,3,5,11,1,17,TEST,5,13,0,0,true,8842
231,1,3,5,11,1,18,TEST,3,4,0,1,false,1104
231,1,3,5,11,1,19,TEST,2,6,1,1,true,872
231,1,3,5,11,1,20,TEST,1,12,1,0,false,748
231,1,3,5,11,1,21,TEST,6,7,0,1,false,955
231,1,3,5,11,1,22,TEST,4,15,1,0,false,809
231,1,3,5,11,1,23,TEST,7,5,0,1,false,810
231,1,3,5,11,1,24,TEST,0,14,1,0,false,595
231,1,3,5,11,2,25,TRAINING,4,15,1,6,35672041,4d756efc,1752
231,1,3,5,11,2,26,TRAINING,3,4,0,0,35671042,4d75cef6,2004
231,1,3,5,11,2,27,TRAINING,6,7,0,2,32671045,4675cefd,1753
231,1,3,5,11,2,28,TRAINING,0,14,1,5,32674015,4675fecd,2064
231,1,3,5,11,2,29,TRAINING,7,5,0,3,32674051,4675fedc,1824
231,1,3,5,11,2,30,TRAINING,2,6,1,2,36274051,4765fedc,1690
231,1,3,5,11,2,31,TRAINING,4,15,1,4,30274651,4e65f7dc,1881
231,1,3,5,11,2,32,TRAINING,5,13,0,6,30264751,4e67f5dc,3248
231,1,3,5,11,2,33,TRAINING,2,6,1,2,37264051,4567fedc,1663
231,1,3,5,11,2,34,TRAINING,1,12,1,4,37261054,4567cedf,1800
231,1,3,5,11,2,35,TRAINING,7,5,0,1,57261034,d567ce4f,1713
231,1,3,5,11,2,36,TRAINING,0,14,1,5,67251034,756dce4f,1700
231,1,3,5,11,2,37,TRAINING,6,7,0,0,67254031,756dfe4c,1717
231,1,3,5,11,2,38,TRAINING,5,13,0,3,67154032,75cdfe46,1806
231,1,3,5,11,2,39,TRAINING,3,4,0,2,67354012,754dfec6,1660
231,1,3,5,11,2,40,TRAINING,1,12,1,4,67351042,754dcef6,1720
231,1,3,5,11,2,41,TEST,7,5,0,1,false,2859
231,1,3,5,11,2,42,TEST,3,4,0,0,true,1138
231,1,3,5,11,2,43,TEST,4,15,1,1,true,2410
231,1,3,5,11,2,44,TEST,1,12,1,0,false,1186
231,1,3,5,11,2,45,TEST,0,14,1,1,true,906
231,1,3,5,11,2,46,TEST,2,6,1,1,true,1394
231,1,3,5,11,2,47,TEST,5,13,0,0,true,618
231,1,3,5,11,2,48,TEST,6,7,0,1,false,633
231,1,3,5,11,3,49,TRAINING,0,14,1,0,02314576,e64cfd57,1261
231,1,3,5,11,3,50,TRAINING,4,15,1,4,02314756,e64cf5d7,2968
231,1,3,5,11,3,51,TRAINING,5,13,0,6,02134756,e6c4f5d7,2400
231,1,3,5,11,3,52,TRAINING,3,4,0,2,02314756,e64cf5d7,2119
231,1,3,5,11,3,53,TRAINING,5,13,0,6,02316754,e64c75df,1655
231,1,3,5,11,3,54,TRAINING,4,15,1,7,06312754,e74c65df,1820
231,1,3,5,11,3,55,TRAINING,2,6,1,0,26310754,674ce5df,1682
231,1,3,5,11,3,56,TRAINING,1,12,1,2,26130754,67c4e5df,2016
231,1,3,5,11,3,57,TRAINING,6,7,0,1,26130457,67c4efd5,1698
231,1,3,5,11,3,58,TRAINING,7,5,0,5,26130754,67c4e5df,1647
231,1,3,5,11,3,59,TRAINING,2,6,1,0,26103754,67ce45df,1721
231,1,3,5,11,3,60,TRAINING,3,4,0,4,24103756,6fce45d7,1704
231,1,3,5,11,3,61,TRAINING,0,14,1,3,24503716,6fde45c7,1926
231,1,3,5,11,3,62,TRAINING,1,12,1,6,24703516,6f5e4dc7,1967
231,1,3,5,11,3,63,TRAINING,6,7,0,7,42703516,f65e4dc7,1773
231,1,3,5,11,3,64,TRAINING,7,5,0,2,24703516,6f5e4dc7,1739
231,1,3,5,11,3,65,TEST,3,4,0,0,true,1707
231,1,3,5,11,3,66,TEST,0,14,1,0,false,1911
231,1,3,5,11,3,67,TEST,4,15,1,1,true,1642
231,1,3,5,11,3,68,TEST,1,12,1,1,true,2059
231,1,3,5,11,3,69,TEST,7,5,0,1,false,818
231,1,3,5,11,3,70,TEST,5,13,0,1,false,946
231,1,3,5,11,3,71,TEST,2,6,1,0,false,465
231,1,3,5,11,3,72,TEST,6,7,0,0,true,579
231,1,3,5,11,4,73,TRAINING,3,4,0,1,23701546,645ecdf7,1448
231,1,3,5,11,4,74,TRAINING,7,5,0,7,23601547,647ecdf5,1778
231,1,3,5,11,4,75,TRAINING,2,6,1,0,23106547,64ce7df5,3866
231,1,3,5,11,4,76,TRAINING,1,12,1,2,23104567,64cefd75,2105
231,1,3,5,11,4,77,TRAINING,4,15,1,4,26104537,67cefd45,2015
231,1,3,5,11,4,78,TRAINING,2,6,1,0,26104735,67cef54d,1818
231,1,3,5,11,4,79,TRAINING,0,14,1,3,26704135,675efc4d,1936
231,1,3,5,11,4,80,TRAINING,7,5,0,2,25704136,6d5efc47,1808
231,1,3,5,11,4,81,TRAINING,5,13,0,1,25704316,6d5ef4c7,1614
231,1,3,5,11,4,82,TRAINING,4,15,1,4,25714306,6d5cf4e7,2385
231,1,3,5,11,4,83,TRAINING,6,7,0,5,25714603,6d5cf7e4,1745
231,1,3,5,11,4,84,TRAINING,0,14,1,6,35714602,4d5cf7e6,1866
231,1,3,5,11,4,85,TRAINING,1,12,1,3,35712604,4d5c67ef,1848
231,1,3,5,11,4,86,TRAINING,3,4,0,0,34712605,4f5c67ed,2023
231,1,3,5,11,4,87,TRAINING,5,13,0,7,30712645,4e5c67fd,1690
231,1,3,5,11,4,88,TRAINING,6,7,0,6,30712465,4e5c6f7d,1600
231,1,3,5,11,4,89,TEST,7,5,0,0,true,1999
231,1,3,5,11,4,90,TEST,6,7,0,0,true,818
231,1,3,5,11,4,91,TEST,1,12,1,1,true,1898
231,1,3,5,11,4,92,TEST,3,4,0,0,true,842
231,1,3,5,11,4,93,TEST,2,6,1,1,true,1122
231,1,3,5,11,4,94,TEST,0,14,1,1,true,962
231,1,3,5,11,4,95,TEST,5,13,0,0,true,2360
231,1,3,5,11,4,96,TEST,4,15,1,0,false,920
231,1,3,5,11,5,97,TRAINING,5,13,0,5,71623540,5c764dfe,1523
231,1,3,5,11,5,98,TRAINING,3,4,0,4,71603542,5c7e4df6,1720
231,1,3,5,11,5,99,TRAINING,7,5,0,1,17603542,c57e4df6,1601
231,1,3,5,11,5,100,TRAINING,2,6,1,0,27603541,657e4dfc,1791
231,1,3,5,11,5,101,TRAINING,2,6,1,0,27603514,657e4dcf,1993
231,1,3,5,11,5,102,TRAINING,3,4,0,4,27063514,65e74dcf,1849
231,1,3,5,11,5,103,TRAINING,4,15,1,7,20763514,6e574dcf,1728
231,1,3,5,11,5,104,TRAINING,0,14,1,1,60723514,7e564dcf,1873
231,1,3,5,11,5,105,TRAINING,1,12,1,2,60123574,7ec64d5f,1608
231,1,3,5,11,5,106,TRAINING,6,7,0,0,60132574,7ec46d5f,1999
231,1,3,5,11,5,107,TRAINING,1,12,1,2,60132754,7ec465df,1969
231,1,3,5,11,5,108,TRAINING,6,7,0,0,60132574,7ec46d5f,2031
231,1,3,5,11,5,109,TRAINING,5,13,0,4,60135274,7ec4d65f,1761
231,1,3,5,11,5,110,TRAINING,0,14,1,6,67135204,75c4d6ef,1758
231,1,3,5,11,5,111,TRAINING,4,15,1,5,67135402,75c4dfe6,1945
231,1,3,5,11,5,112,TRAINING,7,5,0,1,67153402,75cd4fe6,1922
231,1,3,5,11,5,113,TEST,0,14,1,0,false,6624
231,1,3,5,11,5,114,TEST,3,4,0,0,true,1439
231,1,3,5,11,5,115,TEST,2,6,1,1,true,923
231,1,3,5,11,5,116,TEST,7,5,0,0,true,597
231,1,3,5,11,5,117,TEST,4,15,1,1,true,1034
231,1,3,5,11,5,118,TEST,1,12,1,0,false,633
231,1,3,5,11,5,119,TEST,6,7,0,1,false,1417
231,1,3,5,11,5,120,TEST,5,13,0,0,true,812
231,1,3,5,11,6,121,TRAINING,5,13,0,3,20356741,6e4d75fc,1249
231,1,3,5,11,6,122,TRAINING,1,12,1,7,20356471,6e4d7f5c,1923
231,1,3,5,11,6,123,TRAINING,6,7,0,4,24356071,6f4d7e5c,2759
231,1,3,5,11,6,124,TRAINING,3,4,0,2,25346071,6d4f7e5c,1874
231,1,3,5,11,6,125,TRAINING,0,14,1,5,24356071,6f4d7e5c,2031
231,1,3,5,11,6,126,TRAINING,4,15,1,1,24316075,6f4c7e5d,1657
231,1,3,5,11,6,127,TRAINING,7,5,0,4,24317065,6f4c5e7d,1689
231,1,3,5,11,6,128,TRAINING,0,14,1,0,04317265,ef4c567d,1665
231,1,3,5,11,6,129,TRAINING,2,6,1,5,04517263,efdc5674,1663
231,1,3,5,11,6,130,TRAINING,1,12,1,3,04517236,efdc5647,2140
231,1,3,5,11,6,131,TRAINING,4,15,1,1,64517230,7fdc564e,1748
231,1,3,5,11,6,132,TRAINING,2,6,1,5,64715230,7f5cd64e,1584
231,1,3,5,11,6,133,TRAINING,3,4,0,6,64705231,7f5ed64c,1561
231,1,3,5,11,6,134,TRAINING,5,13,0,4,04765231,ef57d64c,1703
231,1,3,5,11,6,135,TRAINING,6,7,0,3,04165237,efc7d645,2220
231,1,3,5,11,6,136,TRAINING,7,5,0,7,04265137,ef67dc45,1767
231,1,3,5,11,6,137,TEST,1,12,1,0,false,998
231,1,3,5,11,6,138,TEST,3,4,0,0,true,913
231,1,3,5,11,6,139,TEST,2,6,1,1,true,1370
231,1,3,5,11,6,140,TEST,5,13,0,0,true,922
231,1,3,5,11,6,141,TEST,4,15,1,1,true,698
231,1,3,5,11,6,142,TEST,6,7,0,0,true,723
231,1,3,5,11,6,143,TEST,0,14,1,1,true,738
231,1,3,5,11,6,144,TEST,7,5,0,0,true,1668
231,1,3,5,11,7,145,TRAINING,0,14,1,4,27360145,6547ecfd,1647
231,1,3,5,11,7,146,TRAINING,7,5,0,1,37260145,4567ecfd,2141
231,1,3,5,11,7,147,TRAINING,3,4,0,0,37260154,4567ecdf,2159
231,1,3,5,11,7,148,TRAINING,7,5,0,1,37210654,456ce7df,3544
231,1,3,5,11,7,149,TRAINING,6,7,0,5,37201654,456ec7df,2320
231,1,3,5,11,7,150,TRAINING,1,12,1,2,37102654,45ce67df,2393
231,1,3,5,11,7,151,TRAINING,4,15,1,7,37152604,45cd67ef,1809
231,1,3,5,11,7,152,TRAINING,0,14,1,1,30152674,4ecd675f,1855
231,1,3,5,11,7,153,TRAINING,2,6,1,4,50132674,dec4675f,2017
231,1,3,5,11,7,154,TRAINING,4,15,1,5,50132476,dec46f57,1490
231,1,3,5,11,7,155,TRAINING,2,6,1,4,70132456,5ec46fd7,1727
231,1,3,5,11,7,156,TRAINING,6,7,0,7,70532416,5ed46fc7,4290
231,1,3,5,11,7,157,TRAINING,5,13,0,2,70532146,5ed46cf7,3337
231,1,3,5,11,7,158,TRAINING,3,4,0,3,20537146,6ed45cf7,1633
231,1,3,5,11,7,159,TRAINING,1,12,1,5,27530146,65d4ecf7,2049
231,1,3,5,11,7,160,TRAINING,5,13,0,2,20537146,6ed45cf7,1864
231,1,3,5,11,7,161,TEST,7,5,0,0,true,1047
231,1,3,5,11,7,162,TEST,5,13,0,0,true,1194
231,1,3,5,11,7,163,TEST,3,4,0,0,true,6385
231,1,3,5,11,7,164,TEST,4,15,1,1,true,2126
231,1,3,5,11,7,165,TEST,6,7,0,0,true,1306
231,1,3,5,11,7,166,TEST,1,12,1,1,true,2109
231,1,3,5,11,7,167,TEST,0,14,1,1,true,594
231,1,3,5,11,7,168,TEST,2,6,1,1,true,612
231,1,3,5,11,8,169,TRAINING,3,4,0,7,64201573,7f6ecd54,2418
231,1,3,5,11,8,170,TRAINING,0,14,1,2,64021573,7fe6cd54,2426
231,1,3,5,11,8,171,TRAINING,3,4,0,7,74021563,5fe6cd74,2025
231,1,3,5,11,8,172,TRAINING,2,6,1,6,74061523,5fe7cd64,1744
231,1,3,5,11,8,173,TRAINING,7,5,0,2,04761523,ef57cd64,4728
231,1,3,5,11,8,174,TRAINING,6,7,0,3,01764523,ec57fd64,2048
231,1,3,5,11,8,175,TRAINING,7,5,0,2,01764325,ec57f46d,2136
231,1,3,5,11,8,176,TRAINING,6,7,0,3,02764315,e657f4cd,1834
231,1,3,5,11,8,177,TRAINING,1,12,1,6,05764312,ed57f4c6,1984
231,1,3,5,11,8,178,TRAINING,0,14,1,0,05762314,ed5764cf,2053
231,1,3,5,11,8,179,TRAINING,1,12,1,6,05672314,ed7564cf,1744
231,1,3,5,11,8,180,TRAINING,5,13,0,4,02675314,e675d4cf,1905
231,1,3,5,11,8,181,TRAINING,4,15,1,7,02765314,e657d4cf,2231
231,1,3,5,11,8,182,TRAINING,5,13,0,4,02765134,e657dc4f,1817
231,1,3,5,11,8,183,TRAINING,4,15,1,7,20765134,6e57dc4f,2144
231,1,3,5,11,8,184,TRAINING,2,6,1,6,30765124,4e57dc6f,1817
231,1,3,5,11,8,185,TEST,0,14,1,1,true,2222
231,1,3,5,11,8,186,TEST,1,12,1,0,false,1728
231,1,3,5,11,8,187,TEST,4,15,1,1,true,794
231,1,3,5,11,8,188,TEST,6,7,0,1,false,946
231,1,3,5,11,8,189,TEST,7,5,0,0,true,674
231,1,3,5,11,8,190,TEST,5,13,0,0,true,601
231,1,3,5,11,8,191,TEST,2,6,1,1,true,4570
231,1,3,5,11,8,192,TEST,3,4,0,0,true,538
231,1,3,5,11,9,193,TRAINING,1,12,1,4,56021347,d7e6c4f5,7428
231,1,3,5,11,9,194,TRAINING,6,7,0,1,56071342,d7e5c4f6,2145
231,1,3,5,11,9,195,TRAINING,3,4,0,5,56271340,d765c4fe,1729
231,1,3,5,11,9,196,TRAINING,0,14,1,7,56217340,d76c54fe,2739
231,1,3,5,11,9,197,TRAINING,4,15,1,6,56712340,d75c64fe,1832
231,1,3,5,11,9,198,TRAINING,7,5,0,0,76512340,57dc64fe,2119
231,1,3,5,11,9,199,TRAINING,1,12,1,3,70512346,5edc64f7,1943
231,1,3,5,11,9,200,TRAINING,0,14,1,1,70513246,5edc46f7,1880
231,1,3,5,11,9,201,TRAINING,5,13,0,2,70513426,5edc4f67,1776
231,1,3,5,11,9,202,TRAINING,3,4,0,6,70512436,5edc6f47,2032
231,1,3,5,11,9,203,TRAINING,2,6,1,4,71502436,5cde6f47,2088
231,1,3,5,11,9,204,TRAINING,4,15,1,5,17502436,c5de6f47,3823
231,1,3,5,11,9,205,TRAINING,2,6,1,4,17052436,c5ed6f47,3164
231,1,3,5,11,9,206,TRAINING,6,7,0,7,71052436,5ced6f47,3032
231,1,3,5,11,9,207,TRAINING,7,5,0,3,51072436,dce56f47,4248
231,1,3,5,11,9,208,TRAINING,5,13,0,0,51073426,dce54f67,2113
231,1,3,5,11,9,209,TEST,4,15,1,1,true,2687
231,1,3,5,11,9,210,TEST,2,6,1,1,true,1825
231,1,3,5,11,9,211,TEST,0,14,1,0,false,3266
231,1,3,5,11,9,212,TEST,7,5,0,0,true,4226
231,1,3,5,11,9,213,TEST,5,13,0,1,false,853
231,1,3,5,11,9,214,TEST,3,4,0,1,false,1739
231,1,3,5,11,9,215,TEST,6,7,0,0,true,506
231,1,3,5,11,9,216,TEST,1,12,1,0,false,651
231,1,3,5,11,10,217,TRAINING,7,5,0,6,61035274,7ce4d65f,2356
231,1,3,5,11,10,218,TRAINING,3,4,0,3,01635274,ec74d65f,1598
231,1,3,5,11,10,219,TRAINING,0,14,1,0,05631274,ed74c65f,2953
231,1,3,5,11,10,220,TRAINING,3,4,0,3,05231674,ed64c75f,2024
231,1,3,5,11,10,221,TRAINING,1,12,1,2,05132674,edc4675f,2049
231,1,3,5,11,10,222,TRAINING,2,6,1,4,04132675,efc4675d,2920
231,1,3,5,11,10,223,TRAINING,5,13,0,7,34102675,4fce675d,1832
231,1,3,5,11,10,224,TRAINING,2,6,1,4,43102675,f4ce675d,2289
231,1,3,5,11,10,225,TRAINING,0,14,1,3,41302675,fc4e675d,1986
231,1,3,5,11,10,226,TRAINING,5,13,0,7,14302675,cf4e675d,1762
231,1,3,5,11,10,227,TRAINING,1,12,1,0,14602375,cf7e645d,2050
231,1,3,5,11,10,228,TRAINING,4,15,1,5,13602475,c47e6f5d,1698
231,1,3,5,11,10,229,TRAINING,6,7,0,2,13672405,c4756fed,1617
231,1,3,5,11,10,230,TRAINING,6,7,0,2,73612405,547c6fed,1913
231,1,3,5,11,10,231,TRAINING,4,15,1,7,73612504,547c6def,4617
231,1,3,5,11,10,232,TRAINING,7,5,0,3,13672504,c4756def,1896
231,1,3,5,11,10,233,TEST,6,7,0,0,true,2359
231,1,3,5,11,10,234,TEST,7,5,0,0,true,811
231,1,3,5,11,10,235,TEST,2,6,1,1,true,762
231,1,3,5,11,10,236,TEST,3,4,0,0,true,1178
231,1,3,5,11,10,237,TEST,5,13,0,0,true,762
231,1,3,5,11,10,238,TEST,4,15,1,1,true,719
231,1,3,5,11,10,239,TEST,1,12,1,1,true,862
231,1,3,5,11,10,240,TEST,0,14,1,1,true,744
231,1,3,5,11,11,241,TRAINING,6,7,0,4,04136275,efc4765d,2406
231,1,3,5,11,11,242,TRAINING,0,14,1,3,34106275,4fce765d,2141
231,1,3,5,11,11,243,TRAINING,3,4,0,0,37106245,45ce76fd,1728
231,1,3,5,11,11,244,TRAINING,7,5,0,1,37601245,457ec6fd,1599
231,1,3,5,11,11,245,TRAINING,3,4,0,0,37601542,457ecdf6,1858
231,1,3,5,11,11,246,TRAINING,5,13,0,4,37605142,457edcf6,1666
231,1,3,5,11,11,247,TRAINING,2,6,1,7,30675142,4e75dcf6,6296
231,1,3,5,11,11,248,TRAINING,4,15,1,6,36075142,47e5dcf6,1672
231,1,3,5,11,11,249,TRAINING,7,5,0,3,30675142,4e75dcf6,1695
231,1,3,5,11,11,250,TRAINING,1,12,1,5,60375142,7e45dcf6,1793
231,1,3,5,11,11,251,TRAINING,4,15,1,6,65370142,7d45ecf6,1960
231,1,3,5,11,11,252,TRAINING,2,6,1,7,65307142,7d4e5cf6,1753
231,1,3,5,11,11,253,TRAINING,6,7,0,0,65301742,7d4ec5f6,2249
231,1,3,5,11,11,254,TRAINING,1,12,1,4,65301472,7d4ecf56,1771
231,1,3,5,11,11,255,TRAINING,0,14,1,3,67301452,754ecfd6,3897
231,1,3,5,11,11,256,TRAINING,5,13,0,6,67201453,756ecfd4,2144
231,1,3,5,11,11,257,TEST,6,7,0,0,true,1403
231,1,3,5,11,11,258,TEST,2,6,1,1,true,809
231,1,3,5,11,11,259,TEST,4,15,1,1,true,922
231,1,3,5,11,11,260,TEST,7,5,0,0,true,1180
231,1,3,5,11,11,261,TEST,3,4,0,0,true,1082
231,1,3,5,11,11,262,TEST,5,13,0,0,true,1819
231,1,3,5,11,11,263,TEST,0,14,1,1,true,956
231,1,3,5,11,11,264,TEST,1,12,1,1,true,618
231,1,3,5,11,INSTRUCT,postquestionnaire,2

rulestrategy:I tried to remember what the As were.  In both cases 3/4 of the As were either dotted or clear.  Remembered which one was B as well as which one was the A of the other four.
howtoimprove:no
engagement:8
difficulty:9
physicalaids:no