232,1,1,3,13,INSTRUCT,instruct1,9118
232,1,1,3,13,INSTRUCT,instructCatExample,12442
232,1,1,3,13,INSTRUCT,instructCatColor,5424
232,1,1,3,13,INSTRUCT,instructCatStripe,3381
232,1,1,3,13,INSTRUCT,instructDemoIntro,5272
232,1,1,3,13,INSTRUCT,instructDemo,17676
232,1,1,3,13,INSTRUCT,instructTest,12961
232,1,1,3,13,INSTRUCT,instructTest2,22833
232,1,1,3,13,INSTRUCT,instructDimColor,9879
232,1,1,3,13,INSTRUCT,instructDimBorder,3025
232,1,1,3,13,INSTRUCT,instructDimDots,2709
232,1,1,3,13,INSTRUCT,instructDimStripe,2089
232,1,1,3,13,INSTRUCT,instructDimAll,6585
232,1,1,3,13,INSTRUCT,instructFinal,6399
232,1,1,3,13,1,1,TRAINING,3,11,0,2,07312456,e9bafc8d,3766
232,1,1,3,13,1,2,TRAINING,7,9,0,1,07352416,e9b8fcad,2551
232,1,1,3,13,1,3,TRAINING,1,10,1,7,07352461,e9b8fcda,1712
232,1,1,3,13,1,4,TRAINING,2,15,1,2,07253461,e9f8bcda,1762
232,1,1,3,13,1,5,TRAINING,4,12,0,0,47253061,c9f8beda,2736
232,1,1,3,13,1,6,TRAINING,0,14,0,5,47251063,c9f8aedb,2454
232,1,1,3,13,1,7,TRAINING,2,15,1,2,45271063,c8f9aedb,1975
232,1,1,3,13,1,8,TRAINING,4,12,0,0,45271036,c8f9aebd,2054
232,1,1,3,13,1,9,TRAINING,5,8,1,1,45231076,c8fbae9d,2296
232,1,1,3,13,1,10,TRAINING,6,13,1,5,45231670,c8fbad9e,1742
232,1,1,3,13,1,11,TRAINING,6,13,1,5,45213670,c8fabd9e,2239
232,1,1,3,13,1,12,TRAINING,7,9,0,6,42513670,cf8abd9e,1910
232,1,1,3,13,1,13,TRAINING,0,14,0,7,42531670,cf8bad9e,1793
232,1,1,3,13,1,14,TRAINING,5,8,1,3,42351670,cfb8ad9e,2316
232,1,1,3,13,1,15,TRAINING,3,11,0,2,72351640,9fb8adce,1576
232,1,1,3,13,1,16,TRAINING,1,10,1,4,72351604,9fb8adec,2136
232,1,1,3,13,1,17,TEST,2,15,1,0,false,3005
232,1,1,3,13,1,18,TEST,5,8,1,0,false,2439
232,1,1,3,13,1,19,TEST,1,10,1,0,false,1702
232,1,1,3,13,1,20,TEST,7,9,0,1,false,753
232,1,1,3,13,1,21,TEST,6,13,1,1,true,1507
232,1,1,3,13,1,22,TEST,0,14,0,1,false,941
232,1,1,3,13,1,23,TEST,4,12,0,1,false,731
232,1,1,3,13,1,24,TEST,3,11,0,0,true,600
232,1,1,3,13,2,25,TRAINING,1,10,1,4,34751260,bc98afde,6565
232,1,1,3,13,2,26,TRAINING,4,12,0,1,34701265,bc9eafd8,2039
232,1,1,3,13,2,27,TRAINING,3,11,0,6,64701235,dc9eafb8,1947
232,1,1,3,13,2,28,TRAINING,7,9,0,2,14706235,ac9edfb8,3852
232,1,1,3,13,2,29,TRAINING,5,8,1,7,64701235,dc9eafb8,3360
232,1,1,3,13,2,30,TRAINING,4,12,0,1,34701265,bc9eafd8,2352
232,1,1,3,13,2,31,TRAINING,7,9,0,2,34710265,bc9aefd8,1573
232,1,1,3,13,2,32,TRAINING,0,14,0,5,34712065,bc9afed8,1923
232,1,1,3,13,2,33,TRAINING,2,15,1,4,34752061,bc98feda,2535
232,1,1,3,13,2,34,TRAINING,0,14,0,5,35742061,b89cfeda,4165
232,1,1,3,13,2,35,TRAINING,6,13,1,6,35472061,b8c9feda,2126
232,1,1,3,13,2,36,TRAINING,1,10,1,7,34572061,bc89feda,2564
232,1,1,3,13,2,37,TRAINING,2,15,1,4,34502761,bc8ef9da,2090
232,1,1,3,13,2,38,TRAINING,3,11,0,1,43502761,cb8ef9da,3072
232,1,1,3,13,2,39,TRAINING,6,13,1,6,13502764,ab8ef9dc,2117
232,1,1,3,13,2,40,TRAINING,5,8,1,2,73502164,9b8efadc,1915
232,1,1,3,13,2,41,TEST,5,8,1,1,true,1102
232,1,1,3,13,2,42,TEST,3,11,0,0,true,843
232,1,1,3,13,2,43,TEST,6,13,1,1,true,982
232,1,1,3,13,2,44,TEST,0,14,0,0,true,2112
232,1,1,3,13,2,45,TEST,1,10,1,0,false,740
232,1,1,3,13,2,46,TEST,7,9,0,1,false,734
232,1,1,3,13,2,47,TEST,2,15,1,1,true,518
232,1,1,3,13,2,48,TEST,4,12,0,0,true,653
232,1,1,3,13,3,49,TRAINING,0,14,0,4,17540263,a98cefdb,4047
232,1,1,3,13,3,50,TRAINING,5,8,1,6,17640253,a9dcef8b,1440
232,1,1,3,13,3,51,TRAINING,2,15,1,5,71640253,9adcef8b,1624
232,1,1,3,13,3,52,TRAINING,4,12,0,3,31640257,badcef89,2308
232,1,1,3,13,3,53,TRAINING,3,11,0,0,31640275,badcef98,4538
232,1,1,3,13,3,54,TRAINING,0,14,0,6,31647205,badc9fe8,1696
232,1,1,3,13,3,55,TRAINING,1,10,1,5,32647105,bfdc9ae8,2378
232,1,1,3,13,3,56,TRAINING,3,11,0,0,32674105,bfd9cae8,4320
232,1,1,3,13,3,57,TRAINING,2,15,1,1,32074165,bfe9cad8,2026
232,1,1,3,13,3,58,TRAINING,7,9,0,6,32064175,bfedca98,1755
232,1,1,3,13,3,59,TRAINING,1,10,1,7,32064571,bfedc89a,1617
232,1,1,3,13,3,60,TRAINING,6,13,1,2,32604571,bfdec89a,2330
232,1,1,3,13,3,61,TRAINING,5,8,1,5,34602571,bcdef89a,1564
232,1,1,3,13,3,62,TRAINING,4,12,0,0,43602571,cbdef89a,1990
232,1,1,3,13,3,63,TRAINING,6,13,1,2,42603571,cfdeb89a,4076
232,1,1,3,13,3,64,TRAINING,7,9,0,6,42653071,cfd8be9a,1910
232,1,1,3,13,3,65,TEST,1,10,1,0,false,1991
232,1,1,3,13,3,66,TEST,2,15,1,1,true,1509
232,1,1,3,13,3,67,TEST,0,14,0,0,true,679
232,1,1,3,13,3,68,TEST,3,11,0,0,true,1859
232,1,1,3,13,3,69,TEST,7,9,0,1,false,1443
232,1,1,3,13,3,70,TEST,4,12,0,0,true,766
232,1,1,3,13,3,71,TEST,5,8,1,1,true,712
232,1,1,3,13,3,72,TEST,6,13,1,1,true,661
232,1,1,3,13,4,73,TRAINING,5,8,1,0,51306427,8abedcf9,12740
232,1,1,3,13,4,74,TRAINING,2,15,1,6,53106427,8baedcf9,1952
232,1,1,3,13,4,75,TRAINING,1,10,1,2,53176420,8ba9dcfe,1837
232,1,1,3,13,4,76,TRAINING,6,13,1,4,53176024,8ba9defc,5253
232,1,1,3,13,4,77,TRAINING,0,14,0,5,52176034,8fa9debc,1837
232,1,1,3,13,4,78,TRAINING,3,11,0,6,42176035,cfa9deb8,5371
232,1,1,3,13,4,79,TRAINING,6,13,1,4,42716035,cf9adeb8,2214
232,1,1,3,13,4,80,TRAINING,2,15,1,1,02716435,ef9adcb8,3778
232,1,1,3,13,4,81,TRAINING,4,12,0,5,72016435,9feadcb8,1701
232,1,1,3,13,4,82,TRAINING,1,10,1,3,72016453,9feadc8b,2141
232,1,1,3,13,4,83,TRAINING,0,14,0,4,72610453,9fdaec8b,2411
232,1,1,3,13,4,84,TRAINING,5,8,1,6,76210453,9dfaec8b,1385
232,1,1,3,13,4,85,TRAINING,7,9,0,0,76240153,9dfcea8b,2820
232,1,1,3,13,4,86,TRAINING,7,9,0,0,76140253,9dacef8b,1491
232,1,1,3,13,4,87,TRAINING,3,11,0,4,76143250,9dacbf8e,1312
232,1,1,3,13,4,88,TRAINING,4,12,0,1,74163250,9cadbf8e,2026
232,1,1,3,13,4,89,TEST,4,12,0,0,true,1835
232,1,1,3,13,4,90,TEST,2,15,1,1,true,990
232,1,1,3,13,4,91,TEST,0,14,0,1,false,2455
232,1,1,3,13,4,92,TEST,7,9,0,0,true,1499
232,1,1,3,13,4,93,TEST,6,13,1,1,true,1522
232,1,1,3,13,4,94,TEST,1,10,1,1,true,1128
232,1,1,3,13,4,95,TEST,3,11,0,0,true,2862
232,1,1,3,13,4,96,TEST,5,8,1,1,true,932
232,1,1,3,13,5,97,TRAINING,4,12,0,1,04316752,ecbad98f,4022
232,1,1,3,13,5,98,TRAINING,7,9,0,5,04312756,ecbaf98d,5179
232,1,1,3,13,5,99,TRAINING,0,14,0,0,04213756,ecfab98d,7161
232,1,1,3,13,5,100,TRAINING,0,14,0,0,04216753,ecfad98b,10347
232,1,1,3,13,5,101,TRAINING,3,11,0,7,04216573,ecfad89b,1892
232,1,1,3,13,5,102,TRAINING,6,13,1,4,07216543,e9fad8cb,2089
232,1,1,3,13,5,103,TRAINING,3,11,0,7,04216573,ecfad89b,1878
232,1,1,3,13,5,104,TRAINING,2,15,1,0,24016573,fcead89b,1736
232,1,1,3,13,5,105,TRAINING,6,13,1,4,24516073,fc8ade9b,3570
232,1,1,3,13,5,106,TRAINING,7,9,0,6,24016573,fcead89b,1600
232,1,1,3,13,5,107,TRAINING,1,10,1,5,24056173,fce8da9b,2375
232,1,1,3,13,5,108,TRAINING,1,10,1,5,34056172,bce8da9f,1457
232,1,1,3,13,5,109,TRAINING,5,8,1,3,34057162,bce89adf,1805
232,1,1,3,13,5,110,TRAINING,2,15,1,7,34056172,bce8da9f,1455
232,1,1,3,13,5,111,TRAINING,4,12,0,1,34156072,bca8de9f,1575
232,1,1,3,13,5,112,TRAINING,5,8,1,0,54136072,8cabde9f,1692
232,1,1,3,13,5,113,TEST,7,9,0,0,true,1191
232,1,1,3,13,5,114,TEST,0,14,0,1,false,725
232,1,1,3,13,5,115,TEST,3,11,0,1,false,490
232,1,1,3,13,5,116,TEST,1,10,1,0,false,536
232,1,1,3,13,5,117,TEST,4,12,0,1,false,658
232,1,1,3,13,5,118,TEST,6,13,1,1,true,455
232,1,1,3,13,5,119,TEST,2,15,1,0,false,569
232,1,1,3,13,5,120,TEST,5,8,1,0,false,1589
232,1,1,3,13,6,121,TRAINING,6,13,1,0,65247301,d8fc9bea,2259
232,1,1,3,13,6,122,TRAINING,0,14,0,1,60247351,defc9b8a,1616
232,1,1,3,13,6,123,TRAINING,2,15,1,2,60241357,defcab89,1862
232,1,1,3,13,6,124,TRAINING,1,10,1,4,60241753,defca98b,1718
232,1,1,3,13,6,125,TRAINING,3,11,0,7,64201753,dcfea98b,1850
232,1,1,3,13,6,126,TRAINING,5,8,1,6,64271053,dcf9ae8b,1935
232,1,1,3,13,6,127,TRAINING,0,14,0,4,64270153,dcf9ea8b,1728
232,1,1,3,13,6,128,TRAINING,2,15,1,5,64170253,dca9ef8b,1331
232,1,1,3,13,6,129,TRAINING,6,13,1,3,74160253,9cadef8b,1792
232,1,1,3,13,6,130,TRAINING,3,11,0,4,74163250,9cadbf8e,1874
232,1,1,3,13,6,131,TRAINING,4,12,0,6,75163240,98adbfce,2066
232,1,1,3,13,6,132,TRAINING,7,9,0,0,70163245,9eadbfc8,2269
232,1,1,3,13,6,133,TRAINING,7,9,0,0,70563241,9e8dbfca,6701
232,1,1,3,13,6,134,TRAINING,1,10,1,2,70163245,9eadbfc8,1706
232,1,1,3,13,6,135,TRAINING,4,12,0,6,75163240,98adbfce,1542
232,1,1,3,13,6,136,TRAINING,5,8,1,1,75162340,98adfbce,1936
232,1,1,3,13,6,137,TEST,5,8,1,1,true,1790
232,1,1,3,13,6,138,TEST,1,10,1,1,true,900
232,1,1,3,13,6,139,TEST,2,15,1,1,true,6914
232,1,1,3,13,6,140,TEST,4,12,0,0,true,848
232,1,1,3,13,6,141,TEST,7,9,0,0,true,4301
232,1,1,3,13,6,142,TEST,0,14,0,0,true,3821
232,1,1,3,13,6,143,TEST,3,11,0,0,true,1602
232,1,1,3,13,6,144,TEST,6,13,1,1,true,773
232,1,1,3,13,7,145,TRAINING,0,14,0,2,64027315,dcef9ba8,8926
232,1,1,3,13,7,146,TRAINING,5,8,1,7,64017325,dcea9bf8,2179
232,1,1,3,13,7,147,TRAINING,2,15,1,3,64027315,dcef9ba8,3074
232,1,1,3,13,7,148,TRAINING,4,12,0,1,64127305,dcaf9be8,2146
232,1,1,3,13,7,149,TRAINING,3,11,0,5,64527301,dc8f9bea,1774
232,1,1,3,13,7,150,TRAINING,5,8,1,2,64507321,dc8e9bfa,1896
232,1,1,3,13,7,151,TRAINING,0,14,0,4,64570321,dc89ebfa,1684
232,1,1,3,13,7,152,TRAINING,1,10,1,6,64570312,dc89ebaf,2758
232,1,1,3,13,7,153,TRAINING,6,13,1,1,46570312,cd89ebaf,1654
232,1,1,3,13,7,154,TRAINING,6,13,1,1,46075312,cde98baf,1351
232,1,1,3,13,7,155,TRAINING,4,12,0,0,46570312,cd89ebaf,1692
232,1,1,3,13,7,156,TRAINING,1,10,1,2,46170352,cda9eb8f,1423
232,1,1,3,13,7,157,TRAINING,7,9,0,5,46130752,cdabe98f,1408
232,1,1,3,13,7,158,TRAINING,7,9,0,5,46120753,cdafe98b,1910
232,1,1,3,13,7,159,TRAINING,3,11,0,3,46130752,cdabe98f,2091
232,1,1,3,13,7,160,TRAINING,2,15,1,7,46530712,cd8be9af,1485
232,1,1,3,13,7,161,TEST,4,12,0,0,true,1394
232,1,1,3,13,7,162,TEST,1,10,1,1,true,935
232,1,1,3,13,7,163,TEST,3,11,0,0,true,1468
232,1,1,3,13,7,164,TEST,5,8,1,1,true,3724
232,1,1,3,13,7,165,TEST,0,14,0,0,true,1314
232,1,1,3,13,7,166,TEST,6,13,1,1,true,790
232,1,1,3,13,7,167,TEST,2,15,1,1,true,685
232,1,1,3,13,7,168,TEST,7,9,0,0,true,1174
232,1,1,3,13,INSTRUCT,postquestionnaire,1

rulestrategy:I simply followed the border colors and the slashes. If the yellow slashed ones were in B then the white slashed ones were in A and anything without a slash in a yellow border were in column A then and versa vice for the opposite. 
howtoimprove:The colorings were hard for me to differentiate at first. 
engagement:8
difficulty:6
physicalaids:no