238,1,2,9,0,INSTRUCT,instruct1,26350
238,1,2,9,0,INSTRUCT,instructCatExample,19976
238,1,2,9,0,INSTRUCT,instructCatColor,9636
238,1,2,9,0,INSTRUCT,instructCatStripe,16252
238,1,2,9,0,INSTRUCT,instructDemoIntro,30791
238,1,2,9,0,INSTRUCT,instructDemo,109704
238,1,2,9,0,INSTRUCT,instructTest,39029
238,1,2,9,0,INSTRUCT,instructTest2,39707
238,1,2,9,0,INSTRUCT,instructDimColor,21224
238,1,2,9,0,INSTRUCT,instructDimBorder,8967
238,1,2,9,0,INSTRUCT,instructDimDots,5768
238,1,2,9,0,INSTRUCT,instructDimStripe,8035
238,1,2,9,0,INSTRUCT,instructDimAll,13428
238,1,2,9,0,INSTRUCT,instructFinal,38432
238,1,2,9,0,1,1,TRAINING,5,6,1,4,67425013,ce48602a,11399
238,1,2,9,0,1,2,TRAINING,6,12,0,0,64725013,c4e8602a,7128
238,1,2,9,0,1,3,TRAINING,0,0,1,5,64715023,c4e2608a,4309
238,1,2,9,0,1,4,TRAINING,5,6,1,4,64725013,c4e8602a,3533
238,1,2,9,0,1,5,TRAINING,4,4,1,6,61725043,c2e8604a,3495
238,1,2,9,0,1,6,TRAINING,2,8,1,7,61735042,c2ea6048,3216
238,1,2,9,0,1,7,TRAINING,7,14,0,2,51736042,62eac048,7274
238,1,2,9,0,1,8,TRAINING,7,14,0,2,56731042,6cea2048,2800
238,1,2,9,0,1,9,TRAINING,6,12,0,4,51736042,62eac048,4262
238,1,2,9,0,1,10,TRAINING,1,2,0,0,15736042,26eac048,5891
238,1,2,9,0,1,11,TRAINING,2,8,1,7,15736402,26eac408,2801
238,1,2,9,0,1,12,TRAINING,4,4,1,5,15730462,26ea04c8,3450
238,1,2,9,0,1,13,TRAINING,3,10,0,3,65730412,c6ea0428,3133
238,1,2,9,0,1,14,TRAINING,1,2,0,2,65130472,c62a04e8,3572
238,1,2,9,0,1,15,TRAINING,0,0,1,4,65130742,c62a0e48,2919
238,1,2,9,0,1,16,TRAINING,3,10,0,3,62130745,c82a0e46,2557
238,1,2,9,0,1,17,TEST,7,14,0,0,true,4252
238,1,2,9,0,1,18,TEST,5,6,1,1,true,5853
238,1,2,9,0,1,19,TEST,6,12,0,1,false,2052
238,1,2,9,0,1,20,TEST,1,2,0,1,false,2915
238,1,2,9,0,1,21,TEST,0,0,1,0,false,2720
238,1,2,9,0,1,22,TEST,4,4,1,1,true,1926
238,1,2,9,0,1,23,TEST,2,8,1,1,true,2300
238,1,2,9,0,1,24,TEST,3,10,0,0,true,3847
238,1,2,9,0,2,25,TRAINING,2,8,1,7,07634512,0eca4628,6911
238,1,2,9,0,2,26,TRAINING,0,0,1,0,07364512,0eac4628,3481
238,1,2,9,0,2,27,TRAINING,4,4,1,4,07364152,0eac4268,8447
238,1,2,9,0,2,28,TRAINING,2,8,1,1,02364157,08ac426e,3672
238,1,2,9,0,2,29,TRAINING,1,2,0,5,02764153,08ec426a,3299
238,1,2,9,0,2,30,TRAINING,6,12,0,3,32764150,a8ec4260,4770
238,1,2,9,0,2,31,TRAINING,3,10,0,4,42763150,48eca260,4057
238,1,2,9,0,2,32,TRAINING,5,6,1,0,52763140,68eca240,3186
238,1,2,9,0,2,33,TRAINING,7,14,0,1,57263140,6e8ca240,3862
238,1,2,9,0,2,34,TRAINING,6,12,0,3,57463120,6e4ca280,2579
238,1,2,9,0,2,35,TRAINING,0,0,1,7,47563120,4e6ca280,3195
238,1,2,9,0,2,36,TRAINING,5,6,1,5,47163520,4e2ca680,7183
238,1,2,9,0,2,37,TRAINING,4,4,1,0,47136520,4e2ac680,3737
238,1,2,9,0,2,38,TRAINING,3,10,0,3,42136570,482ac6e0,2955
238,1,2,9,0,2,39,TRAINING,7,14,0,6,42536170,486ac2e0,4428
238,1,2,9,0,2,40,TRAINING,1,2,0,5,62534170,c86a42e0,2703
238,1,2,9,0,2,41,TEST,4,4,1,1,true,7090
238,1,2,9,0,2,42,TEST,5,6,1,0,false,2250
238,1,2,9,0,2,43,TEST,7,14,0,0,true,2878
238,1,2,9,0,2,44,TEST,1,2,0,1,false,2650
238,1,2,9,0,2,45,TEST,3,10,0,0,true,1838
238,1,2,9,0,2,46,TEST,2,8,1,0,false,1992
238,1,2,9,0,2,47,TEST,6,12,0,1,false,1674
238,1,2,9,0,2,48,TEST,0,0,1,0,false,2743
238,1,2,9,0,3,49,TRAINING,2,8,1,2,46213075,4c82a0e6,8180
238,1,2,9,0,3,50,TRAINING,1,2,0,3,47213065,4e82a0c6,5574
238,1,2,9,0,3,51,TRAINING,3,10,0,7,47215063,4e8260ca,3013
238,1,2,9,0,3,52,TRAINING,0,0,1,2,47015263,4e0268ca,3014
238,1,2,9,0,3,53,TRAINING,0,0,1,2,17045263,2e0468ca,2537
238,1,2,9,0,3,54,TRAINING,6,12,0,6,13045267,2a0468ce,9508
238,1,2,9,0,3,55,TRAINING,6,12,0,6,13025467,2a0864ce,5044
238,1,2,9,0,3,56,TRAINING,2,8,1,5,13045267,2a0468ce,2799
238,1,2,9,0,3,57,TRAINING,7,14,0,0,73045261,ea0468c2,5199
238,1,2,9,0,3,58,TRAINING,1,2,0,4,73041265,ea0428c6,2923
238,1,2,9,0,3,59,TRAINING,5,6,1,6,73041256,ea04286c,4225
238,1,2,9,0,3,60,TRAINING,4,4,1,3,76041253,ec04286a,3476
238,1,2,9,0,3,61,TRAINING,5,6,1,6,72041653,e8042c6a,3114
238,1,2,9,0,3,62,TRAINING,3,10,0,4,72043651,e804ac62,3041
238,1,2,9,0,3,63,TRAINING,4,4,1,3,72043156,e804a26c,2711
238,1,2,9,0,3,64,TRAINING,7,14,0,0,72043651,e804ac62,3171
238,1,2,9,0,3,65,TEST,3,10,0,0,true,1765
238,1,2,9,0,3,66,TEST,6,12,0,0,true,917
238,1,2,9,0,3,67,TEST,7,14,0,0,true,2301
238,1,2,9,0,3,68,TEST,1,2,0,0,true,2534
238,1,2,9,0,3,69,TEST,4,4,1,1,true,2139
238,1,2,9,0,3,70,TEST,0,0,1,0,false,2965
238,1,2,9,0,3,71,TEST,2,8,1,0,false,880
238,1,2,9,0,3,72,TEST,5,6,1,1,true,1421
238,1,2,9,0,4,73,TRAINING,2,8,1,7,74036152,e40ac268,7738
238,1,2,9,0,4,74,TRAINING,5,6,1,6,74031652,e40a2c68,2602
238,1,2,9,0,4,75,TRAINING,2,8,1,7,74061352,e40c2a68,2693
238,1,2,9,0,4,76,TRAINING,3,10,0,5,71064352,e20c4a68,7733
238,1,2,9,0,4,77,TRAINING,0,0,1,2,76014352,ec024a68,2460
238,1,2,9,0,4,78,TRAINING,4,4,1,7,76012354,ec028a64,3849
238,1,2,9,0,4,79,TRAINING,5,6,1,6,16072354,2c0e8a64,2578
238,1,2,9,0,4,80,TRAINING,1,2,0,0,12076354,280eca64,4260
238,1,2,9,0,4,81,TRAINING,7,14,0,3,13076254,2a0ec864,2358
238,1,2,9,0,4,82,TRAINING,0,0,1,2,13076245,2a0ec846,2500
238,1,2,9,0,4,83,TRAINING,1,2,0,0,15076243,260ec84a,3942
238,1,2,9,0,4,84,TRAINING,6,12,0,4,15076342,260eca48,3812
238,1,2,9,0,4,85,TRAINING,4,4,1,3,15046372,2604cae8,6459
238,1,2,9,0,4,86,TRAINING,3,10,0,6,15046732,2604cea8,4609
238,1,2,9,0,4,87,TRAINING,6,12,0,0,65041732,c6042ea8,3899
238,1,2,9,0,4,88,TRAINING,7,14,0,5,65021734,c6082ea4,2782
238,1,2,9,0,4,89,TEST,7,14,0,0,true,3329
238,1,2,9,0,4,90,TEST,1,2,0,0,true,1774
238,1,2,9,0,4,91,TEST,2,8,1,1,true,1609
238,1,2,9,0,4,92,TEST,6,12,0,0,true,3293
238,1,2,9,0,4,93,TEST,3,10,0,0,true,1452
238,1,2,9,0,4,94,TEST,0,0,1,1,true,2693
238,1,2,9,0,4,95,TEST,5,6,1,1,true,2468
238,1,2,9,0,4,96,TEST,4,4,1,1,true,745
238,1,2,9,0,5,97,TRAINING,1,2,0,1,41762035,42ec80a6,8460
238,1,2,9,0,5,98,TRAINING,0,0,1,5,41362075,42ac80e6,3634
238,1,2,9,0,5,99,TRAINING,5,6,1,7,21364075,82ac40e6,4741
238,1,2,9,0,5,100,TRAINING,2,8,1,0,24361075,84ac20e6,4598
238,1,2,9,0,5,101,TRAINING,3,10,0,2,24367015,84ace026,3190
238,1,2,9,0,5,102,TRAINING,6,12,0,7,24357016,84a6e02c,4338
238,1,2,9,0,5,103,TRAINING,7,14,0,4,21357046,82a6e04c,3754
238,1,2,9,0,5,104,TRAINING,4,4,1,6,23157046,8a26e04c,5727
238,1,2,9,0,5,105,TRAINING,2,8,1,1,32157046,a826e04c,2875
238,1,2,9,0,5,106,TRAINING,7,14,0,3,32175046,a82e604c,3334
238,1,2,9,0,5,107,TRAINING,4,4,1,6,12375046,28ae604c,2439
238,1,2,9,0,5,108,TRAINING,6,12,0,7,12075346,280e6a4c,3371
238,1,2,9,0,5,109,TRAINING,3,10,0,4,12073546,280ea64c,3118
238,1,2,9,0,5,110,TRAINING,0,0,1,2,12073456,280ea46c,2355
238,1,2,9,0,5,111,TRAINING,1,2,0,0,12053476,2806a4ec,2552
238,1,2,9,0,5,112,TRAINING,5,6,1,7,12063475,280ca4e6,4642
238,1,2,9,0,5,113,TEST,5,6,1,1,true,2618
238,1,2,9,0,5,114,TEST,6,12,0,0,true,1442
238,1,2,9,0,5,115,TEST,7,14,0,0,true,1832
238,1,2,9,0,5,116,TEST,2,8,1,1,true,1510
238,1,2,9,0,5,117,TEST,3,10,0,0,true,2011
238,1,2,9,0,5,118,TEST,1,2,0,0,true,1024
238,1,2,9,0,5,119,TEST,0,0,1,1,true,1549
238,1,2,9,0,5,120,TEST,4,4,1,1,true,1084
238,1,2,9,0,INSTRUCT,postquestionnaire,2

rulestrategy:First few trials I just tried to figure out a relationship between a couple and then as further trials I went through I had a couple more blocks to what I knew already.  I determined that all solids belonged in the same group first, the i learned all dots only belonged to a, then i learned that all purples with lines belonged to b, then i learned that all blues with either dots or lines belonged to a.
howtoimprove:The experiment was fine.  I have no suggestions as tohow to improve it.
engagement:10
difficulty:7
physicalaids:no