241,1,0,21,2,INSTRUCT,instruct1,11468
241,1,0,21,2,INSTRUCT,instructCatExample,12519
241,1,0,21,2,INSTRUCT,instructCatColor,7765
241,1,0,21,2,INSTRUCT,instructCatStripe,11942
241,1,0,21,2,INSTRUCT,instructDemoIntro,49127
241,1,0,21,2,INSTRUCT,instructDemo,20408
241,1,0,21,2,INSTRUCT,instructTest,22469
241,1,0,21,2,INSTRUCT,instructTest2,24967
241,1,0,21,2,INSTRUCT,instructDimColor,22751
241,1,0,21,2,INSTRUCT,instructDimBorder,6664
241,1,0,21,2,INSTRUCT,instructDimDots,7477
241,1,0,21,2,INSTRUCT,instructDimStripe,4303
241,1,0,21,2,INSTRUCT,instructDimAll,26070
241,1,0,21,2,INSTRUCT,instructFinal,13680
241,1,0,21,2,1,1,TRAINING,5,13,1,1,75260413,5d048c91,7440
241,1,0,21,2,1,2,TRAINING,1,9,1,6,65270413,4d058c91,10843
241,1,0,21,2,1,3,TRAINING,7,5,1,3,65470213,4dc58091,2842
241,1,0,21,2,1,4,TRAINING,2,0,0,2,65270413,4d058c91,4651
241,1,0,21,2,1,5,TRAINING,0,8,0,6,65271403,4d059c81,2652
241,1,0,21,2,1,6,TRAINING,4,12,0,5,35271406,1d059c84,2042
241,1,0,21,2,1,7,TRAINING,3,1,1,0,37251406,150d9c84,2187
241,1,0,21,2,1,8,TRAINING,6,4,0,4,37256401,150d4c89,2124
241,1,0,21,2,1,9,TRAINING,7,5,1,7,31256407,190d4c85,2179
241,1,0,21,2,1,10,TRAINING,1,9,1,3,35216407,1d094c85,1899
241,1,0,21,2,1,11,TRAINING,0,8,0,0,05216437,8d094c15,2170
241,1,0,21,2,1,12,TRAINING,5,13,1,1,05214637,8d09c415,1563
241,1,0,21,2,1,13,TRAINING,2,0,0,2,05264137,8d04c915,1683
241,1,0,21,2,1,14,TRAINING,4,12,0,5,05261437,8d049c15,1708
241,1,0,21,2,1,15,TRAINING,6,4,0,4,05216437,8d094c15,1956
241,1,0,21,2,1,16,TRAINING,3,1,1,1,03216457,81094cd5,1598
241,1,0,21,2,1,17,TEST,6,4,0,0,true,3714
241,1,0,21,2,1,18,TEST,4,12,0,0,true,1109
241,1,0,21,2,1,19,TEST,1,9,1,1,true,675
241,1,0,21,2,1,20,TEST,2,0,0,1,false,1812
241,1,0,21,2,1,21,TEST,7,5,1,0,false,1012
241,1,0,21,2,1,22,TEST,3,1,1,0,false,866
241,1,0,21,2,1,23,TEST,5,13,1,0,false,691
241,1,0,21,2,1,24,TEST,0,8,0,1,false,1005
241,1,0,21,2,2,25,TRAINING,3,1,1,6,21540637,09dc8415,6752
241,1,0,21,2,2,26,TRAINING,5,13,1,2,21570634,09d5841c,6651
241,1,0,21,2,2,27,TRAINING,7,5,1,4,21507634,09d8541c,2219
241,1,0,21,2,2,28,TRAINING,6,4,0,5,24507631,0cd85419,2346
241,1,0,21,2,2,29,TRAINING,2,0,0,1,42507631,c0d85419,1602
241,1,0,21,2,2,30,TRAINING,5,13,1,4,42705631,c058d419,1660
241,1,0,21,2,2,31,TRAINING,1,9,1,7,32705641,1058d4c9,1675
241,1,0,21,2,2,32,TRAINING,6,4,0,5,32075641,1085d4c9,2091
241,1,0,21,2,2,33,TRAINING,3,1,1,1,23075641,0185d4c9,1394
241,1,0,21,2,2,34,TRAINING,4,12,0,6,23071645,018594cd,1818
241,1,0,21,2,2,35,TRAINING,7,5,1,5,23061745,018495cd,1483
241,1,0,21,2,2,36,TRAINING,1,9,1,1,21063745,098415cd,1523
241,1,0,21,2,2,37,TRAINING,4,12,0,2,21463705,09c4158d,1861
241,1,0,21,2,2,38,TRAINING,2,0,0,0,21453706,09cd1584,1883
241,1,0,21,2,2,39,TRAINING,0,8,0,6,27453106,05cd1984,1850
241,1,0,21,2,2,40,TRAINING,0,8,0,6,24753106,0c5d1984,1836
241,1,0,21,2,2,41,TEST,3,1,1,1,true,1722
241,1,0,21,2,2,42,TEST,4,12,0,0,true,700
241,1,0,21,2,2,43,TEST,1,9,1,1,true,940
241,1,0,21,2,2,44,TEST,5,13,1,1,true,756
241,1,0,21,2,2,45,TEST,2,0,0,0,true,1147
241,1,0,21,2,2,46,TEST,6,4,0,0,true,724
241,1,0,21,2,2,47,TEST,0,8,0,0,true,2412
241,1,0,21,2,2,48,TEST,7,5,1,1,true,1116
241,1,0,21,2,3,49,TRAINING,4,12,0,4,23104567,0198cd45,3395
241,1,0,21,2,3,50,TRAINING,7,5,1,7,23104657,0198c4d5,2562
241,1,0,21,2,3,51,TRAINING,4,12,0,4,13204657,9108c4d5,3986
241,1,0,21,2,3,52,TRAINING,6,4,0,5,13254607,910dc485,3498
241,1,0,21,2,3,53,TRAINING,6,4,0,5,23154607,019dc485,1795
241,1,0,21,2,3,54,TRAINING,7,5,1,7,25134607,0d91c485,2523
241,1,0,21,2,3,55,TRAINING,2,0,0,0,21534607,09d1c485,1979
241,1,0,21,2,3,56,TRAINING,2,0,0,0,21564307,09d4c185,1956
241,1,0,21,2,3,57,TRAINING,0,8,0,4,21560347,09d481c5,1531
241,1,0,21,2,3,58,TRAINING,3,1,1,7,21560743,09d485c1,1459
241,1,0,21,2,3,59,TRAINING,3,1,1,7,21570643,09d584c1,1562
241,1,0,21,2,3,60,TRAINING,0,8,0,4,21670543,09458dc1,1844
241,1,0,21,2,3,61,TRAINING,1,9,1,0,12670543,90458dc1,1300
241,1,0,21,2,3,62,TRAINING,5,13,1,5,14670523,9c458d01,1580
241,1,0,21,2,3,63,TRAINING,1,9,1,0,14673520,9c451d08,1571
241,1,0,21,2,3,64,TRAINING,5,13,1,5,14673502,9c451d80,1618
241,1,0,21,2,3,65,TEST,6,4,0,0,true,978
241,1,0,21,2,3,66,TEST,1,9,1,1,true,532
241,1,0,21,2,3,67,TEST,4,12,0,0,true,851
241,1,0,21,2,3,68,TEST,7,5,1,1,true,2332
241,1,0,21,2,3,69,TEST,3,1,1,1,true,629
241,1,0,21,2,3,70,TEST,5,13,1,1,true,637
241,1,0,21,2,3,71,TEST,2,0,0,0,true,548
241,1,0,21,2,3,72,TEST,0,8,0,0,true,548
241,1,0,21,2,INSTRUCT,postquestionnaire,1

rulestrategy:I started with color of borders. then waited to see if colors are lines inside other colored borders changed the rule
howtoimprove:
engagement:10
difficulty:7
physicalaids:no