243,1,1,9,15,INSTRUCT,instruct1,10608
243,1,1,9,15,INSTRUCT,instructCatExample,9559
243,1,1,9,15,INSTRUCT,instructCatColor,6478
243,1,1,9,15,INSTRUCT,instructCatStripe,11673
243,1,1,9,15,INSTRUCT,instructDemoIntro,41642
243,1,1,9,15,INSTRUCT,instructDemo,80633
243,1,1,9,15,INSTRUCT,instructTest,33473
243,1,1,9,15,INSTRUCT,instructTest2,43602
243,1,1,9,15,INSTRUCT,instructDimColor,11817
243,1,1,9,15,INSTRUCT,instructDimBorder,5119
243,1,1,9,15,INSTRUCT,instructDimDots,6249
243,1,1,9,15,INSTRUCT,instructDimStripe,4573
243,1,1,9,15,INSTRUCT,instructDimAll,15120
243,1,1,9,15,INSTRUCT,instructFinal,33974
243,1,1,9,15,1,1,TRAINING,2,7,1,6,67134520,31d5b97f,1519
243,1,1,9,15,1,2,TRAINING,6,3,1,0,63174520,35d1b97f,2041
243,1,1,9,15,1,3,TRAINING,7,1,0,5,63154720,35d9b17f,1857
243,1,1,9,15,1,4,TRAINING,3,5,0,2,61354720,3d59b17f,2414
243,1,1,9,15,1,5,TRAINING,4,11,0,4,61354702,3d59b1f7,2622
243,1,1,9,15,1,6,TRAINING,1,13,1,1,61354207,3d59b7f1,3330
243,1,1,9,15,1,7,TRAINING,4,11,0,4,61754203,3d19b7f5,1832
243,1,1,9,15,1,8,TRAINING,5,9,1,3,61754302,3d19b5f7,2161
243,1,1,9,15,1,9,TRAINING,0,15,0,6,61254307,3d79b5f1,4853
243,1,1,9,15,1,10,TRAINING,2,7,1,0,21654307,7d39b5f1,2550
243,1,1,9,15,1,11,TRAINING,5,9,1,3,21456307,7db935f1,4308
243,1,1,9,15,1,12,TRAINING,3,5,0,5,21457306,7db915f3,1732
243,1,1,9,15,1,13,TRAINING,7,1,0,4,21457360,7db9153f,2617
243,1,1,9,15,1,14,TRAINING,0,15,0,2,21057364,7df9153b,2529
243,1,1,9,15,1,15,TRAINING,1,13,1,1,51027364,9df7153b,3449
243,1,1,9,15,1,16,TRAINING,6,3,1,4,51026374,9df7351b,4546
243,1,1,9,15,1,17,TEST,0,15,0,1,false,4276
243,1,1,9,15,1,18,TEST,2,7,1,1,true,5554
243,1,1,9,15,1,19,TEST,6,3,1,0,false,1757
243,1,1,9,15,1,20,TEST,7,1,0,0,true,5532
243,1,1,9,15,1,21,TEST,4,11,0,1,false,4113
243,1,1,9,15,1,22,TEST,3,5,0,0,true,5351
243,1,1,9,15,1,23,TEST,5,9,1,1,true,1813
243,1,1,9,15,1,24,TEST,1,13,1,1,true,2603
243,1,1,9,15,2,25,TRAINING,6,3,1,7,15274306,d971b5f3,5338
243,1,1,9,15,2,26,TRAINING,7,1,0,3,05274316,f971b5d3,2646
243,1,1,9,15,2,27,TRAINING,1,13,1,4,05271346,f971d5b3,4383
243,1,1,9,15,2,28,TRAINING,5,9,1,5,03271546,f571d9b3,3623
243,1,1,9,15,2,29,TRAINING,0,15,0,0,03261547,f573d9b1,3050
243,1,1,9,15,2,30,TRAINING,1,13,1,1,01263547,fd7359b1,4158
243,1,1,9,15,2,31,TRAINING,0,15,0,0,01253647,fd7953b1,1990
243,1,1,9,15,2,32,TRAINING,5,9,1,3,01253467,fd795b31,3485
243,1,1,9,15,2,33,TRAINING,2,7,1,2,01257463,fd791b35,2218
243,1,1,9,15,2,34,TRAINING,6,3,1,5,01257643,fd7913b5,1615
243,1,1,9,15,2,35,TRAINING,3,5,0,6,01257634,fd79135b,1869
243,1,1,9,15,2,36,TRAINING,7,1,0,4,10257634,df79135b,2244
243,1,1,9,15,2,37,TRAINING,3,5,0,6,01257634,fd79135b,2001
243,1,1,9,15,2,38,TRAINING,4,11,0,7,21057634,7df9135b,1821
243,1,1,9,15,2,39,TRAINING,2,7,1,0,20157634,7fd9135b,2216
243,1,1,9,15,2,40,TRAINING,4,11,0,7,20751634,7f19d35b,1918
243,1,1,9,15,2,41,TEST,1,13,1,1,true,2153
243,1,1,9,15,2,42,TEST,5,9,1,1,true,1298
243,1,1,9,15,2,43,TEST,0,15,0,0,true,994
243,1,1,9,15,2,44,TEST,7,1,0,0,true,1331
243,1,1,9,15,2,45,TEST,6,3,1,1,true,728
243,1,1,9,15,2,46,TEST,4,11,0,1,false,1007
243,1,1,9,15,2,47,TEST,2,7,1,1,true,701
243,1,1,9,15,2,48,TEST,3,5,0,0,true,596
243,1,1,9,15,3,49,TRAINING,3,5,0,5,10675342,df3195b7,4859
243,1,1,9,15,3,50,TRAINING,1,13,1,1,01675342,fd3195b7,1907
243,1,1,9,15,3,51,TRAINING,7,1,0,0,71605342,1d3f95b7,2068
243,1,1,9,15,3,52,TRAINING,5,9,1,4,71605432,1d3f9b57,1816
243,1,1,9,15,3,53,TRAINING,2,7,1,1,72605431,173f9b5d,1861
243,1,1,9,15,3,54,TRAINING,4,11,0,5,12605437,d73f9b51,1662
243,1,1,9,15,3,55,TRAINING,1,13,1,0,12635407,d7359bf1,3060
243,1,1,9,15,3,56,TRAINING,2,7,1,3,13625407,d5379bf1,1942
243,1,1,9,15,3,57,TRAINING,3,5,0,7,17625403,d1379bf5,1828
243,1,1,9,15,3,58,TRAINING,0,15,0,1,10625473,df379b15,2626
243,1,1,9,15,3,59,TRAINING,5,9,1,5,10624573,df37b915,2022
243,1,1,9,15,3,60,TRAINING,6,3,1,2,10624537,df37b951,2301
243,1,1,9,15,3,61,TRAINING,4,11,0,7,10627534,df37195b,5450
243,1,1,9,15,3,62,TRAINING,6,3,1,2,10625734,df37915b,2539
243,1,1,9,15,3,63,TRAINING,7,1,0,1,17625034,d1379f5b,2209
243,1,1,9,15,3,64,TRAINING,0,15,0,5,57621034,9137df5b,2195
243,1,1,9,15,3,65,TEST,1,13,1,0,false,1101
243,1,1,9,15,3,66,TEST,7,1,0,0,true,2289
243,1,1,9,15,3,67,TEST,4,11,0,0,true,3327
243,1,1,9,15,3,68,TEST,0,15,0,1,false,873
243,1,1,9,15,3,69,TEST,2,7,1,1,true,1671
243,1,1,9,15,3,70,TEST,5,9,1,0,false,929
243,1,1,9,15,3,71,TEST,6,3,1,1,true,874
243,1,1,9,15,3,72,TEST,3,5,0,0,true,1980
243,1,1,9,15,4,73,TRAINING,6,3,1,5,10245673,df7b9315,2520
243,1,1,9,15,4,74,TRAINING,5,9,1,4,10345672,df5b9317,1890
243,1,1,9,15,4,75,TRAINING,1,13,1,2,30145672,5fdb9317,3536
243,1,1,9,15,4,76,TRAINING,3,5,0,0,30175642,5fd193b7,5253
243,1,1,9,15,4,77,TRAINING,3,5,0,0,35170642,59d1f3b7,2881
243,1,1,9,15,4,78,TRAINING,0,15,0,1,30175642,5fd193b7,3466
243,1,1,9,15,4,79,TRAINING,0,15,0,1,30157642,5fd913b7,3615
243,1,1,9,15,4,80,TRAINING,7,1,0,4,30157246,5fd917b3,2095
243,1,1,9,15,4,81,TRAINING,4,11,0,5,30157426,5fd91b73,3024
243,1,1,9,15,4,82,TRAINING,2,7,1,3,30127456,5fd71b93,2579
243,1,1,9,15,4,83,TRAINING,7,1,0,4,60127453,3fd71b95,2152
243,1,1,9,15,4,84,TRAINING,5,9,1,6,61027453,3df71b95,1567
243,1,1,9,15,4,85,TRAINING,4,11,0,3,61047253,3dfb1795,2118
243,1,1,9,15,4,86,TRAINING,2,7,1,5,63047251,35fb179d,3075
243,1,1,9,15,4,87,TRAINING,1,13,1,7,63045271,35fb971d,4943
243,1,1,9,15,4,88,TRAINING,6,3,1,0,63075241,35f197bd,2370
243,1,1,9,15,4,89,TEST,5,9,1,0,false,1002
243,1,1,9,15,4,90,TEST,0,15,0,1,false,2738
243,1,1,9,15,4,91,TEST,4,11,0,1,false,1113
243,1,1,9,15,4,92,TEST,1,13,1,0,false,806
243,1,1,9,15,4,93,TEST,3,5,0,0,true,1131
243,1,1,9,15,4,94,TEST,6,3,1,1,true,945
243,1,1,9,15,4,95,TEST,2,7,1,1,true,664
243,1,1,9,15,4,96,TEST,7,1,0,0,true,947
243,1,1,9,15,5,97,TRAINING,7,1,0,1,27643015,713b5fd9,1869
243,1,1,9,15,5,98,TRAINING,3,5,0,4,27143065,71db5f39,2100
243,1,1,9,15,5,99,TRAINING,0,15,0,6,27143605,71db53f9,2272
243,1,1,9,15,5,100,TRAINING,6,3,1,5,17243605,d17b53f9,3629
243,1,1,9,15,5,101,TRAINING,2,7,1,1,12743605,d71b53f9,3485
243,1,1,9,15,5,102,TRAINING,1,13,1,2,72143605,17db53f9,2765
243,1,1,9,15,5,103,TRAINING,0,15,0,6,72146305,17db35f9,1781
243,1,1,9,15,5,104,TRAINING,5,9,1,3,72156304,17d935fb,3451
243,1,1,9,15,5,105,TRAINING,2,7,1,1,42156307,b7d935f1,1866
243,1,1,9,15,5,106,TRAINING,1,13,1,2,42156037,b7d93f51,5192
243,1,1,9,15,5,107,TRAINING,7,1,0,7,42165037,b7d39f51,2027
243,1,1,9,15,5,108,TRAINING,4,11,0,6,32165047,57d39fb1,1843
243,1,1,9,15,5,109,TRAINING,4,11,0,6,23165047,75d39fb1,4708
243,1,1,9,15,5,110,TRAINING,6,3,1,5,23105647,75df93b1,1745
243,1,1,9,15,5,111,TRAINING,5,9,1,4,03125647,f5d793b1,2863
243,1,1,9,15,5,112,TRAINING,3,5,0,1,73125640,15d793bf,4889
243,1,1,9,15,5,113,TEST,0,15,0,0,true,4968
243,1,1,9,15,5,114,TEST,1,13,1,0,false,7697
243,1,1,9,15,5,115,TEST,7,1,0,0,true,697
243,1,1,9,15,5,116,TEST,2,7,1,1,true,986
243,1,1,9,15,5,117,TEST,5,9,1,1,true,2015
243,1,1,9,15,5,118,TEST,3,5,0,0,true,1110
243,1,1,9,15,5,119,TEST,4,11,0,1,false,1954
243,1,1,9,15,5,120,TEST,6,3,1,1,true,804
243,1,1,9,15,6,121,TRAINING,1,13,1,1,41705326,bd1f9573,2026
243,1,1,9,15,6,122,TRAINING,4,11,0,0,41765320,bd13957f,3453
243,1,1,9,15,6,123,TRAINING,7,1,0,3,41675320,bd31957f,3932
243,1,1,9,15,6,124,TRAINING,1,13,1,1,41672350,bd31759f,1963
243,1,1,9,15,6,125,TRAINING,3,5,0,5,41675320,bd31957f,3646
243,1,1,9,15,6,126,TRAINING,5,9,1,6,41672350,bd31759f,3343
243,1,1,9,15,6,127,TRAINING,7,1,0,3,41276350,bd71359f,2239
243,1,1,9,15,6,128,TRAINING,4,11,0,7,01276354,fd71359b,1973
243,1,1,9,15,6,129,TRAINING,2,7,1,2,61270354,3d71f59b,2878
243,1,1,9,15,6,130,TRAINING,3,5,0,4,61273054,3d715f9b,1551
243,1,1,9,15,6,131,TRAINING,0,15,0,0,01273654,fd71539b,1892
243,1,1,9,15,6,132,TRAINING,5,9,1,6,01723654,fd17539b,2383
243,1,1,9,15,6,133,TRAINING,6,3,1,5,01273654,fd71539b,1658
243,1,1,9,15,6,134,TRAINING,6,3,1,5,01372654,fd51739b,1786
243,1,1,9,15,6,135,TRAINING,2,7,1,7,01374652,fd51b397,1543
243,1,1,9,15,6,136,TRAINING,0,15,0,0,01574632,fd91b357,3037
243,1,1,9,15,6,137,TEST,1,13,1,0,false,2812
243,1,1,9,15,6,138,TEST,0,15,0,1,false,1322
243,1,1,9,15,6,139,TEST,6,3,1,1,true,666
243,1,1,9,15,6,140,TEST,4,11,0,1,false,2899
243,1,1,9,15,6,141,TEST,5,9,1,1,true,1337
243,1,1,9,15,6,142,TEST,3,5,0,0,true,1031
243,1,1,9,15,6,143,TEST,2,7,1,1,true,1529
243,1,1,9,15,6,144,TEST,7,1,0,0,true,829
243,1,1,9,15,7,145,TRAINING,1,13,1,1,41732506,bd1579f3,7071
243,1,1,9,15,7,146,TRAINING,2,7,1,4,41732605,bd1573f9,3575
243,1,1,9,15,7,147,TRAINING,2,7,1,4,41632705,bd3571f9,1696
243,1,1,9,15,7,148,TRAINING,6,3,1,2,41632075,bd357f19,3003
243,1,1,9,15,7,149,TRAINING,7,1,0,6,40632175,bf357d19,1962
243,1,1,9,15,7,150,TRAINING,5,9,1,7,04632175,fb357d19,1874
243,1,1,9,15,7,151,TRAINING,7,1,0,6,04612375,fb3d7519,6376
243,1,1,9,15,7,152,TRAINING,1,13,1,1,01642375,fd3b7519,1939
243,1,1,9,15,7,153,TRAINING,4,11,0,5,01632475,fd357b19,2800
243,1,1,9,15,7,154,TRAINING,6,3,1,2,31602475,5d3f7b19,3285
243,1,1,9,15,7,155,TRAINING,5,9,1,7,32601475,573fdb19,3846
243,1,1,9,15,7,156,TRAINING,3,5,0,0,37601425,513fdb79,1958
243,1,1,9,15,7,157,TRAINING,0,15,0,5,37641025,513bdf79,2481
243,1,1,9,15,7,158,TRAINING,3,5,0,0,37642015,513b7fd9,2331
243,1,1,9,15,7,159,TRAINING,4,11,0,3,37642051,513b7f9d,3914
243,1,1,9,15,7,160,TRAINING,0,15,0,5,37142056,51db7f93,3150
243,1,1,9,15,7,161,TEST,5,9,1,1,true,1698
243,1,1,9,15,7,162,TEST,1,13,1,1,true,688
243,1,1,9,15,7,163,TEST,0,15,0,0,true,3407
243,1,1,9,15,7,164,TEST,2,7,1,1,true,1748
243,1,1,9,15,7,165,TEST,4,11,0,0,true,4535
243,1,1,9,15,7,166,TEST,7,1,0,0,true,5303
243,1,1,9,15,7,167,TEST,3,5,0,0,true,2100
243,1,1,9,15,7,168,TEST,6,3,1,1,true,1098
243,1,1,9,15,8,169,TRAINING,3,5,0,1,03465217,f5b397d1,1656
243,1,1,9,15,8,170,TRAINING,6,3,1,3,03564217,f593b7d1,1964
243,1,1,9,15,8,171,TRAINING,0,15,0,4,43560217,b593f7d1,3982
243,1,1,9,15,8,172,TRAINING,3,5,0,1,43260517,b573f9d1,4257
243,1,1,9,15,8,173,TRAINING,1,13,1,6,43560217,b593f7d1,2432
243,1,1,9,15,8,174,TRAINING,7,1,0,7,43562017,b5937fd1,2042
243,1,1,9,15,8,175,TRAINING,0,15,0,5,23564017,7593bfd1,3844
243,1,1,9,15,8,176,TRAINING,7,1,0,7,23514067,759dbf31,2338
243,1,1,9,15,8,177,TRAINING,2,7,1,0,25314067,795dbf31,2555
243,1,1,9,15,8,178,TRAINING,5,9,1,5,20314567,7f5db931,1549
243,1,1,9,15,8,179,TRAINING,1,13,1,3,26314507,735db9f1,4768
243,1,1,9,15,8,180,TRAINING,2,7,1,2,36214507,537db9f1,2073
243,1,1,9,15,8,181,TRAINING,4,11,0,4,76214503,137db9f5,3381
243,1,1,9,15,8,182,TRAINING,4,11,0,4,76254103,1379bdf5,1590
243,1,1,9,15,8,183,TRAINING,5,9,1,1,75264103,1973bdf5,2546
243,1,1,9,15,8,184,TRAINING,6,3,1,5,75214603,197db3f5,1922
243,1,1,9,15,8,185,TEST,1,13,1,1,true,1654
243,1,1,9,15,8,186,TEST,0,15,0,0,true,867
243,1,1,9,15,8,187,TEST,2,7,1,1,true,960
243,1,1,9,15,8,188,TEST,3,5,0,0,true,870
243,1,1,9,15,8,189,TEST,4,11,0,0,true,1161
243,1,1,9,15,8,190,TEST,6,3,1,1,true,1879
243,1,1,9,15,8,191,TEST,7,1,0,0,true,1684
243,1,1,9,15,8,192,TEST,5,9,1,1,true,3498
243,1,1,9,15,INSTRUCT,postquestionnaire,2

rulestrategy:Smooth purple squares were A, and dotted purple squares were B.  Plain blue squares were B, smooth blue squares with a stripe were B, dotted blue squares without a stripe were A, and dotted and striped blue squares were A.
howtoimprove:None.
engagement:9
difficulty:9
physicalaids:no