246,0,2,1,13,INSTRUCT,instruct1,10773
246,0,2,1,13,INSTRUCT,instructCatExample,8443
246,0,2,1,13,INSTRUCT,instructCatColor,5736
246,0,2,1,13,INSTRUCT,instructCatStripe,3975
246,0,2,1,13,INSTRUCT,instructDemoIntro,5867
246,0,2,1,13,INSTRUCT,instructDemo,38888
246,0,2,1,13,INSTRUCT,instructTest,19238
246,0,2,1,13,INSTRUCT,instructTest2,1688
246,0,2,1,13,INSTRUCT,instructDimColor,7311
246,0,2,1,13,INSTRUCT,instructDimBorder,3045
246,0,2,1,13,INSTRUCT,instructDimDots,9767
246,0,2,1,13,INSTRUCT,instructDimStripe,4075
246,0,2,1,13,INSTRUCT,instructDimAll,2431
246,0,2,1,13,INSTRUCT,instructFinal,1998
246,0,2,1,13,1,1,TRAINING,5,1,1,0,54312076,15b3f79d,2058
246,0,2,1,13,1,2,TRAINING,4,5,1,2,53412076,1b53f79d,1122
246,0,2,1,13,1,3,TRAINING,0,7,1,5,51432076,135bf79d,1421
246,0,2,1,13,1,4,TRAINING,7,9,0,6,52431076,1f5b379d,1986
246,0,2,1,13,1,5,TRAINING,6,13,0,7,52134076,1f3b579d,1047
246,0,2,1,13,1,6,TRAINING,5,1,1,0,52130476,1f3b759d,1801
246,0,2,1,13,1,7,TRAINING,7,9,0,3,52170436,1f3975bd,1448
246,0,2,1,13,1,8,TRAINING,6,13,0,7,51270436,13f975bd,2644
246,0,2,1,13,1,9,TRAINING,4,5,1,4,51274036,13f957bd,1071
246,0,2,1,13,1,10,TRAINING,0,7,1,0,01274536,73f951bd,1092
246,0,2,1,13,1,11,TRAINING,3,11,0,6,01264537,73fd51b9,1160
246,0,2,1,13,1,12,TRAINING,2,15,1,2,01254637,73f15db9,1065
246,0,2,1,13,1,13,TRAINING,0,7,1,0,01256437,73f1d5b9,1838
246,0,2,1,13,1,14,TRAINING,3,11,0,4,01253467,73f1b5d9,1212
246,0,2,1,13,1,15,TRAINING,6,13,0,6,04253167,75f1b3d9,5513
246,0,2,1,13,1,16,TRAINING,1,3,0,5,07253164,79f1b3d5,1522
246,0,2,1,13,1,17,TEST,4,5,1,1,true,4980
246,0,2,1,13,1,18,TEST,1,3,0,0,true,4563
246,0,2,1,13,1,19,TEST,3,11,0,1,false,1383
246,0,2,1,13,1,20,TEST,2,15,1,0,false,1001
246,0,2,1,13,1,21,TEST,5,1,1,1,true,775
246,0,2,1,13,1,22,TEST,6,13,0,0,true,1260
246,0,2,1,13,1,23,TEST,7,9,0,1,false,654
246,0,2,1,13,1,24,TEST,0,7,1,1,true,2258
246,0,2,1,13,2,25,TRAINING,5,1,1,0,50467321,175d9bf3,3535
246,0,2,1,13,2,26,TRAINING,0,7,1,6,52467301,1f5d9b73,1425
246,0,2,1,13,2,27,TRAINING,6,13,0,5,52437601,1f5b9d73,1271
246,0,2,1,13,2,28,TRAINING,7,9,0,0,72435601,9f5b1d73,1001
246,0,2,1,13,2,29,TRAINING,2,15,1,1,72453601,9f51bd73,1358
246,0,2,1,13,2,30,TRAINING,0,7,1,4,72450631,9f517db3,950
246,0,2,1,13,2,31,TRAINING,3,11,0,6,72540631,9f157db3,1226
246,0,2,1,13,2,32,TRAINING,1,3,0,7,62540731,df1579b3,1331
246,0,2,1,13,2,33,TRAINING,6,13,0,1,26540731,fd1579b3,1287
246,0,2,1,13,2,34,TRAINING,4,5,1,3,26740531,fd9571b3,1332
246,0,2,1,13,2,35,TRAINING,3,11,0,6,06742531,7d95f1b3,1266
246,0,2,1,13,2,36,TRAINING,7,9,0,2,56742031,1d95f7b3,2054
246,0,2,1,13,2,37,TRAINING,0,7,1,5,56712034,1d93f7b5,1280
246,0,2,1,13,2,38,TRAINING,2,15,1,0,26715034,fd9317b5,1046
246,0,2,1,13,2,39,TRAINING,4,5,1,7,26713054,fd93b715,1000
246,0,2,1,13,2,40,TRAINING,5,1,1,6,23716054,fb93d715,1054
246,0,2,1,13,2,41,TEST,1,3,0,1,false,860
246,0,2,1,13,2,42,TEST,5,1,1,1,true,443
246,0,2,1,13,2,43,TEST,0,7,1,1,true,865
246,0,2,1,13,2,44,TEST,4,5,1,1,true,400
246,0,2,1,13,2,45,TEST,2,15,1,1,true,2145
246,0,2,1,13,2,46,TEST,6,13,0,0,true,590
246,0,2,1,13,2,47,TEST,3,11,0,0,true,561
246,0,2,1,13,2,48,TEST,7,9,0,0,true,334
246,0,2,1,13,3,49,TRAINING,0,7,1,0,03261475,7bfd3591,2265
246,0,2,1,13,3,50,TRAINING,3,11,0,1,03261745,7bfd3951,4517
246,0,2,1,13,3,51,TRAINING,2,15,1,2,03261475,7bfd3591,1612
246,0,2,1,13,3,52,TRAINING,7,9,0,3,03271465,7bf935d1,1395
246,0,2,1,13,3,53,TRAINING,6,13,0,0,63271405,dbf93571,2523
246,0,2,1,13,3,54,TRAINING,1,3,0,4,63271450,dbf93517,951
246,0,2,1,13,3,55,TRAINING,4,5,1,5,63251470,dbf13597,1019
246,0,2,1,13,3,56,TRAINING,3,11,0,7,60251473,d7f1359b,1801
246,0,2,1,13,3,57,TRAINING,7,9,0,3,60271453,d7f9351b,1490
246,0,2,1,13,3,58,TRAINING,2,15,1,2,61270453,d3f9751b,2501
246,0,2,1,13,3,59,TRAINING,1,3,0,7,63270451,dbf97513,1012
246,0,2,1,13,3,60,TRAINING,5,1,1,6,63207451,dbf79513,3423
246,0,2,1,13,3,61,TRAINING,4,5,1,5,63027451,db7f9513,1624
246,0,2,1,13,3,62,TRAINING,7,9,0,1,67023451,d97fb513,1907
246,0,2,1,13,3,63,TRAINING,1,3,0,7,67320451,d9bf7513,1467
246,0,2,1,13,3,64,TRAINING,3,11,0,2,57320461,19bf75d3,3150
246,0,2,1,13,3,65,TEST,3,11,0,1,false,2650
246,0,2,1,13,3,66,TEST,5,1,1,0,false,608
246,0,2,1,13,3,67,TEST,6,13,0,0,true,950
246,0,2,1,13,3,68,TEST,1,3,0,1,false,740
246,0,2,1,13,3,69,TEST,0,7,1,0,false,1542
246,0,2,1,13,3,70,TEST,2,15,1,1,true,835
246,0,2,1,13,3,71,TEST,4,5,1,1,true,961
246,0,2,1,13,3,72,TEST,7,9,0,0,true,316
246,0,2,1,13,4,73,TRAINING,7,9,0,0,73612045,9bd3f751,13466
246,0,2,1,13,4,74,TRAINING,3,11,0,2,76312045,9db3f751,1062
246,0,2,1,13,4,75,TRAINING,6,13,0,5,70312645,97b3fd51,1302
246,0,2,1,13,4,76,TRAINING,1,3,0,3,70314625,97b35df1,4551
246,0,2,1,13,4,77,TRAINING,4,5,1,4,07314625,79b35df1,923
246,0,2,1,13,4,78,TRAINING,6,13,0,5,07314652,79b35d1f,1800
246,0,2,1,13,4,79,TRAINING,5,1,1,6,07214653,79f35d1b,1064
246,0,2,1,13,4,80,TRAINING,3,11,0,7,07241653,79f53d1b,1200
246,0,2,1,13,4,81,TRAINING,5,1,1,6,27041653,f9753d1b,2093
246,0,2,1,13,4,82,TRAINING,2,15,1,1,72041653,9f753d1b,1574
246,0,2,1,13,4,83,TRAINING,0,7,1,2,72014653,9f735d1b,1182
246,0,2,1,13,4,84,TRAINING,1,3,0,6,72054613,9f715d3b,1246
246,0,2,1,13,4,85,TRAINING,4,5,1,7,72053614,9f71bd35,1950
246,0,2,1,13,4,86,TRAINING,0,7,1,0,02753614,7f91bd35,1608
246,0,2,1,13,4,87,TRAINING,5,1,1,3,01753624,7391bdf5,2985
246,0,2,1,13,4,88,TRAINING,2,15,1,6,06753124,7d91b3f5,1143
246,0,2,1,13,4,89,TEST,2,15,1,1,true,1810
246,0,2,1,13,4,90,TEST,6,13,0,0,true,542
246,0,2,1,13,4,91,TEST,1,3,0,0,true,4110
246,0,2,1,13,4,92,TEST,5,1,1,1,true,630
246,0,2,1,13,4,93,TEST,4,5,1,1,true,2882
246,0,2,1,13,4,94,TEST,7,9,0,0,true,576
246,0,2,1,13,4,95,TEST,0,7,1,1,true,930
246,0,2,1,13,4,96,TEST,3,11,0,0,true,1331
246,0,2,1,13,5,97,TRAINING,4,5,1,6,76153240,9d31bf57,3564
246,0,2,1,13,5,98,TRAINING,5,1,1,3,70153246,9731bf5d,956
246,0,2,1,13,5,99,TRAINING,0,7,1,1,70156243,9731df5b,1311
246,0,2,1,13,5,100,TRAINING,1,3,0,5,70256143,97f1d35b,1592
246,0,2,1,13,5,101,TRAINING,2,15,1,2,50276143,17f9d35b,1217
246,0,2,1,13,5,102,TRAINING,6,13,0,0,60275143,d7f9135b,1090
246,0,2,1,13,5,103,TRAINING,3,11,0,7,60274153,d7f9531b,1228
246,0,2,1,13,5,104,TRAINING,3,11,0,7,65274103,d1f9537b,5946
246,0,2,1,13,5,105,TRAINING,0,7,1,6,15274603,31f95d7b,3571
246,0,2,1,13,5,106,TRAINING,1,3,0,0,12574603,3f195d7b,1097
246,0,2,1,13,5,107,TRAINING,1,3,0,0,12576403,3f19d57b,1291
246,0,2,1,13,5,108,TRAINING,1,3,0,0,12546703,3f15d97b,1284
246,0,2,1,13,5,109,TRAINING,1,3,0,0,13546702,3b15d97f,1633
246,0,2,1,13,5,110,TRAINING,1,3,0,0,13246705,3bf5d971,1082
246,0,2,1,13,5,111,TRAINING,1,3,0,0,13246075,3bf5d791,1553
246,0,2,1,13,5,112,TRAINING,1,3,0,0,10246375,37f5db91,2617
246,0,2,1,13,5,113,TEST,7,9,0,0,true,700
246,0,2,1,13,5,114,TEST,6,13,0,0,true,884
246,0,2,1,13,5,115,TEST,2,15,1,1,true,580
246,0,2,1,13,5,116,TEST,3,11,0,0,true,1115
246,0,2,1,13,5,117,TEST,5,1,1,1,true,662
246,0,2,1,13,5,118,TEST,4,5,1,1,true,350
246,0,2,1,13,5,119,TEST,1,3,0,0,true,647
246,0,2,1,13,5,120,TEST,0,7,1,1,true,530
246,0,2,1,13,INSTRUCT,postquestionnaire,0

rulestrategy:Stripes and dots was always B. Just dots was A. Purple without just dots was B. The rest were A.
howtoimprove:
engagement:6
difficulty:7
physicalaids:no