248,1,4,1,15,INSTRUCT,instruct1,14145
248,1,4,1,15,INSTRUCT,instructCatExample,25278
248,1,4,1,15,INSTRUCT,instructCatColor,5197
248,1,4,1,15,INSTRUCT,instructCatStripe,8096
248,1,4,1,15,INSTRUCT,instructDemoIntro,25215
248,1,4,1,15,INSTRUCT,instructDemo,73316
248,1,4,1,15,INSTRUCT,instructTest,21383
248,1,4,1,15,INSTRUCT,instructTest2,26262
248,1,4,1,15,INSTRUCT,instructDimColor,12254
248,1,4,1,15,INSTRUCT,instructDimBorder,3965
248,1,4,1,15,INSTRUCT,instructDimDots,3041
248,1,4,1,15,INSTRUCT,instructDimStripe,2231
248,1,4,1,15,INSTRUCT,instructDimAll,11012
248,1,4,1,15,INSTRUCT,instructFinal,31613
248,1,4,1,15,1,1,TRAINING,3,3,0,7,54271603,9d71b5f3,3416
248,1,4,1,15,1,2,TRAINING,5,9,0,0,57241603,917db5f3,2098
248,1,4,1,15,1,3,TRAINING,0,15,1,5,57241063,917dbf53,1608
248,1,4,1,15,1,4,TRAINING,1,11,0,4,54271063,9d71bf53,9256
248,1,4,1,15,1,5,TRAINING,4,13,1,1,54261073,9d75bf13,1637
248,1,4,1,15,1,6,TRAINING,7,1,1,6,24561073,7d95bf13,1713
248,1,4,1,15,1,7,TRAINING,3,3,0,7,24165073,7db59f13,7931
248,1,4,1,15,1,8,TRAINING,6,5,0,4,24156073,7db95f13,2880
248,1,4,1,15,1,9,TRAINING,2,7,1,0,24156703,7db951f3,2998
248,1,4,1,15,1,10,TRAINING,4,13,1,3,25146703,79bd51f3,6298
248,1,4,1,15,1,11,TRAINING,0,15,1,6,25143706,79bd31f5,4799
248,1,4,1,15,1,12,TRAINING,1,11,0,2,65143702,59bd31f7,3445
248,1,4,1,15,1,13,TRAINING,5,9,0,1,65123704,59b731fd,2431
248,1,4,1,15,1,14,TRAINING,7,1,1,5,65120734,59b7f13d,1769
248,1,4,1,15,1,15,TRAINING,6,5,0,0,65420731,59d7f13b,1769
248,1,4,1,15,1,16,TRAINING,2,7,1,3,61420735,5bd7f139,1963
248,1,4,1,15,1,17,TEST,3,3,0,0,true,1598
248,1,4,1,15,1,18,TEST,1,11,0,1,false,1233
248,1,4,1,15,1,19,TEST,0,15,1,1,true,1918
248,1,4,1,15,1,20,TEST,2,7,1,0,false,1504
248,1,4,1,15,1,21,TEST,4,13,1,1,true,1428
248,1,4,1,15,1,22,TEST,6,5,0,1,false,2152
248,1,4,1,15,1,23,TEST,5,9,0,0,true,2011
248,1,4,1,15,1,24,TEST,7,1,1,0,false,825
248,1,4,1,15,2,25,TRAINING,4,13,1,1,34065172,3df59b17,7372
248,1,4,1,15,2,26,TRAINING,4,13,1,1,34065712,3df591b7,4887
248,1,4,1,15,2,27,TRAINING,6,5,0,3,34065721,3df5917b,3274
248,1,4,1,15,2,28,TRAINING,2,7,1,6,54063721,9df5317b,6618
248,1,4,1,15,2,29,TRAINING,1,11,0,7,34065721,3df5917b,3912
248,1,4,1,15,2,30,TRAINING,7,1,1,5,43065721,d3f5917b,3662
248,1,4,1,15,2,31,TRAINING,1,11,0,7,43025761,d3f7915b,2055
248,1,4,1,15,2,32,TRAINING,3,3,0,1,43625701,d35791fb,1769
248,1,4,1,15,2,33,TRAINING,7,1,1,5,43265701,d37591fb,2002
248,1,4,1,15,2,34,TRAINING,0,15,1,6,43625701,d35791fb,4473
248,1,4,1,15,2,35,TRAINING,3,3,0,1,43615702,d35b91f7,2053
248,1,4,1,15,2,36,TRAINING,5,9,0,4,43165702,d3b591f7,2894
248,1,4,1,15,2,37,TRAINING,2,7,1,7,43615702,d35b91f7,1759
248,1,4,1,15,2,38,TRAINING,6,5,0,1,46315702,d53b91f7,1640
248,1,4,1,15,2,39,TRAINING,0,15,1,6,36415702,35db91f7,5656
248,1,4,1,15,2,40,TRAINING,5,9,0,4,36415207,35db97f1,6842
248,1,4,1,15,2,41,TEST,4,13,1,1,true,1353
248,1,4,1,15,2,42,TEST,2,7,1,1,true,659
248,1,4,1,15,2,43,TEST,0,15,1,1,true,476
248,1,4,1,15,2,44,TEST,3,3,0,0,true,663
248,1,4,1,15,2,45,TEST,7,1,1,0,false,1689
248,1,4,1,15,2,46,TEST,1,11,0,0,true,1795
248,1,4,1,15,2,47,TEST,6,5,0,1,false,882
248,1,4,1,15,2,48,TEST,5,9,0,0,true,1330
248,1,4,1,15,3,49,TRAINING,2,7,1,3,51326470,9b375d1f,3988
248,1,4,1,15,3,50,TRAINING,3,3,0,2,15326470,b9375d1f,2059
248,1,4,1,15,3,51,TRAINING,7,1,1,6,51326470,9b375d1f,4400
248,1,4,1,15,3,52,TRAINING,0,15,1,7,54326170,9d375b1f,7467
248,1,4,1,15,3,53,TRAINING,5,9,0,1,45326170,d9375b1f,4961
248,1,4,1,15,3,54,TRAINING,4,13,1,0,45316270,d93b571f,4619
248,1,4,1,15,3,55,TRAINING,1,11,0,3,45316072,d93b5f17,4398
248,1,4,1,15,3,56,TRAINING,6,5,0,4,45716032,d91b5f37,1895
248,1,4,1,15,3,57,TRAINING,5,9,0,1,75416032,19db5f37,2864
248,1,4,1,15,3,58,TRAINING,2,7,1,3,75426031,19d75f3b,1906
248,1,4,1,15,3,59,TRAINING,7,1,1,7,15426037,b9d75f31,2018
248,1,4,1,15,3,60,TRAINING,4,13,1,2,16425037,b5d79f31,1736
248,1,4,1,15,3,61,TRAINING,3,3,0,4,16423057,b5d73f91,2065
248,1,4,1,15,3,62,TRAINING,1,11,0,0,16423507,b5d739f1,1586
248,1,4,1,15,3,63,TRAINING,0,15,1,6,15423607,b9d735f1,1666
248,1,4,1,15,3,64,TRAINING,6,5,0,5,15324607,b937d5f1,1625
248,1,4,1,15,3,65,TEST,1,11,0,0,true,597
248,1,4,1,15,3,66,TEST,0,15,1,1,true,887
248,1,4,1,15,3,67,TEST,5,9,0,0,true,1669
248,1,4,1,15,3,68,TEST,3,3,0,0,true,690
248,1,4,1,15,3,69,TEST,7,1,1,0,false,522
248,1,4,1,15,3,70,TEST,2,7,1,1,true,683
248,1,4,1,15,3,71,TEST,6,5,0,1,false,691
248,1,4,1,15,3,72,TEST,4,13,1,1,true,1539
248,1,4,1,15,4,73,TRAINING,7,1,1,5,12045736,b7fd9135,4304
248,1,4,1,15,4,74,TRAINING,7,1,1,5,16045732,b5fd9137,1877
248,1,4,1,15,4,75,TRAINING,3,3,0,6,26045731,75fd913b,2481
248,1,4,1,15,4,76,TRAINING,4,13,1,2,26405731,75df913b,4103
248,1,4,1,15,4,77,TRAINING,0,15,1,3,62405731,57df913b,5296
248,1,4,1,15,4,78,TRAINING,3,3,0,5,62405371,57df931b,1601
248,1,4,1,15,4,79,TRAINING,5,9,0,4,62705341,571f93db,2824
248,1,4,1,15,4,80,TRAINING,6,5,0,3,02765341,f71593db,1810
248,1,4,1,15,4,81,TRAINING,2,7,1,1,02365741,f73591db,1833
248,1,4,1,15,4,82,TRAINING,6,5,0,3,02364751,f735d19b,1617
248,1,4,1,15,4,83,TRAINING,1,11,0,7,72364051,1735df9b,1856
248,1,4,1,15,4,84,TRAINING,2,7,1,6,75364021,1935df7b,2649
248,1,4,1,15,4,85,TRAINING,0,15,1,5,75634021,1953df7b,1658
248,1,4,1,15,4,86,TRAINING,4,13,1,4,75134026,19b3df75,1617
248,1,4,1,15,4,87,TRAINING,1,11,0,2,65134027,59b3df71,1833
248,1,4,1,15,4,88,TRAINING,5,9,0,1,05134627,f9b3d571,1647
248,1,4,1,15,4,89,TEST,7,1,1,0,false,953
248,1,4,1,15,4,90,TEST,6,5,0,1,false,698
248,1,4,1,15,4,91,TEST,0,15,1,1,true,330
248,1,4,1,15,4,92,TEST,5,9,0,0,true,490
248,1,4,1,15,4,93,TEST,2,7,1,1,true,667
248,1,4,1,15,4,94,TEST,3,3,0,0,true,426
248,1,4,1,15,4,95,TEST,1,11,0,0,true,355
248,1,4,1,15,4,96,TEST,4,13,1,1,true,507
248,1,4,1,15,5,97,TRAINING,5,9,0,6,31702456,3b1f7d95,3465
248,1,4,1,15,5,98,TRAINING,1,11,0,7,36702451,351f7d9b,1665
248,1,4,1,15,5,99,TRAINING,3,3,0,0,36072451,35f17d9b,1826
248,1,4,1,15,5,100,TRAINING,7,1,1,3,36072541,35f179db,1863
248,1,4,1,15,5,101,TRAINING,2,7,1,4,36072451,35f17d9b,10688
248,1,4,1,15,5,102,TRAINING,6,5,0,0,63072451,53f17d9b,3354
248,1,4,1,15,5,103,TRAINING,6,5,0,0,60372451,5f317d9b,4007
248,1,4,1,15,5,104,TRAINING,2,7,1,4,60172453,5fb17d93,1913
248,1,4,1,15,5,105,TRAINING,0,15,1,1,60172354,5fb1739d,3144
248,1,4,1,15,5,106,TRAINING,1,11,0,2,40172356,dfb17395,1705
248,1,4,1,15,5,107,TRAINING,0,15,1,1,40175326,dfb19375,2378
248,1,4,1,15,5,108,TRAINING,5,9,0,4,40125376,dfb79315,1703
248,1,4,1,15,5,109,TRAINING,4,13,1,0,40125367,dfb79351,1697
248,1,4,1,15,5,110,TRAINING,4,13,1,0,40165327,dfb59371,1975
248,1,4,1,15,5,111,TRAINING,7,1,1,4,40167325,dfb51379,1515
248,1,4,1,15,5,112,TRAINING,3,3,0,5,41067325,dbf51379,2159
248,1,4,1,15,5,113,TEST,0,15,1,0,false,1905
248,1,4,1,15,5,114,TEST,2,7,1,0,false,1818
248,1,4,1,15,5,115,TEST,7,1,1,1,true,1713
248,1,4,1,15,5,116,TEST,1,11,0,0,true,324
248,1,4,1,15,5,117,TEST,3,3,0,0,true,371
248,1,4,1,15,5,118,TEST,6,5,0,1,false,450
248,1,4,1,15,5,119,TEST,5,9,0,0,true,340
248,1,4,1,15,5,120,TEST,4,13,1,0,false,736
248,1,4,1,15,6,121,TRAINING,6,5,0,7,43271056,d371bf95,4536
248,1,4,1,15,6,122,TRAINING,5,9,0,6,03271456,f371bd95,2930
248,1,4,1,15,6,123,TRAINING,0,15,1,5,43271056,d371bf95,1796
248,1,4,1,15,6,124,TRAINING,3,3,0,1,43261057,d375bf91,3544
248,1,4,1,15,6,125,TRAINING,3,3,0,1,53261047,9375bfd1,1713
248,1,4,1,15,6,126,TRAINING,7,1,1,6,53261074,9375bf1d,1762
248,1,4,1,15,6,127,TRAINING,0,15,1,7,53261470,9375bd1f,2618
248,1,4,1,15,6,128,TRAINING,1,11,0,4,63251470,5379bd1f,1866
248,1,4,1,15,6,129,TRAINING,7,1,1,1,67251430,5179bd3f,1743
248,1,4,1,15,6,130,TRAINING,2,7,1,2,07251436,f179bd35,7394
248,1,4,1,15,6,131,TRAINING,2,7,1,2,07256431,f1795d3b,1657
248,1,4,1,15,6,132,TRAINING,1,11,0,7,05276431,f9715d3b,3402
248,1,4,1,15,6,133,TRAINING,6,5,0,6,05273461,f9713d5b,6528
248,1,4,1,15,6,134,TRAINING,5,9,0,1,35270461,3971fd5b,4114
248,1,4,1,15,6,135,TRAINING,4,13,1,5,35170462,39b1fd57,2056
248,1,4,1,15,6,136,TRAINING,4,13,1,5,05173462,f9b13d57,2302
248,1,4,1,15,6,137,TEST,3,3,0,0,true,3071
248,1,4,1,15,6,138,TEST,0,15,1,0,false,995
248,1,4,1,15,6,139,TEST,7,1,1,1,true,2377
248,1,4,1,15,6,140,TEST,6,5,0,0,true,832
248,1,4,1,15,6,141,TEST,5,9,0,0,true,976
248,1,4,1,15,6,142,TEST,1,11,0,1,false,1252
248,1,4,1,15,6,143,TEST,2,7,1,0,false,5427
248,1,4,1,15,6,144,TEST,4,13,1,1,true,1682
248,1,4,1,15,7,145,TRAINING,1,11,0,0,16053427,b5f93d71,5901
248,1,4,1,15,7,146,TRAINING,7,1,1,7,16350427,b539fd71,2472
248,1,4,1,15,7,147,TRAINING,2,7,1,3,16320457,b537fd91,4793
248,1,4,1,15,7,148,TRAINING,1,11,0,1,61320457,5b37fd91,3267
248,1,4,1,15,7,149,TRAINING,3,3,0,5,61420357,5bd7f391,2345
248,1,4,1,15,7,150,TRAINING,5,9,0,6,61402357,5bdf7391,3967
248,1,4,1,15,7,151,TRAINING,0,15,1,3,64102357,5dbf7391,1745
248,1,4,1,15,7,152,TRAINING,7,1,1,7,64302157,5d3f7b91,2049
248,1,4,1,15,7,153,TRAINING,5,9,0,6,64301257,5d3fb791,5959
248,1,4,1,15,7,154,TRAINING,2,7,1,4,64302157,5d3f7b91,1627
248,1,4,1,15,7,155,TRAINING,3,3,0,2,46302157,d53f7b91,1617
248,1,4,1,15,7,156,TRAINING,4,13,1,5,16302457,b53f7d91,1753
248,1,4,1,15,7,157,TRAINING,6,5,0,4,12306457,b73f5d91,4298
248,1,4,1,15,7,158,TRAINING,0,15,1,1,10326457,bf375d91,7383
248,1,4,1,15,7,159,TRAINING,4,13,1,5,10376452,bf315d97,1690
248,1,4,1,15,7,160,TRAINING,6,5,0,4,10356472,bf395d17,2346
248,1,4,1,15,7,161,TEST,1,11,0,0,true,1321
248,1,4,1,15,7,162,TEST,6,5,0,0,true,1153
248,1,4,1,15,7,163,TEST,2,7,1,1,true,971
248,1,4,1,15,7,164,TEST,5,9,0,0,true,2938
248,1,4,1,15,7,165,TEST,4,13,1,1,true,651
248,1,4,1,15,7,166,TEST,7,1,1,1,true,3058
248,1,4,1,15,7,167,TEST,3,3,0,0,true,739
248,1,4,1,15,7,168,TEST,0,15,1,1,true,2370
248,1,4,1,15,8,169,TRAINING,2,7,1,6,14760523,bd15f973,4433
248,1,4,1,15,8,170,TRAINING,5,9,0,5,14763520,bd15397f,2633
248,1,4,1,15,8,171,TRAINING,7,1,1,2,16743520,b51d397f,1488
248,1,4,1,15,8,172,TRAINING,0,15,1,7,16742530,b51d793f,2849
248,1,4,1,15,8,173,TRAINING,2,7,1,5,16745230,b51d973f,2681
248,1,4,1,15,8,174,TRAINING,3,3,0,4,16743250,b51d379f,2186
248,1,4,1,15,8,175,TRAINING,6,5,0,1,16703254,b51f379d,1746
248,1,4,1,15,8,176,TRAINING,4,13,1,7,26703154,751f3b9d,1679
248,1,4,1,15,8,177,TRAINING,3,3,0,4,26713054,751b3f9d,2945
248,1,4,1,15,8,178,TRAINING,1,11,0,3,25713064,791b3f5d,2450
248,1,4,1,15,8,179,TRAINING,5,9,0,1,65713024,591b3f7d,1633
248,1,4,1,15,8,180,TRAINING,6,5,0,6,25713064,791b3f5d,1471
248,1,4,1,15,8,181,TRAINING,4,13,1,7,75213064,197b3f5d,1553
248,1,4,1,15,8,182,TRAINING,1,11,0,3,73215064,137b9f5d,1529
248,1,4,1,15,8,183,TRAINING,0,15,1,6,73215604,137b95fd,3020
248,1,4,1,15,8,184,TRAINING,7,1,1,4,53217604,937b15fd,1714
248,1,4,1,15,8,185,TEST,6,5,0,0,true,2048
248,1,4,1,15,8,186,TEST,2,7,1,1,true,3939
248,1,4,1,15,8,187,TEST,1,11,0,0,true,3875
248,1,4,1,15,8,188,TEST,0,15,1,1,true,1080
248,1,4,1,15,8,189,TEST,4,13,1,1,true,1611
248,1,4,1,15,8,190,TEST,7,1,1,1,true,706
248,1,4,1,15,8,191,TEST,3,3,0,0,true,603
248,1,4,1,15,8,192,TEST,5,9,0,0,true,2947
248,1,4,1,15,INSTRUCT,postquestionnaire,12

rulestrategy:I am unable to explain my approach because in the end I had to resort to memorizing which squares were in which category. I wan not able to determine the categories. I used straight memorization power to pull it off in the end (I honestly did not use any aids to perform the task).
howtoimprove:No suggestions.
engagement:10
difficulty:9
physicalaids:no