249,0,1,22,8,INSTRUCT,instruct1,24011
249,0,1,22,8,INSTRUCT,instructCatExample,13201
249,0,1,22,8,INSTRUCT,instructCatColor,7610
249,0,1,22,8,INSTRUCT,instructCatStripe,13103
249,0,1,22,8,INSTRUCT,instructDemoIntro,24756
249,0,1,22,8,INSTRUCT,instructDemo,64713
249,0,1,22,8,INSTRUCT,instructTest,36395
249,0,1,22,8,INSTRUCT,instructTest2,28969
249,0,1,22,8,INSTRUCT,instructDimColor,14156
249,0,1,22,8,INSTRUCT,instructDimBorder,6753
249,0,1,22,8,INSTRUCT,instructDimDots,4266
249,0,1,22,8,INSTRUCT,instructDimStripe,3109
249,0,1,22,8,INSTRUCT,instructDimAll,10782
249,0,1,22,8,INSTRUCT,instructFinal,16922
249,0,1,22,8,1,1,TRAINING,7,15,0,0,73016245,f745e6cd,7188
249,0,1,22,8,1,2,TRAINING,3,7,0,1,73056241,f74de6c5,2350
249,0,1,22,8,1,3,TRAINING,5,13,1,3,73650241,f7ed46c5,2623
249,0,1,22,8,1,4,TRAINING,1,5,1,4,73651240,f7ed56c4,2099
249,0,1,22,8,1,5,TRAINING,7,15,0,0,73651204,f7ed564c,1920
249,0,1,22,8,1,6,TRAINING,3,7,0,1,73561204,f7de564c,1156
249,0,1,22,8,1,7,TRAINING,6,14,1,3,73562104,f7de654c,6254
249,0,1,22,8,1,8,TRAINING,2,6,1,4,43562107,c7de654f,1210
249,0,1,22,8,1,9,TRAINING,4,12,0,0,43762105,c7fe654d,2030
249,0,1,22,8,1,10,TRAINING,7,15,0,2,45762103,cdfe6547,1490
249,0,1,22,8,1,11,TRAINING,6,14,1,1,46752103,cefd6547,2309
249,0,1,22,8,1,12,TRAINING,2,6,1,4,06752143,4efd65c7,1380
249,0,1,22,8,1,13,TRAINING,7,15,0,2,06712543,4ef56dc7,2206
249,0,1,22,8,1,14,TRAINING,3,7,0,1,03712546,47f56dce,1337
249,0,1,22,8,1,15,TRAINING,5,13,1,3,03752146,47fd65ce,3343
249,0,1,22,8,1,16,TRAINING,1,5,1,5,03257146,476df5ce,1221
249,0,1,22,8,1,17,TEST,2,6,1,0,false,3344
249,0,1,22,8,1,18,TEST,6,14,1,1,true,6688
249,0,1,22,8,1,19,TEST,4,12,0,1,false,4987
249,0,1,22,8,1,20,TEST,0,4,0,1,false,3985
249,0,1,22,8,1,21,TEST,5,13,1,0,false,2562
249,0,1,22,8,1,22,TEST,3,7,0,0,true,1640
249,0,1,22,8,1,23,TEST,7,15,0,0,true,2130
249,0,1,22,8,1,24,TEST,1,5,1,1,true,1547
249,0,1,22,8,2,25,TRAINING,2,6,1,2,41205763,c564dfe7,7328
249,0,1,22,8,2,26,TRAINING,6,14,1,1,46205713,ce64df57,1988
249,0,1,22,8,2,27,TRAINING,7,15,0,5,46235710,ce67df54,4047
249,0,1,22,8,2,28,TRAINING,4,12,0,7,06235714,4e67df5c,1816
249,0,1,22,8,2,29,TRAINING,2,6,1,2,03265714,476edf5c,3411
249,0,1,22,8,2,30,TRAINING,4,12,0,7,01265734,456edf7c,3041
249,0,1,22,8,2,31,TRAINING,4,12,0,7,01265374,456ed7fc,3023
249,0,1,22,8,2,32,TRAINING,0,4,0,0,01562374,45de67fc,3080
249,0,1,22,8,2,33,TRAINING,1,5,1,4,02561374,46de57fc,4847
249,0,1,22,8,2,34,TRAINING,2,6,1,2,05261374,4d6e57fc,2914
249,0,1,22,8,2,35,TRAINING,0,4,0,5,35261074,7d6e54fc,3926
249,0,1,22,8,2,36,TRAINING,4,12,0,7,37261054,7f6e54dc,2241
249,0,1,22,8,2,37,TRAINING,5,13,1,6,17263054,5f6e74dc,1629
249,0,1,22,8,2,38,TRAINING,1,5,1,5,07263154,4f6e75dc,1523
249,0,1,22,8,2,39,TRAINING,4,12,0,3,07243156,4f6c75de,10739
249,0,1,22,8,2,40,TRAINING,6,14,1,7,37240156,7f6c45de,1983
249,0,1,22,8,2,41,TEST,4,12,0,0,true,1343
249,0,1,22,8,2,42,TEST,7,15,0,0,true,5991
249,0,1,22,8,2,43,TEST,6,14,1,0,false,1875
249,0,1,22,8,2,44,TEST,3,7,0,1,false,2032
249,0,1,22,8,2,45,TEST,2,6,1,0,false,4219
249,0,1,22,8,2,46,TEST,1,5,1,1,true,3241
249,0,1,22,8,2,47,TEST,0,4,0,1,false,3688
249,0,1,22,8,2,48,TEST,5,13,1,1,true,1531
249,0,1,22,8,3,49,TRAINING,6,14,1,1,16503247,5ed476cf,4047
249,0,1,22,8,3,50,TRAINING,2,6,1,0,26503147,6ed475cf,2267
249,0,1,22,8,3,51,TRAINING,7,15,0,7,26403157,6ec475df,5208
249,0,1,22,8,3,52,TRAINING,5,13,1,6,20463157,64ce75df,1675
249,0,1,22,8,3,53,TRAINING,1,5,1,5,26403157,6ec475df,3425
249,0,1,22,8,3,54,TRAINING,0,4,0,7,26473150,6ecf75d4,2301
249,0,1,22,8,3,55,TRAINING,6,14,1,1,46273150,ce6f75d4,2255
249,0,1,22,8,3,56,TRAINING,4,12,0,0,46275130,ce6fd574,2098
249,0,1,22,8,3,57,TRAINING,5,13,1,5,46271530,ce6f5d74,1507
249,0,1,22,8,3,58,TRAINING,2,6,1,3,46721530,cef65d74,4504
249,0,1,22,8,3,59,TRAINING,6,14,1,4,41726530,c5f6ed74,2333
249,0,1,22,8,3,60,TRAINING,5,13,1,0,51726430,d5f6ec74,1724
249,0,1,22,8,3,61,TRAINING,7,15,0,5,51426730,d5c6ef74,1963
249,0,1,22,8,3,62,TRAINING,1,5,1,7,50426731,d4c6ef75,1943
249,0,1,22,8,3,63,TRAINING,4,12,0,0,40526731,c4d6ef75,1820
249,0,1,22,8,3,64,TRAINING,5,13,1,6,40326751,c476efd5,1912
249,0,1,22,8,3,65,TEST,5,13,1,0,false,2672
249,0,1,22,8,3,66,TEST,0,4,0,0,true,2953
249,0,1,22,8,3,67,TEST,3,7,0,0,true,2140
249,0,1,22,8,3,68,TEST,2,6,1,0,false,1313
249,0,1,22,8,3,69,TEST,6,14,1,0,false,1157
249,0,1,22,8,3,70,TEST,1,5,1,0,false,1021
249,0,1,22,8,3,71,TEST,7,15,0,0,true,954
249,0,1,22,8,3,72,TEST,4,12,0,0,true,985
249,0,1,22,8,4,73,TRAINING,5,13,1,0,53260471,d76e4cf5,3828
249,0,1,22,8,4,74,TRAINING,5,13,1,0,53206471,d764ecf5,1990
249,0,1,22,8,4,75,TRAINING,5,13,1,0,53602471,d7e46cf5,1535
249,0,1,22,8,4,76,TRAINING,5,13,1,0,53620471,d7e64cf5,2300
249,0,1,22,8,4,77,TRAINING,7,15,0,1,57620431,dfe64c75,1818
249,0,1,22,8,4,78,TRAINING,7,15,0,1,57420631,dfc64e75,1497
249,0,1,22,8,4,79,TRAINING,7,15,0,1,47520631,cfd64e75,1240
249,0,1,22,8,4,80,TRAINING,5,13,1,2,47521630,cfd65e74,2216
249,0,1,22,8,4,81,TRAINING,7,15,0,1,47521360,cfd657e4,2300
249,0,1,22,8,4,82,TRAINING,5,13,1,2,47501362,cfd457e6,3879
249,0,1,22,8,4,83,TRAINING,7,15,0,1,47510362,cfd547e6,1712
249,0,1,22,8,4,84,TRAINING,4,12,0,0,47501362,cfd457e6,7721
249,0,1,22,8,4,85,TRAINING,5,13,1,2,47503162,cfd475e6,1444
249,0,1,22,8,4,86,TRAINING,4,12,0,0,46503172,ced475f6,1774
249,0,1,22,8,4,87,TRAINING,5,13,1,2,46502173,ced465f7,2254
249,0,1,22,8,4,88,TRAINING,7,15,0,6,46512073,ced564f7,3629
249,0,1,22,8,4,89,TEST,6,14,1,0,false,4234
249,0,1,22,8,4,90,TEST,4,12,0,0,true,2094
249,0,1,22,8,4,91,TEST,3,7,0,0,true,3031
249,0,1,22,8,4,92,TEST,0,4,0,0,true,1094
249,0,1,22,8,4,93,TEST,1,5,1,0,false,1067
249,0,1,22,8,4,94,TEST,7,15,0,1,false,2597
249,0,1,22,8,4,95,TEST,2,6,1,0,false,2375
249,0,1,22,8,4,96,TEST,5,13,1,0,false,2063
249,0,1,22,8,5,97,TRAINING,7,15,0,2,23760154,67fe45dc,1594
249,0,1,22,8,5,98,TRAINING,5,13,1,7,23760145,67fe45cd,5207
249,0,1,22,8,5,99,TRAINING,1,5,1,1,21760345,65fe47cd,2178
249,0,1,22,8,5,100,TRAINING,5,13,1,7,41760325,c5fe476d,1817
249,0,1,22,8,5,101,TRAINING,0,4,0,4,61740325,e5fc476d,2067
249,0,1,22,8,5,102,TRAINING,4,12,0,3,71640325,f5ec476d,1089
249,0,1,22,8,5,103,TRAINING,5,13,1,5,71640523,f5ec4d67,1861
249,0,1,22,8,5,104,TRAINING,1,5,1,2,76140523,fe5c4d67,2054
249,0,1,22,8,5,105,TRAINING,2,6,1,6,76104523,fe54cd67,3957
249,0,1,22,8,5,106,TRAINING,6,14,1,1,76140523,fe5c4d67,7519
249,0,1,22,8,5,107,TRAINING,4,12,0,3,76041523,fe4c5d67,6112
249,0,1,22,8,5,108,TRAINING,1,5,1,2,76140523,fe5c4d67,5534
249,0,1,22,8,5,109,TRAINING,3,7,0,1,73140526,f75c4d6e,5276
249,0,1,22,8,5,110,TRAINING,7,15,0,7,63140527,e75c4d6f,6411
249,0,1,22,8,5,111,TRAINING,3,7,0,1,63140257,e75c46df,1800
249,0,1,22,8,5,112,TRAINING,1,5,1,2,63104257,e754c6df,1581
249,0,1,22,8,5,113,TEST,6,14,1,1,true,1953
249,0,1,22,8,5,114,TEST,4,12,0,1,false,875
249,0,1,22,8,5,115,TEST,3,7,0,1,false,781
249,0,1,22,8,5,116,TEST,1,5,1,1,true,688
249,0,1,22,8,5,117,TEST,2,6,1,1,true,750
249,0,1,22,8,5,118,TEST,5,13,1,1,true,860
249,0,1,22,8,5,119,TEST,0,4,0,1,false,1000
249,0,1,22,8,5,120,TEST,7,15,0,1,false,922
249,0,1,22,8,6,121,TRAINING,7,15,0,3,50271364,d46f57ec,4430
249,0,1,22,8,6,122,TRAINING,3,7,0,4,50273164,d46f75ec,3581
249,0,1,22,8,6,123,TRAINING,6,14,1,0,60273154,e46f75dc,1753
249,0,1,22,8,6,124,TRAINING,1,5,1,5,60473152,e4cf75d6,982
249,0,1,22,8,6,125,TRAINING,2,6,1,7,60475132,e4cfd576,3050
249,0,1,22,8,6,126,TRAINING,7,15,0,3,65470132,edcf4576,1358
249,0,1,22,8,6,127,TRAINING,3,7,0,5,65470312,edcf4756,3264
249,0,1,22,8,6,128,TRAINING,1,5,1,1,61470352,e5cf47d6,6987
249,0,1,22,8,6,129,TRAINING,3,7,0,5,61450372,e5cd47f6,1313
249,0,1,22,8,6,130,TRAINING,7,15,0,6,51460372,d5ce47f6,1285
249,0,1,22,8,6,131,TRAINING,6,14,1,2,51640372,d5ec47f6,1475
249,0,1,22,8,6,132,TRAINING,2,6,1,7,51643072,d5ec74f6,1083
249,0,1,22,8,6,133,TRAINING,7,15,0,6,53641072,d7ec54f6,1317
249,0,1,22,8,6,134,TRAINING,0,4,0,5,56341072,de7c54f6,1567
249,0,1,22,8,6,135,TRAINING,5,13,1,4,16345072,5e7cd4f6,2109
249,0,1,22,8,6,136,TRAINING,7,15,0,7,16345027,5e7cd46f,1861
249,0,1,22,8,6,137,TEST,2,6,1,0,false,1196
249,0,1,22,8,6,138,TEST,1,5,1,1,true,1047
249,0,1,22,8,6,139,TEST,5,13,1,0,false,953
249,0,1,22,8,6,140,TEST,7,15,0,1,false,828
249,0,1,22,8,6,141,TEST,6,14,1,0,false,1109
249,0,1,22,8,6,142,TEST,0,4,0,1,false,830
249,0,1,22,8,6,143,TEST,3,7,0,0,true,766
249,0,1,22,8,6,144,TEST,4,12,0,1,false,922
249,0,1,22,8,7,145,TRAINING,7,15,0,0,71043625,f54c7e6d,7047
249,0,1,22,8,7,146,TRAINING,3,7,0,4,71643025,f5ec746d,1876
249,0,1,22,8,7,147,TRAINING,1,5,1,1,71623045,f5e674cd,2139
249,0,1,22,8,7,148,TRAINING,0,4,0,5,71623054,f5e674dc,991
249,0,1,22,8,7,149,TRAINING,2,6,1,2,71263054,f56e74dc,1317
249,0,1,22,8,7,150,TRAINING,7,15,0,6,51263074,d56e74fc,1455
249,0,1,22,8,7,151,TRAINING,0,4,0,3,51203674,d5647efc,1052
249,0,1,22,8,7,152,TRAINING,4,12,0,7,53201674,d7645efc,985
249,0,1,22,8,7,153,TRAINING,6,14,1,6,53201764,d7645fec,5987
249,0,1,22,8,7,154,TRAINING,1,5,1,5,53207164,d764f5ec,2989
249,0,1,22,8,7,155,TRAINING,3,7,0,0,35207164,7d64f5ec,4630
249,0,1,22,8,7,156,TRAINING,0,4,0,1,30257164,746df5ec,2646
249,0,1,22,8,7,157,TRAINING,2,6,1,3,30527164,74d6f5ec,2211
249,0,1,22,8,7,158,TRAINING,1,5,1,5,30427165,74c6f5ed,3785
249,0,1,22,8,7,159,TRAINING,7,15,0,4,34027165,7c46f5ed,3976
249,0,1,22,8,7,160,TRAINING,5,13,1,7,30427165,74c6f5ed,2972
249,0,1,22,8,7,161,TEST,6,14,1,0,false,1750
249,0,1,22,8,7,162,TEST,2,6,1,0,false,1016
249,0,1,22,8,7,163,TEST,1,5,1,1,true,1078
249,0,1,22,8,7,164,TEST,7,15,0,1,false,625
249,0,1,22,8,7,165,TEST,5,13,1,0,false,1000
249,0,1,22,8,7,166,TEST,0,4,0,0,true,656
249,0,1,22,8,7,167,TEST,3,7,0,1,false,707
249,0,1,22,8,7,168,TEST,4,12,0,1,false,609
249,0,1,22,8,8,169,TRAINING,4,12,0,1,64507132,ecd4f576,2484
249,0,1,22,8,8,170,TRAINING,5,13,1,2,64570132,ecdf4576,1017
249,0,1,22,8,8,171,TRAINING,6,14,1,0,64572130,ecdf6574,1081
249,0,1,22,8,8,172,TRAINING,7,15,0,4,64527130,ecd6f574,3870
249,0,1,22,8,8,173,TRAINING,4,12,0,7,60527134,e4d6f57c,1649
249,0,1,22,8,8,174,TRAINING,1,5,1,5,65027134,ed46f57c,2863
249,0,1,22,8,8,175,TRAINING,3,7,0,0,35027164,7d46f5ec,1753
249,0,1,22,8,8,176,TRAINING,5,13,1,1,35072164,7d4f65ec,1587
249,0,1,22,8,8,177,TRAINING,0,4,0,6,35672104,7def654c,1606
249,0,1,22,8,8,178,TRAINING,1,5,1,3,35612704,7de56f4c,7004
249,0,1,22,8,8,179,TRAINING,5,13,1,2,36512704,7ed56f4c,1274
249,0,1,22,8,8,180,TRAINING,4,12,0,6,36512740,7ed56fc4,6226
249,0,1,22,8,8,181,TRAINING,6,14,1,4,32516740,76d5efc4,6505
249,0,1,22,8,8,182,TRAINING,1,5,1,2,32156740,765defc4,2751
249,0,1,22,8,8,183,TRAINING,5,13,1,0,52136740,d657efc4,2081
249,0,1,22,8,8,184,TRAINING,4,12,0,6,52106743,d654efc7,1775
249,0,1,22,8,8,185,TEST,5,13,1,1,true,3812
249,0,1,22,8,8,186,TEST,6,14,1,0,false,1484
249,0,1,22,8,8,187,TEST,3,7,0,0,true,3110
249,0,1,22,8,8,188,TEST,7,15,0,0,true,1062
249,0,1,22,8,8,189,TEST,1,5,1,1,true,2984
249,0,1,22,8,8,190,TEST,2,6,1,0,false,1040
249,0,1,22,8,8,191,TEST,4,12,0,0,true,3135
249,0,1,22,8,8,192,TEST,0,4,0,0,true,828
249,0,1,22,8,9,193,TRAINING,5,13,1,5,73201546,f7645dce,3734
249,0,1,22,8,9,194,TRAINING,1,5,1,4,73401526,f7c45d6e,1848
249,0,1,22,8,9,195,TRAINING,4,12,0,1,74301526,fc745d6e,2669
249,0,1,22,8,9,196,TRAINING,0,4,0,0,04371526,4c7f5d6e,3803
249,0,1,22,8,9,197,TRAINING,3,7,0,2,04371256,4c7f56de,6785
249,0,1,22,8,9,198,TRAINING,7,15,0,3,05371246,4d7f56ce,1236
249,0,1,22,8,9,199,TRAINING,5,13,1,7,06371245,4e7f56cd,2359
249,0,1,22,8,9,200,TRAINING,4,12,0,4,06374215,4e7fc65d,9926
249,0,1,22,8,9,201,TRAINING,0,4,0,2,36074215,7e4fc65d,3687
249,0,1,22,8,9,202,TRAINING,7,15,0,3,36074251,7e4fc6d5,5252
249,0,1,22,8,9,203,TRAINING,3,7,0,0,36071254,7e4f56dc,2456
249,0,1,22,8,9,204,TRAINING,0,4,0,2,36075214,7e4fd65c,4220
249,0,1,22,8,9,205,TRAINING,4,12,0,7,36071254,7e4f56dc,2285
249,0,1,22,8,9,206,TRAINING,0,4,0,2,36051274,7e4d56fc,5751
249,0,1,22,8,9,207,TRAINING,4,12,0,7,36057214,7e4df65c,1416
249,0,1,22,8,9,208,TRAINING,5,13,1,0,56037214,de47f65c,3867
249,0,1,22,8,9,209,TEST,2,6,1,0,false,5749
249,0,1,22,8,9,210,TEST,1,5,1,0,false,2750
249,0,1,22,8,9,211,TEST,5,13,1,0,false,6704
249,0,1,22,8,9,212,TEST,3,7,0,1,false,3328
249,0,1,22,8,9,213,TEST,6,14,1,0,false,2019
249,0,1,22,8,9,214,TEST,7,15,0,1,false,3143
249,0,1,22,8,9,215,TEST,0,4,0,1,false,2594
249,0,1,22,8,9,216,TEST,4,12,0,1,false,860
249,0,1,22,8,10,217,TRAINING,4,12,0,0,47102635,cf546e7d,3453
249,0,1,22,8,10,218,TRAINING,0,4,0,5,47162035,cf5e647d,5408
249,0,1,22,8,10,219,TRAINING,4,12,0,0,47163025,cf5e746d,1003
249,0,1,22,8,10,220,TRAINING,0,4,0,5,47165023,cf5ed467,1071
249,0,1,22,8,10,221,TRAINING,1,5,1,2,47125063,cf56d4e7,1828
249,0,1,22,8,10,222,TRAINING,6,14,1,6,57124063,df56c4e7,2762
249,0,1,22,8,10,223,TRAINING,2,6,1,3,57124360,df56c7e4,5363
249,0,1,22,8,10,224,TRAINING,6,14,1,6,50124367,d456c7ef,2892
249,0,1,22,8,10,225,TRAINING,5,13,1,1,05124367,4d56c7ef,7505
249,0,1,22,8,10,226,TRAINING,1,5,1,2,05142367,4d5c67ef,2007
249,0,1,22,8,10,227,TRAINING,7,15,0,3,05172364,4d5f67ec,2724
249,0,1,22,8,10,228,TRAINING,0,4,0,7,45172360,cd5f67e4,4991
249,0,1,22,8,10,229,TRAINING,7,15,0,3,65172340,ed5f67c4,1168
249,0,1,22,8,10,230,TRAINING,4,12,0,6,61572340,e5df67c4,1493
249,0,1,22,8,10,231,TRAINING,3,7,0,5,01572346,45df67ce,2474
249,0,1,22,8,10,232,TRAINING,2,6,1,4,07512346,4fd567ce,5973
249,0,1,22,8,10,233,TEST,3,7,0,0,true,2281
249,0,1,22,8,10,234,TEST,0,4,0,0,true,1179
249,0,1,22,8,10,235,TEST,4,12,0,0,true,781
249,0,1,22,8,10,236,TEST,6,14,1,1,true,2578
249,0,1,22,8,10,237,TEST,5,13,1,1,true,1360
249,0,1,22,8,10,238,TEST,7,15,0,0,true,2782
249,0,1,22,8,10,239,TEST,2,6,1,1,true,1500
249,0,1,22,8,10,240,TEST,1,5,1,1,true,2703
249,0,1,22,8,11,241,TRAINING,4,12,0,3,37245610,7f6cde54,5000
249,0,1,22,8,11,242,TRAINING,0,4,0,7,27345610,6f7cde54,1161
249,0,1,22,8,11,243,TRAINING,3,7,0,1,23745610,67fcde54,1604
249,0,1,22,8,11,244,TRAINING,7,15,0,2,63745210,e7fcd654,2083
249,0,1,22,8,11,245,TRAINING,1,5,1,5,63745120,e7fcd564,3467
249,0,1,22,8,11,246,TRAINING,5,13,1,0,53746120,d7fce564,2304
249,0,1,22,8,11,247,TRAINING,2,6,1,6,53706124,d7f4e56c,961
249,0,1,22,8,11,248,TRAINING,6,14,1,4,53746120,d7fce564,940
249,0,1,22,8,11,249,TRAINING,4,12,0,5,53716420,d7f5ec64,1914
249,0,1,22,8,11,250,TRAINING,3,7,0,0,35716420,7df5ec64,1462
249,0,1,22,8,11,251,TRAINING,7,15,0,2,35710426,7df54c6e,4983
249,0,1,22,8,11,252,TRAINING,0,4,0,4,31750426,75fd4c6e,1986
249,0,1,22,8,11,253,TRAINING,7,15,0,2,61750423,e5fd4c67,1320
249,0,1,22,8,11,254,TRAINING,3,7,0,7,16750423,5efd4c67,1431
249,0,1,22,8,11,255,TRAINING,4,12,0,5,10756423,54fdec67,1312
249,0,1,22,8,11,256,TRAINING,0,4,0,1,70156423,f45dec67,1145
249,0,1,22,8,11,257,TEST,0,4,0,0,true,1750
249,0,1,22,8,11,258,TEST,3,7,0,0,true,1360
249,0,1,22,8,11,259,TEST,6,14,1,1,true,3063
249,0,1,22,8,11,260,TEST,2,6,1,1,true,5437
249,0,1,22,8,11,261,TEST,7,15,0,0,true,1078
249,0,1,22,8,11,262,TEST,1,5,1,1,true,1524
249,0,1,22,8,11,263,TEST,4,12,0,0,true,1085
249,0,1,22,8,11,264,TEST,5,13,1,1,true,3015
249,0,1,22,8,INSTRUCT,postquestionnaire,0

rulestrategy:I clicked on the white borders first, then clicked on the yellow borders. Then on the Dots vs no dots. I memorized the As by saying to myself "White plain (no dots) is  A, Yellow plus dots are A". Then I ignored anything that wasn't in those two categories as "B". I struggled until I figured out that I only needed to remember the two sets - everything else was B.  I did not use pencil or paper or take any notes. 
howtoimprove:No,  it was interesting. 
engagement:10
difficulty:8
physicalaids:no