25,1,2,22,13,INSTRUCT,instruct1,20387
25,1,2,22,13,INSTRUCT,instructCatExample,21626
25,1,2,22,13,INSTRUCT,instructCatColor,16210
25,1,2,22,13,INSTRUCT,instructCatStripe,26891
25,1,2,22,13,INSTRUCT,instructDemoIntro,42461
25,1,2,22,13,INSTRUCT,instructDemo,107151
25,1,2,22,13,INSTRUCT,instructTest,59280
25,1,2,22,13,INSTRUCT,instructTest2,47606
25,1,2,22,13,INSTRUCT,instructDimColor,20112
25,1,2,22,13,INSTRUCT,instructDimBorder,5671
25,1,2,22,13,INSTRUCT,instructDimDots,5142
25,1,2,22,13,INSTRUCT,instructDimStripe,5731
25,1,2,22,13,INSTRUCT,instructDimAll,19451
25,1,2,22,13,INSTRUCT,instructFinal,24827
25,1,2,22,13,1,1,TRAINING,1,12,0,4,56201743,47fdc65e,7086
25,1,2,22,13,1,2,TRAINING,4,5,1,6,56701243,476dcf5e,4580
25,1,2,22,13,1,3,TRAINING,1,12,0,4,56301247,47edcf56,2962
25,1,2,22,13,1,4,TRAINING,2,15,1,5,50361247,4de7cf56,2623
25,1,2,22,13,1,5,TRAINING,0,13,1,1,50341267,4de5cf76,2219
25,1,2,22,13,1,6,TRAINING,2,15,1,5,50431267,4d5ecf76,4569
25,1,2,22,13,1,7,TRAINING,3,14,0,3,50731264,4d6ecf75,2879
25,1,2,22,13,1,8,TRAINING,3,14,0,3,50734261,4d6e5f7c,3077
25,1,2,22,13,1,9,TRAINING,0,13,1,1,60734251,7d6e5f4c,3193
25,1,2,22,13,1,10,TRAINING,6,7,0,7,10734256,cd6e5f47,3048
25,1,2,22,13,1,11,TRAINING,7,6,0,5,10234756,cdfe5647,2865
25,1,2,22,13,1,12,TRAINING,6,7,0,7,10432756,cd5ef647,2148
25,1,2,22,13,1,13,TRAINING,7,6,0,5,30412756,ed5cf647,3786
25,1,2,22,13,1,14,TRAINING,4,5,1,2,30421756,ed5fc647,3136
25,1,2,22,13,1,15,TRAINING,5,4,1,6,20431756,fd5ec647,3380
25,1,2,22,13,1,16,TRAINING,5,4,1,6,20437156,fd5e6c47,2092
25,1,2,22,13,1,17,TEST,1,12,0,0,true,6315
25,1,2,22,13,1,18,TEST,2,15,1,1,true,2106
25,1,2,22,13,1,19,TEST,5,4,1,0,false,1612
25,1,2,22,13,1,20,TEST,6,7,0,1,false,2495
25,1,2,22,13,1,21,TEST,4,5,1,1,true,1049
25,1,2,22,13,1,22,TEST,3,14,0,0,true,696
25,1,2,22,13,1,23,TEST,7,6,0,0,true,2193
25,1,2,22,13,1,24,TEST,0,13,1,1,true,1612
25,1,2,22,13,2,25,TRAINING,2,15,1,1,52073146,4fd6ec57,5921
25,1,2,22,13,2,26,TRAINING,2,15,1,1,52037146,4fde6c57,2294
25,1,2,22,13,2,27,TRAINING,7,6,0,4,42037156,5fde6c47,2324
25,1,2,22,13,2,28,TRAINING,0,13,1,2,42037165,5fde6c74,2690
25,1,2,22,13,2,29,TRAINING,7,6,0,4,42017365,5fdc6e74,2562
25,1,2,22,13,2,30,TRAINING,6,7,0,6,12047365,cfd56e74,3431
25,1,2,22,13,2,31,TRAINING,3,14,0,5,52047361,4fd56e7c,1994
25,1,2,22,13,2,32,TRAINING,6,7,0,6,42057361,5fd46e7c,2742
25,1,2,22,13,2,33,TRAINING,5,4,1,7,42017365,5fdc6e74,2049
25,1,2,22,13,2,34,TRAINING,4,5,1,0,42710365,5f6cde74,3118
25,1,2,22,13,2,35,TRAINING,3,14,0,5,42716305,5f6c7ed4,3458
25,1,2,22,13,2,36,TRAINING,4,5,1,0,42516307,5f4c7ed6,2713
25,1,2,22,13,2,37,TRAINING,0,13,1,6,42561307,5f47ced6,2286
25,1,2,22,13,2,38,TRAINING,5,4,1,3,42651307,5f74ced6,2026
25,1,2,22,13,2,39,TRAINING,1,12,0,0,12654307,cf745ed6,1776
25,1,2,22,13,2,40,TRAINING,1,12,0,0,12754306,cf645ed7,1972
25,1,2,22,13,2,41,TEST,0,13,1,0,false,1324
25,1,2,22,13,2,42,TEST,2,15,1,1,true,2289
25,1,2,22,13,2,43,TEST,5,4,1,0,false,1459
25,1,2,22,13,2,44,TEST,4,5,1,0,false,1983
25,1,2,22,13,2,45,TEST,3,14,0,1,false,992
25,1,2,22,13,2,46,TEST,6,7,0,1,false,897
25,1,2,22,13,2,47,TEST,1,12,0,0,true,978
25,1,2,22,13,2,48,TEST,7,6,0,1,false,968
25,1,2,22,13,3,49,TRAINING,1,12,0,3,62710534,7f6cd4e5,7570
25,1,2,22,13,3,50,TRAINING,5,4,1,1,65710234,746cdfe5,2943
25,1,2,22,13,3,51,TRAINING,6,7,0,6,35710264,e46cdf75,2846
25,1,2,22,13,3,52,TRAINING,2,15,1,3,35720164,e46fdc75,2337
25,1,2,22,13,3,53,TRAINING,0,13,1,1,30725164,ed6f4c75,2755
25,1,2,22,13,3,54,TRAINING,0,13,1,1,30725614,ed6f47c5,2298
25,1,2,22,13,3,55,TRAINING,5,4,1,4,30125674,edcf4765,2845
25,1,2,22,13,3,56,TRAINING,6,7,0,5,30215674,edfc4765,2591
25,1,2,22,13,3,57,TRAINING,4,5,1,7,37215604,e6fc47d5,2459
25,1,2,22,13,3,58,TRAINING,1,12,0,1,31275604,ecf647d5,2337
25,1,2,22,13,3,59,TRAINING,3,14,0,0,31725604,ec6f47d5,3449
25,1,2,22,13,3,60,TRAINING,2,15,1,3,31625704,ec7f46d5,2879
25,1,2,22,13,3,61,TRAINING,7,6,0,7,31625407,ec7f45d6,2593
25,1,2,22,13,3,62,TRAINING,4,5,1,6,31625047,ec7f4d56,3606
25,1,2,22,13,3,63,TRAINING,3,14,0,0,31265047,ecf74d56,2382
25,1,2,22,13,3,64,TRAINING,7,6,0,7,30265147,edf74c56,2122
25,1,2,22,13,3,65,TEST,4,5,1,1,true,1093
25,1,2,22,13,3,66,TEST,2,15,1,0,false,1033
25,1,2,22,13,3,67,TEST,1,12,0,0,true,2387
25,1,2,22,13,3,68,TEST,3,14,0,0,true,1045
25,1,2,22,13,3,69,TEST,5,4,1,1,true,898
25,1,2,22,13,3,70,TEST,7,6,0,0,true,837
25,1,2,22,13,3,71,TEST,0,13,1,1,true,553
25,1,2,22,13,3,72,TEST,6,7,0,0,true,1348
25,1,2,22,13,4,73,TRAINING,4,5,1,6,63507142,7e4d6c5f,5794
25,1,2,22,13,4,74,TRAINING,2,15,1,7,63501742,7e4dc65f,1971
25,1,2,22,13,4,75,TRAINING,5,4,1,4,63105742,7ecd465f,4550
25,1,2,22,13,4,76,TRAINING,3,14,0,1,63405712,7e5d46cf,2489
25,1,2,22,13,4,77,TRAINING,1,12,0,3,63415702,7e5c46df,3717
25,1,2,22,13,4,78,TRAINING,6,7,0,0,63514702,7e4c56df,2259
25,1,2,22,13,4,79,TRAINING,7,6,0,6,63514072,7e4c5d6f,2467
25,1,2,22,13,4,80,TRAINING,2,15,1,7,63541072,7e45cd6f,3485
25,1,2,22,13,4,81,TRAINING,3,14,0,1,63145072,7ec54d6f,3303
25,1,2,22,13,4,82,TRAINING,7,6,0,2,63745012,7e654dcf,2363
25,1,2,22,13,4,83,TRAINING,6,7,0,0,63725014,7e6f4dc5,3121
25,1,2,22,13,4,84,TRAINING,0,13,1,5,63715024,7e6c4df5,2610
25,1,2,22,13,4,85,TRAINING,1,12,0,3,63415027,7e5c4df6,2200
25,1,2,22,13,4,86,TRAINING,4,5,1,2,53416027,4e5c7df6,2179
25,1,2,22,13,4,87,TRAINING,0,13,1,6,53416207,4e5c7fd6,2218
25,1,2,22,13,4,88,TRAINING,5,4,1,0,53416702,4e5c76df,2730
25,1,2,22,13,4,89,TEST,6,7,0,0,true,1225
25,1,2,22,13,4,90,TEST,0,13,1,1,true,1519
25,1,2,22,13,4,91,TEST,5,4,1,1,true,655
25,1,2,22,13,4,92,TEST,4,5,1,1,true,847
25,1,2,22,13,4,93,TEST,7,6,0,0,true,895
25,1,2,22,13,4,94,TEST,3,14,0,0,true,929
25,1,2,22,13,4,95,TEST,2,15,1,0,false,880
25,1,2,22,13,4,96,TEST,1,12,0,1,false,1088
25,1,2,22,13,5,97,TRAINING,5,4,1,3,32756401,ef6475dc,9322
25,1,2,22,13,5,98,TRAINING,4,5,1,0,42756301,5f647edc,2274
25,1,2,22,13,5,99,TRAINING,3,14,0,5,42056371,5fd47e6c,2377
25,1,2,22,13,5,100,TRAINING,6,7,0,4,42016375,5fdc7e64,2471
25,1,2,22,13,5,101,TRAINING,7,6,0,6,02416375,df5c7e64,2310
25,1,2,22,13,5,102,TRAINING,2,15,1,1,02516374,df4c7e65,1866
25,1,2,22,13,5,103,TRAINING,3,14,0,5,12506374,cf4d7e65,2844
25,1,2,22,13,5,104,TRAINING,1,12,0,0,12605374,cf7d4e65,2426
25,1,2,22,13,5,105,TRAINING,6,7,0,1,16205374,c7fd4e65,2169
25,1,2,22,13,5,106,TRAINING,4,5,1,4,16204375,c7fd5e64,2027
25,1,2,22,13,5,107,TRAINING,0,13,1,3,16504372,c74d5e6f,3292
25,1,2,22,13,5,108,TRAINING,5,4,1,2,12504376,cf4d5e67,1859
25,1,2,22,13,5,109,TRAINING,0,13,1,3,12504673,cf4d576e,1861
25,1,2,22,13,5,110,TRAINING,1,12,0,0,17504623,c64d57fe,3598
25,1,2,22,13,5,111,TRAINING,7,6,0,1,17405623,c65d47fe,2592
25,1,2,22,13,5,112,TRAINING,2,15,1,6,17504623,c64d57fe,2029
25,1,2,22,13,5,113,TEST,3,14,0,0,true,862
25,1,2,22,13,5,114,TEST,5,4,1,1,true,945
25,1,2,22,13,5,115,TEST,1,12,0,0,true,799
25,1,2,22,13,5,116,TEST,6,7,0,1,false,681
25,1,2,22,13,5,117,TEST,7,6,0,1,false,681
25,1,2,22,13,5,118,TEST,4,5,1,1,true,1376
25,1,2,22,13,5,119,TEST,2,15,1,1,true,1169
25,1,2,22,13,5,120,TEST,0,13,1,1,true,1049
25,1,2,22,13,6,121,TRAINING,6,7,0,2,72613054,6f7ced45,2953
25,1,2,22,13,6,122,TRAINING,3,14,0,4,72613450,6f7ce54d,3900
25,1,2,22,13,6,123,TRAINING,4,5,1,0,42613750,5f7ce64d,1856
25,1,2,22,13,6,124,TRAINING,7,6,0,5,42613705,5f7ce6d4,3602
25,1,2,22,13,6,125,TRAINING,2,15,1,4,43612705,5e7cf6d4,1864
25,1,2,22,13,6,126,TRAINING,7,6,0,5,43162705,5ec7f6d4,2888
25,1,2,22,13,6,127,TRAINING,0,13,1,6,53162704,4ec7f6d5,2064
25,1,2,22,13,6,128,TRAINING,5,4,1,0,53142706,4ec5f6d7,2044
25,1,2,22,13,6,129,TRAINING,4,5,1,3,57142306,46c5fed7,1860
25,1,2,22,13,6,130,TRAINING,6,7,0,4,57146302,46c57edf,1953
25,1,2,22,13,6,131,TRAINING,1,12,0,2,57146320,46c57efd,1909
25,1,2,22,13,6,132,TRAINING,0,13,1,7,52146370,4fc57e6d,2939
25,1,2,22,13,6,133,TRAINING,3,14,0,5,54126370,45cf7e6d,2177
25,1,2,22,13,6,134,TRAINING,2,15,1,3,57126340,46cf7e5d,2567
25,1,2,22,13,6,135,TRAINING,1,12,0,4,57621340,467fce5d,2496
25,1,2,22,13,6,136,TRAINING,5,4,1,0,57621430,467fc5ed,2827
25,1,2,22,13,6,137,TEST,0,13,1,1,true,1802
25,1,2,22,13,6,138,TEST,5,4,1,0,false,1256
25,1,2,22,13,6,139,TEST,4,5,1,1,true,1363
25,1,2,22,13,6,140,TEST,6,7,0,1,false,832
25,1,2,22,13,6,141,TEST,1,12,0,0,true,612
25,1,2,22,13,6,142,TEST,2,15,1,1,true,834
25,1,2,22,13,6,143,TEST,3,14,0,0,true,532
25,1,2,22,13,6,144,TEST,7,6,0,1,false,694
25,1,2,22,13,7,145,TRAINING,1,12,0,6,30547612,ed4567cf,4713
25,1,2,22,13,7,146,TRAINING,1,12,0,6,70543612,6d45e7cf,1906
25,1,2,22,13,7,147,TRAINING,4,5,1,3,30547612,ed4567cf,2397
25,1,2,22,13,7,148,TRAINING,5,4,1,2,70543612,6d45e7cf,2219
25,1,2,22,13,7,149,TRAINING,3,14,0,4,71543602,6c45e7df,2202
25,1,2,22,13,7,150,TRAINING,6,7,0,5,71503642,6c4de75f,2078
25,1,2,22,13,7,151,TRAINING,5,4,1,2,21503647,fc4de756,2067
25,1,2,22,13,7,152,TRAINING,3,14,0,4,21503674,fc4de765,1903
25,1,2,22,13,7,153,TRAINING,4,5,1,7,01523674,dc4fe765,2254
25,1,2,22,13,7,154,TRAINING,7,6,0,5,01523764,dc4fe675,3209
25,1,2,22,13,7,155,TRAINING,6,7,0,6,01532764,dc4ef675,5982
25,1,2,22,13,7,156,TRAINING,2,15,1,4,10532764,cd4ef675,3586
25,1,2,22,13,7,157,TRAINING,0,13,1,1,10532467,cd4ef576,2460
25,1,2,22,13,7,158,TRAINING,0,13,1,1,10732465,cd6ef574,1778
25,1,2,22,13,7,159,TRAINING,7,6,0,2,60732415,7d6ef5c4,2718
25,1,2,22,13,7,160,TRAINING,2,15,1,4,60732451,7d6ef54c,3931
25,1,2,22,13,7,161,TEST,5,4,1,1,true,2416
25,1,2,22,13,7,162,TEST,2,15,1,1,true,1379
25,1,2,22,13,7,163,TEST,1,12,0,0,true,735
25,1,2,22,13,7,164,TEST,0,13,1,1,true,773
25,1,2,22,13,7,165,TEST,7,6,0,0,true,620
25,1,2,22,13,7,166,TEST,4,5,1,1,true,677
25,1,2,22,13,7,167,TEST,6,7,0,1,false,783
25,1,2,22,13,7,168,TEST,3,14,0,0,true,583
25,1,2,22,13,8,169,TRAINING,1,12,0,7,60425371,7d5f4e6c,3330
25,1,2,22,13,8,170,TRAINING,4,5,1,5,60325471,7def456c,2706
25,1,2,22,13,8,171,TRAINING,5,4,1,4,62305471,7fed456c,2469
25,1,2,22,13,8,172,TRAINING,6,7,0,0,62305417,7fed45c6,2173
25,1,2,22,13,8,173,TRAINING,1,12,0,6,60325417,7def45c6,1975
25,1,2,22,13,8,174,TRAINING,0,13,1,7,67325410,76ef45cd,2233
25,1,2,22,13,8,175,TRAINING,2,15,1,0,27365410,f6e745cd,2183
25,1,2,22,13,8,176,TRAINING,7,6,0,1,27635410,f67e45cd,2685
25,1,2,22,13,8,177,TRAINING,0,13,1,7,27135460,f6ce457d,4002
25,1,2,22,13,8,178,TRAINING,2,15,1,2,17235460,c6fe457d,2609
25,1,2,22,13,8,179,TRAINING,7,6,0,1,17245360,c6f54e7d,2913
25,1,2,22,13,8,180,TRAINING,3,14,0,5,17246350,c6f57e4d,2021
25,1,2,22,13,8,181,TRAINING,3,14,0,5,07246351,d6f57e4c,1638
25,1,2,22,13,8,182,TRAINING,4,5,1,3,01246357,dcf57e46,2994
25,1,2,22,13,8,183,TRAINING,6,7,0,0,61240357,7cf5de46,2548
25,1,2,22,13,8,184,TRAINING,5,4,1,6,62140357,7fc5de46,3718
25,1,2,22,13,8,185,TEST,7,6,0,1,false,1496
25,1,2,22,13,8,186,TEST,4,5,1,1,true,1356
25,1,2,22,13,8,187,TEST,1,12,0,0,true,827
25,1,2,22,13,8,188,TEST,5,4,1,0,false,891
25,1,2,22,13,8,189,TEST,0,13,1,1,true,1561
25,1,2,22,13,8,190,TEST,6,7,0,1,false,710
25,1,2,22,13,8,191,TEST,3,14,0,0,true,719
25,1,2,22,13,8,192,TEST,2,15,1,1,true,2627
25,1,2,22,13,9,193,TRAINING,6,7,0,1,06215347,d7fc4e56,6519
25,1,2,22,13,9,194,TRAINING,0,13,1,0,06235147,d7fe4c56,2566
25,1,2,22,13,9,195,TRAINING,5,4,1,4,06235174,d7fe4c65,2754
25,1,2,22,13,9,196,TRAINING,4,5,1,7,06215374,d7fc4e65,3452
25,1,2,22,13,9,197,TRAINING,5,4,1,4,60215374,7dfc4e65,2443
25,1,2,22,13,9,198,TRAINING,1,12,0,6,60275314,7df64ec5,1967
25,1,2,22,13,9,199,TRAINING,0,13,1,2,62075314,7fd64ec5,2565
25,1,2,22,13,9,200,TRAINING,1,12,0,6,42075316,5fd64ec7,1930
25,1,2,22,13,9,201,TRAINING,6,7,0,7,42035716,5fde46c7,2975
25,1,2,22,13,9,202,TRAINING,2,15,1,1,42305716,5fed46c7,4096
25,1,2,22,13,9,203,TRAINING,3,14,0,2,42375016,5fe64dc7,2050
25,1,2,22,13,9,204,TRAINING,7,6,0,3,02375416,dfe645c7,2187
25,1,2,22,13,9,205,TRAINING,3,14,0,2,20375416,fde645c7,3290
25,1,2,22,13,9,206,TRAINING,4,5,1,4,20374516,fde654c7,2683
25,1,2,22,13,9,207,TRAINING,7,6,0,3,10374526,cde654f7,2946
25,1,2,22,13,9,208,TRAINING,2,15,1,6,30174526,edc654f7,1957
25,1,2,22,13,9,209,TEST,6,7,0,1,false,1373
25,1,2,22,13,9,210,TEST,5,4,1,0,false,869
25,1,2,22,13,9,211,TEST,3,14,0,0,true,581
25,1,2,22,13,9,212,TEST,4,5,1,1,true,1270
25,1,2,22,13,9,213,TEST,1,12,0,0,true,681
25,1,2,22,13,9,214,TEST,0,13,1,1,true,816
25,1,2,22,13,9,215,TEST,7,6,0,1,false,1672
25,1,2,22,13,9,216,TEST,2,15,1,1,true,1380
25,1,2,22,13,10,217,TRAINING,3,14,0,6,25671034,f476cde5,2053
25,1,2,22,13,10,218,TRAINING,2,15,1,0,25471036,f456cde7,2150
25,1,2,22,13,10,219,TRAINING,2,15,1,0,25471630,f456c7ed,1731
25,1,2,22,13,10,220,TRAINING,4,5,1,2,25471360,f456ce7d,2217
25,1,2,22,13,10,221,TRAINING,5,4,1,1,25401367,f45dce76,3755
25,1,2,22,13,10,222,TRAINING,7,6,0,7,15402367,c45dfe76,2311
25,1,2,22,13,10,223,TRAINING,5,4,1,1,05412367,d45cfe76,2316
25,1,2,22,13,10,224,TRAINING,4,5,1,2,05413267,d45cef76,3479
25,1,2,22,13,10,225,TRAINING,0,13,1,3,15403267,c45def76,2708
25,1,2,22,13,10,226,TRAINING,6,7,0,6,15403762,c45de67f,2204
25,1,2,22,13,10,227,TRAINING,6,7,0,6,51403762,4c5de67f,2644
25,1,2,22,13,10,228,TRAINING,1,12,0,4,53401762,4e5dc67f,1922
25,1,2,22,13,10,229,TRAINING,7,6,0,5,43501762,5e4dc67f,2843
25,1,2,22,13,10,230,TRAINING,3,14,0,0,34501762,e54dc67f,2011
25,1,2,22,13,10,231,TRAINING,0,13,1,3,34201765,e5fdc674,2205
25,1,2,22,13,10,232,TRAINING,1,12,0,4,37201465,e6fdc574,2370
25,1,2,22,13,10,233,TEST,7,6,0,0,true,2683
25,1,2,22,13,10,234,TEST,2,15,1,1,true,1405
25,1,2,22,13,10,235,TEST,3,14,0,0,true,800
25,1,2,22,13,10,236,TEST,5,4,1,1,true,1092
25,1,2,22,13,10,237,TEST,4,5,1,1,true,662
25,1,2,22,13,10,238,TEST,1,12,0,0,true,597
25,1,2,22,13,10,239,TEST,0,13,1,0,false,1877
25,1,2,22,13,10,240,TEST,6,7,0,1,false,987
25,1,2,22,13,11,241,TRAINING,0,13,1,0,04251637,d5f4c7e6,3979
25,1,2,22,13,11,242,TRAINING,7,6,0,3,04271635,d5f6c7e4,1749
25,1,2,22,13,11,243,TRAINING,1,12,0,4,02471635,df56c7e4,2011
25,1,2,22,13,11,244,TRAINING,5,4,1,7,62471035,7f56cde4,2670
25,1,2,22,13,11,245,TRAINING,6,7,0,3,72461035,6f57cde4,2210
25,1,2,22,13,11,246,TRAINING,7,6,0,2,42761035,5f67cde4,2099
25,1,2,22,13,11,247,TRAINING,6,7,0,3,40761235,5d67cfe4,2267
25,1,2,22,13,11,248,TRAINING,3,14,0,6,45761230,5467cfed,2090
25,1,2,22,13,11,249,TRAINING,1,12,0,4,47561230,5647cfed,1565
25,1,2,22,13,11,250,TRAINING,2,15,1,5,57461230,4657cfed,2071
25,1,2,22,13,11,251,TRAINING,3,14,0,6,47561230,5647cfed,1966
25,1,2,22,13,11,252,TRAINING,5,4,1,2,67541230,7645cfed,1822
25,1,2,22,13,11,253,TRAINING,0,13,1,5,67541032,7645cdef,2303
25,1,2,22,13,11,254,TRAINING,2,15,1,7,17546032,c6457def,2652
25,1,2,22,13,11,255,TRAINING,4,5,1,3,15746032,c4657def,1928
25,1,2,22,13,11,256,TRAINING,4,5,1,3,51746032,4c657def,3504
25,1,2,22,13,11,257,TEST,5,4,1,1,true,1880
25,1,2,22,13,11,258,TEST,6,7,0,1,false,1016
25,1,2,22,13,11,259,TEST,7,6,0,1,false,937
25,1,2,22,13,11,260,TEST,1,12,0,0,true,669
25,1,2,22,13,11,261,TEST,4,5,1,1,true,815
25,1,2,22,13,11,262,TEST,3,14,0,0,true,547
25,1,2,22,13,11,263,TEST,2,15,1,1,true,983
25,1,2,22,13,11,264,TEST,0,13,1,1,true,1098
25,1,2,22,13,12,265,TRAINING,6,7,0,2,25634170,f47e5c6d,3185
25,1,2,22,13,12,266,TRAINING,0,13,1,7,23654170,fe745c6d,2031
25,1,2,22,13,12,267,TRAINING,3,14,0,1,73654120,6e745cfd,1962
25,1,2,22,13,12,268,TRAINING,2,15,1,6,43657120,5e746cfd,2099
25,1,2,22,13,12,269,TRAINING,3,14,0,1,03657124,de746cf5,1716
25,1,2,22,13,12,270,TRAINING,7,6,0,7,03654127,de745cf6,2333
25,1,2,22,13,12,271,TRAINING,0,13,1,3,53604127,4e7d5cf6,2206
25,1,2,22,13,12,272,TRAINING,7,6,0,7,53601427,4e7dc5f6,2046
25,1,2,22,13,12,273,TRAINING,4,5,1,5,53201467,4efdc576,1878
25,1,2,22,13,12,274,TRAINING,6,7,0,4,53206417,4efd75c6,1975
25,1,2,22,13,12,275,TRAINING,1,12,0,6,53276410,4ef675cd,2784
25,1,2,22,13,12,276,TRAINING,2,15,1,3,53726410,4e6f75cd,1906
25,1,2,22,13,12,277,TRAINING,1,12,0,6,53627410,4e7f65cd,1636
25,1,2,22,13,12,278,TRAINING,5,4,1,0,56327410,47ef65cd,2905
25,1,2,22,13,12,279,TRAINING,4,5,1,5,53627410,4e7f65cd,2509
25,1,2,22,13,12,280,TRAINING,5,4,1,0,50627413,4d7f65ce,1919
25,1,2,22,13,12,281,TEST,2,15,1,1,true,1906
25,1,2,22,13,12,282,TEST,5,4,1,1,true,763
25,1,2,22,13,12,283,TEST,7,6,0,1,false,911
25,1,2,22,13,12,284,TEST,6,7,0,1,false,794
25,1,2,22,13,12,285,TEST,3,14,0,0,true,756
25,1,2,22,13,12,286,TEST,4,5,1,1,true,580
25,1,2,22,13,12,287,TEST,1,12,0,0,true,597
25,1,2,22,13,12,288,TEST,0,13,1,1,true,965
25,1,2,22,13,13,289,TRAINING,0,13,1,4,41760532,5c67d4ef,9906
25,1,2,22,13,13,290,TRAINING,5,4,1,5,14760532,c567d4ef,2840
25,1,2,22,13,13,291,TRAINING,3,14,0,7,14760523,c567d4fe,4011
25,1,2,22,13,13,292,TRAINING,1,12,0,1,41760523,5c67d4fe,2987
25,1,2,22,13,13,293,TRAINING,5,4,1,5,61740523,7c65d4fe,2918
25,1,2,22,13,13,294,TRAINING,1,12,0,1,61742503,7c65f4de,2331
25,1,2,22,13,13,295,TRAINING,6,7,0,0,61742530,7c65f4ed,1985
25,1,2,22,13,13,296,TRAINING,7,6,0,7,61042537,7cd5f4e6,2955
25,1,2,22,13,13,297,TRAINING,4,5,1,4,61024537,7cdf54e6,2986
25,1,2,22,13,13,298,TRAINING,3,14,0,6,01624537,dc7f54e6,2543
25,1,2,22,13,13,299,TRAINING,2,15,1,2,01264537,dcf754e6,2346
25,1,2,22,13,13,300,TRAINING,0,13,1,4,41260537,5cf7d4e6,2269
25,1,2,22,13,13,301,TRAINING,6,7,0,3,41260735,5cf7d6e4,2299
25,1,2,22,13,13,302,TRAINING,2,15,1,6,41360725,5ce7d6f4,2172
25,1,2,22,13,13,303,TRAINING,7,6,0,1,47360125,56e7dcf4,1700
25,1,2,22,13,13,304,TRAINING,4,5,1,5,17360425,c6e7d5f4,3109
25,1,2,22,13,13,305,TEST,0,13,1,1,true,1397
25,1,2,22,13,13,306,TEST,4,5,1,1,true,852
25,1,2,22,13,13,307,TEST,3,14,0,0,true,572
25,1,2,22,13,13,308,TEST,1,12,0,0,true,789
25,1,2,22,13,13,309,TEST,6,7,0,0,true,948
25,1,2,22,13,13,310,TEST,2,15,1,1,true,2726
25,1,2,22,13,13,311,TEST,5,4,1,1,true,753
25,1,2,22,13,13,312,TEST,7,6,0,0,true,669
25,1,2,22,13,14,313,TRAINING,1,12,0,6,52403716,4f5de6c7,2377
25,1,2,22,13,14,314,TRAINING,4,5,1,4,52304716,4fed56c7,1863
25,1,2,22,13,14,315,TRAINING,5,4,1,0,52304617,4fed57c6,2004
25,1,2,22,13,14,316,TRAINING,2,15,1,3,50324617,4def57c6,2004
25,1,2,22,13,14,317,TRAINING,7,6,0,7,50324167,4def5c76,2286
25,1,2,22,13,14,318,TRAINING,0,13,1,0,05324167,d4ef5c76,1799
25,1,2,22,13,14,319,TRAINING,0,13,1,0,05423167,d45fec76,1803
25,1,2,22,13,14,320,TRAINING,6,7,0,6,05473162,d456ec7f,1637
25,1,2,22,13,14,321,TRAINING,1,12,0,5,05273164,d4f6ec75,1671
25,1,2,22,13,14,322,TRAINING,5,4,1,1,45273160,54f6ec7d,1842
25,1,2,22,13,14,323,TRAINING,3,14,0,4,45073162,54d6ec7f,2196
25,1,2,22,13,14,324,TRAINING,4,5,1,0,45673102,5476ecdf,1861
25,1,2,22,13,14,325,TRAINING,7,6,0,3,46573102,5746ecdf,1672
25,1,2,22,13,14,326,TRAINING,3,14,0,6,46570132,5746dcef,1545
25,1,2,22,13,14,327,TRAINING,6,7,0,1,46270135,57f6dce4,1843
25,1,2,22,13,14,328,TRAINING,2,15,1,2,46271035,57f6cde4,1869
25,1,2,22,13,14,329,TEST,1,12,0,0,true,927
25,1,2,22,13,14,330,TEST,2,15,1,1,true,1424
25,1,2,22,13,14,331,TEST,3,14,0,0,true,592
25,1,2,22,13,14,332,TEST,0,13,1,1,true,820
25,1,2,22,13,14,333,TEST,6,7,0,0,true,577
25,1,2,22,13,14,334,TEST,4,5,1,1,true,789
25,1,2,22,13,14,335,TEST,7,6,0,0,true,685
25,1,2,22,13,14,336,TEST,5,4,1,1,true,938
25,1,2,22,13,INSTRUCT,postquestionnaire,1

rulestrategy:I connected the light blue and white with the A for the Argentina Flag
I like the color purple, so the texture purple was B.
the rest is hard to explain...I tried to keep the images in my mind, next to the letter

no pencil neither notes, as we agree at the beginning 
howtoimprove:It was just perfect ! :)
engagement:10
difficulty:5
physicalaids:no