250,1,5,3,1,INSTRUCT,instruct1,15951
250,1,5,3,1,INSTRUCT,instructCatExample,13890
250,1,5,3,1,INSTRUCT,instructCatColor,5789
250,1,5,3,1,INSTRUCT,instructCatStripe,12259
250,1,5,3,1,INSTRUCT,instructDemoIntro,40359
250,1,5,3,1,INSTRUCT,instructDemo,87693
250,1,5,3,1,INSTRUCT,instructTest,19807
250,1,5,3,1,INSTRUCT,instructTest2,25501
250,1,5,3,1,INSTRUCT,instructDimColor,16129
250,1,5,3,1,INSTRUCT,instructDimBorder,4622
250,1,5,3,1,INSTRUCT,instructDimDots,3493
250,1,5,3,1,INSTRUCT,instructDimStripe,3252
250,1,5,3,1,INSTRUCT,instructDimAll,4625
250,1,5,3,1,INSTRUCT,instructFinal,35522
250,1,5,3,1,1,1,TRAINING,5,2,1,3,26054731,57426310,7459
250,1,5,3,1,1,2,TRAINING,2,5,0,5,76054231,37426510,4690
250,1,5,3,1,1,3,TRAINING,4,6,0,4,76154230,37026514,5078
250,1,5,3,1,1,4,TRAINING,0,4,1,7,36154270,17026534,2753
250,1,5,3,1,1,5,TRAINING,6,7,1,6,37154260,13026574,5738
250,1,5,3,1,1,6,TRAINING,7,3,0,1,37514260,13206574,2303
250,1,5,3,1,1,7,TRAINING,6,7,1,6,37415260,13602574,3385
250,1,5,3,1,1,8,TRAINING,4,6,0,4,37514260,13206574,1866
250,1,5,3,1,1,9,TRAINING,7,3,0,0,73514260,31206574,3219
250,1,5,3,1,1,10,TRAINING,1,0,0,3,76514230,37206514,3207
250,1,5,3,1,1,11,TRAINING,5,2,1,1,75614230,32706514,2307
250,1,5,3,1,1,12,TRAINING,3,1,1,6,75610234,32704516,3549
250,1,5,3,1,1,13,TRAINING,0,4,1,4,75210634,32504716,2143
250,1,5,3,1,1,14,TRAINING,2,5,0,2,71250634,30524716,7637
250,1,5,3,1,1,15,TRAINING,3,1,1,6,71250436,30524617,1877
250,1,5,3,1,1,16,TRAINING,1,0,0,0,17250436,03524617,1455
250,1,5,3,1,1,17,TEST,1,0,0,1,false,2135
250,1,5,3,1,1,18,TEST,2,5,0,0,true,1160
250,1,5,3,1,1,19,TEST,0,4,1,1,true,1207
250,1,5,3,1,1,20,TEST,3,1,1,0,false,2038
250,1,5,3,1,1,21,TEST,6,7,1,1,true,880
250,1,5,3,1,1,22,TEST,7,3,0,1,false,946
250,1,5,3,1,1,23,TEST,5,2,1,0,false,912
250,1,5,3,1,1,24,TEST,4,6,0,0,true,607
250,1,5,3,1,2,25,TRAINING,0,4,1,6,56241307,27560143,2789
250,1,5,3,1,2,26,TRAINING,6,7,1,1,56271304,27530146,8674
250,1,5,3,1,2,27,TRAINING,1,0,0,4,56231704,27510346,11473
250,1,5,3,1,2,28,TRAINING,5,2,1,0,56241703,27560341,6343
250,1,5,3,1,2,29,TRAINING,4,6,0,3,56241073,27560431,2449
250,1,5,3,1,2,30,TRAINING,4,6,0,3,56741023,27360451,8437
250,1,5,3,1,2,31,TRAINING,7,3,0,7,56341027,27160453,2131
250,1,5,3,1,2,32,TRAINING,2,5,0,2,56241037,27560413,1799
250,1,5,3,1,2,33,TRAINING,3,1,1,6,51246037,20567413,2348
250,1,5,3,1,2,34,TRAINING,2,5,0,2,51246730,20567314,1947
250,1,5,3,1,2,35,TRAINING,0,4,1,7,54216730,26507314,2360
250,1,5,3,1,2,36,TRAINING,7,3,0,6,54216370,26507134,3879
250,1,5,3,1,2,37,TRAINING,5,2,1,0,52416370,25607134,1892
250,1,5,3,1,2,38,TRAINING,1,0,0,3,50416372,24607135,2536
250,1,5,3,1,2,39,TRAINING,6,7,1,4,50416327,24607153,1807
250,1,5,3,1,2,40,TRAINING,3,1,1,5,57416320,23607154,1915
250,1,5,3,1,2,41,TEST,6,7,1,0,false,1618
250,1,5,3,1,2,42,TEST,0,4,1,0,false,2069
250,1,5,3,1,2,43,TEST,5,2,1,1,true,1405
250,1,5,3,1,2,44,TEST,3,1,1,1,true,1655
250,1,5,3,1,2,45,TEST,4,6,0,0,true,723
250,1,5,3,1,2,46,TEST,7,3,0,0,true,1199
250,1,5,3,1,2,47,TEST,2,5,0,1,false,1429
250,1,5,3,1,2,48,TEST,1,0,0,1,false,1199
250,1,5,3,1,3,49,TRAINING,3,1,1,0,30146257,14067523,4054
250,1,5,3,1,3,50,TRAINING,1,0,0,2,30176254,14037526,5497
250,1,5,3,1,3,51,TRAINING,7,3,0,3,32176054,15037426,3363
250,1,5,3,1,3,52,TRAINING,0,4,1,5,32174056,15036427,3462
250,1,5,3,1,3,53,TRAINING,7,3,0,3,32176054,15037426,3914
250,1,5,3,1,3,54,TRAINING,0,4,1,5,42176053,65037421,5909
250,1,5,3,1,3,55,TRAINING,6,7,1,4,52176043,25037461,13217
250,1,5,3,1,3,56,TRAINING,2,5,0,6,54176023,26037451,7087
250,1,5,3,1,3,57,TRAINING,4,6,0,5,50176423,24037651,7208
250,1,5,3,1,3,58,TRAINING,4,6,0,5,50173426,24031657,4789
250,1,5,3,1,3,59,TRAINING,5,2,1,6,20173456,54031627,3709
250,1,5,3,1,3,60,TRAINING,5,2,1,6,20163457,54071623,5618
250,1,5,3,1,3,61,TRAINING,6,7,1,3,24163057,56071423,4118
250,1,5,3,1,3,62,TRAINING,2,5,0,0,24361057,56170423,2852
250,1,5,3,1,3,63,TRAINING,1,0,0,5,24360157,56174023,1683
250,1,5,3,1,3,64,TRAINING,3,1,1,1,23460157,51674023,1347
250,1,5,3,1,3,65,TEST,4,6,0,0,true,1156
250,1,5,3,1,3,66,TEST,6,7,1,0,false,1401
250,1,5,3,1,3,67,TEST,1,0,0,1,false,1101
250,1,5,3,1,3,68,TEST,0,4,1,0,false,780
250,1,5,3,1,3,69,TEST,7,3,0,0,true,1008
250,1,5,3,1,3,70,TEST,2,5,0,1,false,1624
250,1,5,3,1,3,71,TEST,3,1,1,1,true,1707
250,1,5,3,1,3,72,TEST,5,2,1,0,false,2024
250,1,5,3,1,4,73,TRAINING,7,3,0,7,36201547,17540263,5998
250,1,5,3,1,4,74,TRAINING,3,1,1,2,26301547,57140263,3747
250,1,5,3,1,4,75,TRAINING,2,5,0,5,56301247,27140563,2253
250,1,5,3,1,4,76,TRAINING,1,0,0,4,76301245,37140562,2489
250,1,5,3,1,4,77,TRAINING,2,5,0,5,46301275,67140532,3639
250,1,5,3,1,4,78,TRAINING,5,2,1,7,36401275,17640532,2905
250,1,5,3,1,4,79,TRAINING,0,4,1,3,31406275,10647532,2279
250,1,5,3,1,4,80,TRAINING,3,1,1,0,31604275,10746532,3683
250,1,5,3,1,4,81,TRAINING,7,3,0,6,31504276,10246537,3816
250,1,5,3,1,4,82,TRAINING,0,4,1,2,31054276,10426537,1822
250,1,5,3,1,4,83,TRAINING,6,7,1,7,41053276,60421537,2104
250,1,5,3,1,4,84,TRAINING,5,2,1,0,51043276,20461537,2517
250,1,5,3,1,4,85,TRAINING,4,6,0,6,51073246,20431567,2034
250,1,5,3,1,4,86,TRAINING,4,6,0,6,50173246,24031567,1715
250,1,5,3,1,4,87,TRAINING,1,0,0,2,50173642,24031765,5068
250,1,5,3,1,4,88,TRAINING,6,7,1,5,30175642,14032765,3031
250,1,5,3,1,4,89,TEST,4,6,0,1,false,1626
250,1,5,3,1,4,90,TEST,5,2,1,1,true,904
250,1,5,3,1,4,91,TEST,7,3,0,1,false,817
250,1,5,3,1,4,92,TEST,0,4,1,1,true,65
250,1,5,3,1,4,93,TEST,3,1,1,1,true,89
250,1,5,3,1,4,94,TEST,1,0,0,1,false,137
250,1,5,3,1,4,95,TEST,6,7,1,1,true,67
250,1,5,3,1,4,96,TEST,2,5,0,1,false,683
250,1,5,3,1,5,97,TRAINING,4,6,0,2,25470163,52634071,6367
250,1,5,3,1,5,98,TRAINING,1,0,0,5,26470153,57634021,9654
250,1,5,3,1,5,99,TRAINING,3,1,1,7,26407153,57643021,3225
250,1,5,3,1,5,100,TRAINING,2,5,0,0,26704153,57346021,2589
250,1,5,3,1,5,101,TRAINING,1,0,0,5,25704163,52346071,4967
250,1,5,3,1,5,102,TRAINING,5,2,1,4,24705163,56342071,1856
250,1,5,3,1,5,103,TRAINING,2,5,0,0,20745163,54362071,8676
250,1,5,3,1,5,104,TRAINING,3,1,1,6,20745136,54362017,2065
250,1,5,3,1,5,105,TRAINING,5,2,1,4,26745130,57362014,4257
250,1,5,3,1,5,106,TRAINING,6,7,1,1,16745230,07362514,6265
250,1,5,3,1,5,107,TRAINING,6,7,1,1,16345270,07162534,13765
250,1,5,3,1,5,108,TRAINING,0,4,1,7,16342570,07165234,4052
250,1,5,3,1,5,109,TRAINING,7,3,0,2,16742530,07365214,16429
250,1,5,3,1,5,110,TRAINING,7,3,0,2,26741530,57360214,37869
250,1,5,3,1,5,111,TRAINING,4,6,0,3,56741230,27360514,2012
250,1,5,3,1,5,112,TRAINING,0,4,1,5,56741032,27360415,5975
250,1,5,3,1,5,113,TEST,4,6,0,0,true,9325
250,1,5,3,1,5,114,TEST,5,2,1,1,true,1386
250,1,5,3,1,5,115,TEST,6,7,1,1,true,977
250,1,5,3,1,5,116,TEST,2,5,0,0,true,2314
250,1,5,3,1,5,117,TEST,0,4,1,1,true,1308
250,1,5,3,1,5,118,TEST,7,3,0,0,true,871
250,1,5,3,1,5,119,TEST,1,0,0,1,false,1024
250,1,5,3,1,5,120,TEST,3,1,1,1,true,2911
250,1,5,3,1,6,121,TRAINING,6,7,1,3,53267140,21573064,2429
250,1,5,3,1,6,122,TRAINING,0,4,1,7,43267150,61573024,3288
250,1,5,3,1,6,123,TRAINING,7,3,0,4,34267150,16573024,8878
250,1,5,3,1,6,124,TRAINING,6,7,1,3,34567120,16273054,2907
250,1,5,3,1,6,125,TRAINING,2,5,0,6,43567120,61273054,7740
250,1,5,3,1,6,126,TRAINING,5,2,1,2,43561720,61270354,1841
250,1,5,3,1,6,127,TRAINING,2,5,0,6,43561027,61270453,5185
250,1,5,3,1,6,128,TRAINING,1,0,0,4,47561023,63270451,7072
250,1,5,3,1,6,129,TRAINING,0,4,1,0,07561423,43270651,2323
250,1,5,3,1,6,130,TRAINING,7,3,0,1,07261453,43570621,3186
250,1,5,3,1,6,131,TRAINING,5,2,1,6,07261354,43570126,5613
250,1,5,3,1,6,132,TRAINING,1,0,0,4,07461352,43670125,3547
250,1,5,3,1,6,133,TRAINING,4,6,0,2,27461350,53670124,2683
250,1,5,3,1,6,134,TRAINING,3,1,1,0,37461250,13670524,1779
250,1,5,3,1,6,135,TRAINING,4,6,0,2,35461270,12670534,3916
250,1,5,3,1,6,136,TRAINING,3,1,1,0,35416270,12607534,7375
250,1,5,3,1,6,137,TEST,7,3,0,0,true,8161
250,1,5,3,1,6,138,TEST,3,1,1,1,true,816
250,1,5,3,1,6,139,TEST,4,6,0,1,false,4948
250,1,5,3,1,6,140,TEST,1,0,0,0,true,2603
250,1,5,3,1,6,141,TEST,0,4,1,1,true,2053
250,1,5,3,1,6,142,TEST,2,5,0,0,true,1217
250,1,5,3,1,6,143,TEST,5,2,1,1,true,1368
250,1,5,3,1,6,144,TEST,6,7,1,1,true,783
250,1,5,3,1,7,145,TRAINING,6,7,1,3,43160572,61074235,1580
250,1,5,3,1,7,146,TRAINING,3,1,1,2,41360572,60174235,2094
250,1,5,3,1,7,147,TRAINING,1,0,0,5,45360172,62174035,2343
250,1,5,3,1,7,148,TRAINING,5,2,1,4,40365172,64172035,2104
250,1,5,3,1,7,149,TRAINING,0,4,1,1,20365174,54172036,5248
250,1,5,3,1,7,150,TRAINING,0,4,1,1,10365274,04172536,2339
250,1,5,3,1,7,151,TRAINING,1,0,0,0,10265374,04572136,1528
250,1,5,3,1,7,152,TRAINING,7,3,0,6,10264375,04576132,5204
250,1,5,3,1,7,153,TRAINING,7,3,0,6,10564372,04276135,3774
250,1,5,3,1,7,154,TRAINING,4,6,0,3,10546372,04267135,3835
250,1,5,3,1,7,155,TRAINING,2,5,0,2,10246375,04567132,1976
250,1,5,3,1,7,156,TRAINING,3,1,1,5,10246357,04567123,5511
250,1,5,3,1,7,157,TRAINING,2,5,0,2,10256347,04527163,2052
250,1,5,3,1,7,158,TRAINING,4,6,0,6,70256341,34527160,2348
250,1,5,3,1,7,159,TRAINING,5,2,1,3,70251346,34520167,2077
250,1,5,3,1,7,160,TRAINING,6,7,1,7,71250346,30524167,2231
250,1,5,3,1,7,161,TEST,6,7,1,1,true,1756
250,1,5,3,1,7,162,TEST,2,5,0,0,true,923
250,1,5,3,1,7,163,TEST,3,1,1,1,true,1083
250,1,5,3,1,7,164,TEST,7,3,0,0,true,1792
250,1,5,3,1,7,165,TEST,5,2,1,1,true,1481
250,1,5,3,1,7,166,TEST,1,0,0,0,true,2916
250,1,5,3,1,7,167,TEST,0,4,1,1,true,1093
250,1,5,3,1,7,168,TEST,4,6,0,0,true,812
250,1,5,3,1,8,169,TRAINING,4,6,0,6,72301645,35140762,2011
250,1,5,3,1,8,170,TRAINING,4,6,0,6,75301642,32140765,2061
250,1,5,3,1,8,171,TRAINING,5,2,1,1,75031642,32410765,3011
250,1,5,3,1,8,172,TRAINING,6,7,1,5,75130642,32014765,1738
250,1,5,3,1,8,173,TRAINING,3,1,1,3,25130647,52014763,2382
250,1,5,3,1,8,174,TRAINING,2,5,0,7,75130642,32014765,4363
250,1,5,3,1,8,175,TRAINING,1,0,0,0,15730642,02314765,2744
250,1,5,3,1,8,176,TRAINING,7,3,0,2,15760342,02374165,4032
250,1,5,3,1,8,177,TRAINING,7,3,0,2,15730642,02314765,1421
250,1,5,3,1,8,178,TRAINING,5,2,1,1,15760342,02374165,3403
250,1,5,3,1,8,179,TRAINING,0,4,1,6,15764302,02376145,4080
250,1,5,3,1,8,180,TRAINING,1,0,0,2,75164302,32076145,1894
250,1,5,3,1,8,181,TRAINING,3,1,1,7,75164203,32076541,1613
250,1,5,3,1,8,182,TRAINING,2,5,0,5,57164203,23076541,2530
250,1,5,3,1,8,183,TRAINING,0,4,1,6,51764203,20376541,2978
250,1,5,3,1,8,184,TRAINING,6,7,1,3,51763204,20371546,1683
250,1,5,3,1,8,185,TEST,5,2,1,1,true,1571
250,1,5,3,1,8,186,TEST,0,4,1,1,true,1783
250,1,5,3,1,8,187,TEST,3,1,1,1,true,1075
250,1,5,3,1,8,188,TEST,6,7,1,1,true,984
250,1,5,3,1,8,189,TEST,2,5,0,0,true,991
250,1,5,3,1,8,190,TEST,7,3,0,0,true,539
250,1,5,3,1,8,191,TEST,4,6,0,0,true,1547
250,1,5,3,1,8,192,TEST,1,0,0,0,true,511
250,1,5,3,1,INSTRUCT,postquestionnaire,3

rulestrategy:Memorized the four patterns for group B and check if a pattern one of those or not.
howtoimprove:
engagement:7
difficulty:3
physicalaids:no