251,0,1,17,12,INSTRUCT,instruct1,10745
251,0,1,17,12,INSTRUCT,instructCatExample,10774
251,0,1,17,12,INSTRUCT,instructCatColor,8301
251,0,1,17,12,INSTRUCT,instructCatStripe,5943
251,0,1,17,12,INSTRUCT,instructDemoIntro,14735
251,0,1,17,12,INSTRUCT,instructDemo,52147
251,0,1,17,12,INSTRUCT,instructTest,41520
251,0,1,17,12,INSTRUCT,instructTest2,31087
251,0,1,17,12,INSTRUCT,instructDimColor,14272
251,0,1,17,12,INSTRUCT,instructDimBorder,6359
251,0,1,17,12,INSTRUCT,instructDimDots,17287
251,0,1,17,12,INSTRUCT,instructDimStripe,2616
251,0,1,17,12,INSTRUCT,instructDimAll,8511
251,0,1,17,12,INSTRUCT,instructFinal,10655
251,0,1,17,12,1,1,TRAINING,5,5,1,7,62143075,ce74f6d5,18344
251,0,1,17,12,1,2,TRAINING,7,13,0,5,62143705,ce74fd65,2363
251,0,1,17,12,1,3,TRAINING,0,6,0,6,62413705,ce47fd65,2883
251,0,1,17,12,1,4,TRAINING,2,14,1,1,62453701,ce45fd67,3707
251,0,1,17,12,1,5,TRAINING,1,7,1,7,62354701,cef54d67,2164
251,0,1,17,12,1,6,TRAINING,3,15,0,0,32654701,fec54d67,1843
251,0,1,17,12,1,7,TRAINING,4,4,0,4,32674501,fecd4567,12538
251,0,1,17,12,1,8,TRAINING,6,12,1,2,30674521,f6cd45e7,1602
251,0,1,17,12,1,9,TRAINING,1,7,1,7,37604521,fdc645e7,6000
251,0,1,17,12,1,10,TRAINING,3,15,0,0,37605421,fdc654e7,963
251,0,1,17,12,1,11,TRAINING,2,14,1,6,35607421,f5c6d4e7,3275
251,0,1,17,12,1,12,TRAINING,6,12,1,2,35647021,f5c4d6e7,5106
251,0,1,17,12,1,13,TRAINING,7,13,0,4,05647321,65c4dfe7,2532
251,0,1,17,12,1,14,TRAINING,0,6,0,0,05647312,65c4df7e,1528
251,0,1,17,12,1,15,TRAINING,2,14,1,7,05647132,65c4d7fe,1507
251,0,1,17,12,1,16,TRAINING,1,7,1,5,03647152,6fc4d75e,5396
251,0,1,17,12,1,17,TEST,4,4,0,0,true,3570
251,0,1,17,12,1,18,TEST,3,15,0,0,true,6274
251,0,1,17,12,1,19,TEST,0,6,0,1,false,1003
251,0,1,17,12,1,20,TEST,5,5,1,0,false,1738
251,0,1,17,12,1,21,TEST,2,14,1,1,true,4741
251,0,1,17,12,1,22,TEST,6,12,1,1,true,2738
251,0,1,17,12,1,23,TEST,1,7,1,0,false,2244
251,0,1,17,12,1,24,TEST,7,13,0,0,true,1324
251,0,1,17,12,2,25,TRAINING,3,15,0,7,01462573,674ce5df,29079
251,0,1,17,12,2,26,TRAINING,6,12,1,3,21460573,e74c65df,8412
251,0,1,17,12,2,27,TRAINING,6,12,1,3,71460523,d74c65ef,8004
251,0,1,17,12,2,28,TRAINING,7,13,0,0,71460325,d74c6fe5,32196
251,0,1,17,12,2,29,TRAINING,2,14,1,6,71460523,d74c65ef,10459
251,0,1,17,12,2,30,TRAINING,1,7,1,1,71360524,d7fc65e4,41674
251,0,1,17,12,2,31,TRAINING,0,6,0,4,31760524,f7dc65e4,4331
251,0,1,17,12,2,32,TRAINING,4,4,0,3,31740526,f7d465ec,3771
251,0,1,17,12,2,33,TRAINING,4,4,0,3,36740521,fcd465e7,2484
251,0,1,17,12,2,34,TRAINING,6,12,1,1,56740321,5cd46fe7,2450
251,0,1,17,12,2,35,TRAINING,3,15,0,5,56741320,5cd47fe6,1158
251,0,1,17,12,2,36,TRAINING,5,5,1,0,56041327,5c647fed,1056
251,0,1,17,12,2,37,TRAINING,1,7,1,4,56741320,5cd47fe6,2581
251,0,1,17,12,2,38,TRAINING,2,14,1,6,54761320,54dc7fe6,1106
251,0,1,17,12,2,39,TRAINING,3,15,0,5,54671320,54cd7fe6,1203
251,0,1,17,12,2,40,TRAINING,0,6,0,4,54670321,54cd6fe7,1675
251,0,1,17,12,2,41,TEST,0,6,0,0,true,3971
251,0,1,17,12,2,42,TEST,4,4,0,0,true,3471
251,0,1,17,12,2,43,TEST,3,15,0,1,false,1463
251,0,1,17,12,2,44,TEST,7,13,0,0,true,8334
251,0,1,17,12,2,45,TEST,2,14,1,1,true,3760
251,0,1,17,12,2,46,TEST,1,7,1,1,true,3324
251,0,1,17,12,2,47,TEST,6,12,1,0,false,2052
251,0,1,17,12,2,48,TEST,5,5,1,1,true,4523
251,0,1,17,12,3,49,TRAINING,2,14,1,3,50623471,56cef4d7,1351
251,0,1,17,12,3,50,TRAINING,0,6,0,1,50723461,56def4c7,1859
251,0,1,17,12,3,51,TRAINING,4,4,0,5,30725461,f6de54c7,1084
251,0,1,17,12,3,52,TRAINING,6,12,1,6,50723461,56def4c7,939
251,0,1,17,12,3,53,TRAINING,7,13,0,2,53720461,5fde64c7,908
251,0,1,17,12,3,54,TRAINING,5,5,1,0,53710462,5fd764ce,706
251,0,1,17,12,3,55,TRAINING,2,14,1,4,53712460,5fd7e4c6,1099
251,0,1,17,12,3,56,TRAINING,0,6,0,7,53742160,5fd4e7c6,1682
251,0,1,17,12,3,57,TRAINING,3,15,0,1,53642170,5fc4e7d6,2219
251,0,1,17,12,3,58,TRAINING,1,7,1,5,53672140,5fcde746,2148
251,0,1,17,12,3,59,TRAINING,4,4,0,6,53627140,5fced746,1405
251,0,1,17,12,3,60,TRAINING,6,12,1,2,52637140,5ecfd746,1506
251,0,1,17,12,3,61,TRAINING,5,5,1,0,57632140,5dcfe746,1331
251,0,1,17,12,3,62,TRAINING,7,13,0,1,57623140,5dcef746,1029
251,0,1,17,12,3,63,TRAINING,1,7,1,5,57624130,5dce47f6,1075
251,0,1,17,12,3,64,TRAINING,3,15,0,6,57604132,5dc647fe,1201
251,0,1,17,12,3,65,TEST,0,6,0,0,true,3970
251,0,1,17,12,3,66,TEST,2,14,1,1,true,6920
251,0,1,17,12,3,67,TEST,4,4,0,0,true,9160
251,0,1,17,12,3,68,TEST,6,12,1,1,true,2170
251,0,1,17,12,3,69,TEST,1,7,1,1,true,2810
251,0,1,17,12,3,70,TEST,5,5,1,1,true,22960
251,0,1,17,12,3,71,TEST,7,13,0,0,true,2320
251,0,1,17,12,3,72,TEST,3,15,0,0,true,3868
251,0,1,17,12,4,73,TRAINING,5,5,1,3,16250374,7ce56fd4,20623
251,0,1,17,12,4,74,TRAINING,5,5,1,3,16257304,7ce5df64,9693
251,0,1,17,12,4,75,TRAINING,4,4,0,7,16257034,7ce5d6f4,1435
251,0,1,17,12,4,76,TRAINING,5,5,1,3,36257014,fce5d674,1004
251,0,1,17,12,4,77,TRAINING,4,4,0,7,06257314,6ce5df74,1138
251,0,1,17,12,4,78,TRAINING,2,14,1,2,60257314,c6e5df74,1011
251,0,1,17,12,4,79,TRAINING,0,6,0,1,30257614,f6e5dc74,987
251,0,1,17,12,4,80,TRAINING,1,7,1,6,30267514,f6ecd574,1026
251,0,1,17,12,4,81,TRAINING,3,15,0,0,30762514,f6dce574,1085
251,0,1,17,12,4,82,TRAINING,6,12,1,3,34762510,f4dce576,1132
251,0,1,17,12,4,83,TRAINING,4,4,0,1,34765210,f4dc5e76,1115
251,0,1,17,12,4,84,TRAINING,0,6,0,7,34761250,f4dc7e56,1276
251,0,1,17,12,4,85,TRAINING,2,14,1,3,34721650,f4de7c56,1292
251,0,1,17,12,4,86,TRAINING,7,13,0,2,64721350,c4de7f56,930
251,0,1,17,12,4,87,TRAINING,5,5,1,0,54721360,54de7fc6,1092
251,0,1,17,12,4,88,TRAINING,6,12,1,4,54726310,54decf76,1432
251,0,1,17,12,4,89,TEST,5,5,1,1,true,1972
251,0,1,17,12,4,90,TEST,3,15,0,0,true,3755
251,0,1,17,12,4,91,TEST,4,4,0,0,true,11177
251,0,1,17,12,4,92,TEST,2,14,1,0,false,3195
251,0,1,17,12,4,93,TEST,1,7,1,1,true,5435
251,0,1,17,12,4,94,TEST,6,12,1,1,true,1603
251,0,1,17,12,4,95,TEST,0,6,0,0,true,2603
251,0,1,17,12,4,96,TEST,7,13,0,0,true,3386
251,0,1,17,12,5,97,TRAINING,2,14,1,2,15240763,75e46dcf,1831
251,0,1,17,12,5,98,TRAINING,3,15,0,7,65240713,c5e46d7f,1004
251,0,1,17,12,5,99,TRAINING,7,13,0,5,65241703,c5e47d6f,1245
251,0,1,17,12,5,100,TRAINING,1,7,1,4,65041723,c5647def,938
251,0,1,17,12,5,101,TRAINING,6,12,1,0,60541723,c6547def,1283
251,0,1,17,12,5,102,TRAINING,4,4,0,3,60541273,c6547edf,1092
251,0,1,17,12,5,103,TRAINING,3,15,0,7,65041273,c5647edf,1100
251,0,1,17,12,5,104,TRAINING,7,13,0,6,61045273,c7645edf,1227
251,0,1,17,12,5,105,TRAINING,0,6,0,2,64015273,c4675edf,996
251,0,1,17,12,5,106,TRAINING,2,14,1,1,62015473,ce6754df,1075
251,0,1,17,12,5,107,TRAINING,5,5,1,0,52016473,5e67c4df,1076
251,0,1,17,12,5,108,TRAINING,6,12,1,4,52016437,5e67c4fd,1084
251,0,1,17,12,5,109,TRAINING,2,14,1,1,52036417,5e6fc47d,987
251,0,1,17,12,5,110,TRAINING,7,13,0,7,32056417,fe65c47d,1043
251,0,1,17,12,5,111,TRAINING,3,15,0,0,32650417,fec5647d,1272
251,0,1,17,12,5,112,TRAINING,0,6,0,4,32610457,fec7645d,1209
251,0,1,17,12,5,113,TEST,7,13,0,1,false,3761
251,0,1,17,12,5,114,TEST,1,7,1,1,true,5525
251,0,1,17,12,5,115,TEST,6,12,1,1,true,3338
251,0,1,17,12,5,116,TEST,3,15,0,0,true,2258
251,0,1,17,12,5,117,TEST,2,14,1,1,true,3980
251,0,1,17,12,5,118,TEST,4,4,0,0,true,3205
251,0,1,17,12,5,119,TEST,0,6,0,0,true,3767
251,0,1,17,12,5,120,TEST,5,5,1,1,true,4609
251,0,1,17,12,6,121,TRAINING,5,5,1,3,14057326,7465dfec,1107
251,0,1,17,12,6,122,TRAINING,2,14,1,7,14057362,7465dfce,1278
251,0,1,17,12,6,123,TRAINING,5,5,1,3,64057312,c465df7e,1073
251,0,1,17,12,6,124,TRAINING,1,7,1,2,64157302,c475df6e,1019
251,0,1,17,12,6,125,TRAINING,4,4,0,1,64157032,c475d6fe,1315
251,0,1,17,12,6,126,TRAINING,3,15,0,0,34157062,f475d6ce,1019
251,0,1,17,12,6,127,TRAINING,7,13,0,4,34107562,f476d5ce,947
251,0,1,17,12,6,128,TRAINING,2,14,1,5,34107265,f476dec5,922
251,0,1,17,12,6,129,TRAINING,5,5,1,7,36107245,fc76de45,1003
251,0,1,17,12,6,130,TRAINING,4,4,0,6,37106245,fd76ce45,907
251,0,1,17,12,6,131,TRAINING,3,15,0,0,32106745,fe76cd45,859
251,0,1,17,12,6,132,TRAINING,6,12,1,4,32106547,fe76c54d,1005
251,0,1,17,12,6,133,TRAINING,0,6,0,3,32106574,fe76c5d4,1418
251,0,1,17,12,6,134,TRAINING,2,14,1,2,31206574,f7e6c5d4,916
251,0,1,17,12,6,135,TRAINING,5,5,1,5,13206574,7fe6c5d4,932
251,0,1,17,12,6,136,TRAINING,7,13,0,6,13246570,7fe4c5d6,1954
251,0,1,17,12,6,137,TEST,1,7,1,1,true,6593
251,0,1,17,12,6,138,TEST,4,4,0,0,true,5228
251,0,1,17,12,6,139,TEST,3,15,0,0,true,2939
251,0,1,17,12,6,140,TEST,2,14,1,1,true,6571
251,0,1,17,12,6,141,TEST,7,13,0,0,true,6420
251,0,1,17,12,6,142,TEST,0,6,0,0,true,3539
251,0,1,17,12,6,143,TEST,6,12,1,1,true,2978
251,0,1,17,12,6,144,TEST,5,5,1,1,true,2426
251,0,1,17,12,7,145,TRAINING,5,5,1,3,76052314,dc65ef74,1791
251,0,1,17,12,7,146,TRAINING,0,6,0,2,76052134,dc65e7f4,1476
251,0,1,17,12,7,147,TRAINING,6,12,1,1,76052431,dc65e4f7,1019
251,0,1,17,12,7,148,TRAINING,7,13,0,0,76012435,dc67e4f5,1882
251,0,1,17,12,7,149,TRAINING,2,14,1,4,76512430,dc57e4f6,963
251,0,1,17,12,7,150,TRAINING,0,6,0,5,76512034,dc57e6f4,963
251,0,1,17,12,7,151,TRAINING,4,4,0,6,76512043,dc57e64f,1098
251,0,1,17,12,7,152,TRAINING,3,15,0,7,76215043,dce7564f,1500
251,0,1,17,12,7,153,TRAINING,1,7,1,3,75216043,d5e7c64f,924
251,0,1,17,12,7,154,TRAINING,7,13,0,2,25716043,e5d7c64f,1445
251,0,1,17,12,7,155,TRAINING,5,5,1,1,35716042,f5d7c64e,1051
251,0,1,17,12,7,156,TRAINING,3,15,0,0,35716240,f5d7ce46,1363
251,0,1,17,12,7,157,TRAINING,2,14,1,5,35761240,f5dc7e46,980
251,0,1,17,12,7,158,TRAINING,0,6,0,6,35761204,f5dc7e64,1324
251,0,1,17,12,7,159,TRAINING,2,14,1,5,35764201,f5dc4e67,1563
251,0,1,17,12,7,160,TRAINING,3,15,0,0,31764205,f7dc4e65,1220
251,0,1,17,12,7,161,TEST,2,14,1,1,true,3258
251,0,1,17,12,7,162,TEST,6,12,1,1,true,4763
251,0,1,17,12,7,163,TEST,5,5,1,1,true,3253
251,0,1,17,12,7,164,TEST,0,6,0,0,true,3619
251,0,1,17,12,7,165,TEST,4,4,0,0,true,4231
251,0,1,17,12,7,166,TEST,3,15,0,0,true,1902
251,0,1,17,12,7,167,TEST,1,7,1,1,true,4530
251,0,1,17,12,7,168,TEST,7,13,0,0,true,3172
251,0,1,17,12,INSTRUCT,postquestionnaire,0

rulestrategy:I have a photogenic memory so I pretty much went by memory.
howtoimprove:
engagement:7
difficulty:7
physicalaids:no