252,1,5,8,3,INSTRUCT,instruct1,16439
252,1,5,8,3,INSTRUCT,instructCatExample,21663
252,1,5,8,3,INSTRUCT,instructCatColor,5172
252,1,5,8,3,INSTRUCT,instructCatStripe,3503
252,1,5,8,3,INSTRUCT,instructDemoIntro,51901
252,1,5,8,3,INSTRUCT,instructDemo,78656
252,1,5,8,3,INSTRUCT,instructTest,21426
252,1,5,8,3,INSTRUCT,instructTest2,2062
252,1,5,8,3,INSTRUCT,instructDimColor,22562
252,1,5,8,3,INSTRUCT,instructDimBorder,5967
252,1,5,8,3,INSTRUCT,instructDimDots,5030
252,1,5,8,3,INSTRUCT,instructDimStripe,4511
252,1,5,8,3,INSTRUCT,instructDimAll,8069
252,1,5,8,3,INSTRUCT,instructFinal,3438
252,1,5,8,3,1,1,TRAINING,4,13,0,0,45016327,d591c084,12249
252,1,5,8,3,1,2,TRAINING,1,1,0,3,45610327,d5c19084,5227
252,1,5,8,3,1,3,TRAINING,4,13,0,0,45310627,d5019c84,3346
252,1,5,8,3,1,4,TRAINING,1,1,0,3,45310672,d5019c48,1723
252,1,5,8,3,1,5,TRAINING,2,8,0,1,42310675,d8019c45,1978
252,1,5,8,3,1,6,TRAINING,6,12,1,4,42316075,d801c945,14548
252,1,5,8,3,1,7,TRAINING,6,12,1,4,52316074,5801c94d,5020
252,1,5,8,3,1,8,TRAINING,7,4,0,6,25316074,8501c94d,2210
252,1,5,8,3,1,9,TRAINING,2,8,0,5,05316274,9501c84d,6027
252,1,5,8,3,1,10,TRAINING,5,5,1,1,05314276,9501d84c,5683
252,1,5,8,3,1,11,TRAINING,5,5,1,1,05714236,9541d80c,3643
252,1,5,8,3,1,12,TRAINING,0,9,1,0,05741236,954d180c,3914
252,1,5,8,3,1,13,TRAINING,0,9,1,0,05147236,951d480c,2508
252,1,5,8,3,1,14,TRAINING,3,0,1,3,05137246,951048dc,4827
252,1,5,8,3,1,15,TRAINING,7,4,0,4,06137245,9c1048d5,9570
252,1,5,8,3,1,16,TRAINING,3,0,1,3,06137254,9c10485d,4715
252,1,5,8,3,1,17,TEST,0,9,1,0,false,13762
252,1,5,8,3,1,18,TEST,2,8,0,1,false,5371
252,1,5,8,3,1,19,TEST,5,5,1,1,true,3794
252,1,5,8,3,1,20,TEST,7,4,0,0,true,3645
252,1,5,8,3,1,21,TEST,3,0,1,1,true,5605
252,1,5,8,3,1,22,TEST,1,1,0,0,true,2474
252,1,5,8,3,1,23,TEST,4,13,0,1,false,2354
252,1,5,8,3,1,24,TEST,6,12,1,0,false,4092
252,1,5,8,3,2,25,TRAINING,0,9,1,6,35421607,05d81c94,6232
252,1,5,8,3,2,26,TRAINING,6,12,1,5,53421607,50d81c94,28836
252,1,5,8,3,2,27,TRAINING,6,12,1,5,53124607,5018dc94,14632
252,1,5,8,3,2,28,TRAINING,2,8,0,3,54123607,5d180c94,2466
252,1,5,8,3,2,29,TRAINING,0,9,1,6,54321607,5d081c94,12249
252,1,5,8,3,2,30,TRAINING,1,1,0,4,74321605,4d081c95,13895
252,1,5,8,3,2,31,TRAINING,7,4,0,0,74361205,4d0c1895,17735
252,1,5,8,3,2,32,TRAINING,4,13,0,5,72361405,480c1d95,6692
252,1,5,8,3,2,33,TRAINING,5,5,1,7,72301465,48091dc5,10653
252,1,5,8,3,2,34,TRAINING,4,13,0,5,70321465,49081dc5,8117
252,1,5,8,3,2,35,TRAINING,5,5,1,7,20371465,89041dc5,15543
252,1,5,8,3,2,36,TRAINING,1,1,0,4,20731465,89401dc5,10330
252,1,5,8,3,2,37,TRAINING,2,8,0,0,20761435,894c1d05,7547
252,1,5,8,3,2,38,TRAINING,7,4,0,2,20751436,89451d0c,7150
252,1,5,8,3,2,39,TRAINING,3,0,1,6,20751634,89451c0d,7051
252,1,5,8,3,2,40,TRAINING,3,0,1,6,20751436,89451d0c,9804
252,1,5,8,3,2,41,TEST,1,1,0,1,false,8673
252,1,5,8,3,2,42,TEST,5,5,1,1,true,5780
252,1,5,8,3,2,43,TEST,4,13,0,0,true,6053
252,1,5,8,3,2,44,TEST,6,12,1,1,true,8434
252,1,5,8,3,2,45,TEST,7,4,0,0,true,5402
252,1,5,8,3,2,46,TEST,0,9,1,1,true,4056
252,1,5,8,3,2,47,TEST,3,0,1,1,true,2612
252,1,5,8,3,2,48,TEST,2,8,0,0,true,6226
252,1,5,8,3,3,49,TRAINING,1,1,0,5,63052147,c09581d4,16223
252,1,5,8,3,3,50,TRAINING,2,8,0,4,63052174,c095814d,4220
252,1,5,8,3,3,51,TRAINING,1,1,0,5,60352174,c905814d,22695
252,1,5,8,3,3,52,TRAINING,6,12,1,1,06352174,9c05814d,9986
252,1,5,8,3,3,53,TRAINING,4,13,0,7,06532174,9c50814d,6151
252,1,5,8,3,3,54,TRAINING,0,9,1,0,06523174,9c58014d,5868
252,1,5,8,3,3,55,TRAINING,3,0,1,4,01523674,91580c4d,11782
252,1,5,8,3,3,56,TRAINING,2,8,0,3,05123674,95180c4d,12314
252,1,5,8,3,3,57,TRAINING,6,12,1,5,75123604,45180c9d,4187
252,1,5,8,3,3,58,TRAINING,0,9,1,4,75120634,45189c0d,5724
252,1,5,8,3,3,59,TRAINING,7,4,0,0,75140632,451d9c08,12463
252,1,5,8,3,3,60,TRAINING,4,13,0,3,75640132,45cd9108,16091
252,1,5,8,3,3,61,TRAINING,3,0,1,4,75643102,45cd0198,13972
252,1,5,8,3,3,62,TRAINING,5,5,1,1,75243106,458d019c,15557
252,1,5,8,3,3,63,TRAINING,5,5,1,1,75423106,45d8019c,5682
252,1,5,8,3,3,64,TRAINING,7,4,0,0,75423016,45d8091c,2252
252,1,5,8,3,3,65,TEST,4,13,0,0,true,7723
252,1,5,8,3,3,66,TEST,0,9,1,1,true,3154
252,1,5,8,3,3,67,TEST,7,4,0,0,true,6546
252,1,5,8,3,3,68,TEST,6,12,1,1,true,5253
252,1,5,8,3,3,69,TEST,1,1,0,0,true,7123
252,1,5,8,3,3,70,TEST,2,8,0,0,true,3613
252,1,5,8,3,3,71,TEST,5,5,1,1,true,4358
252,1,5,8,3,3,72,TEST,3,0,1,1,true,4529
252,1,5,8,3,4,73,TRAINING,5,5,1,1,65372041,c50489d1,18447
252,1,5,8,3,4,74,TRAINING,7,4,0,6,65342071,c50d8941,9267
252,1,5,8,3,4,75,TRAINING,3,0,1,3,65432071,c5d08941,2430
252,1,5,8,3,4,76,TRAINING,0,9,1,5,25436071,85d0c941,7979
252,1,5,8,3,4,77,TRAINING,7,4,0,6,25136074,8510c94d,12557
252,1,5,8,3,4,78,TRAINING,4,13,0,7,25316074,8501c94d,12524
252,1,5,8,3,4,79,TRAINING,6,12,1,4,25306174,8509c14d,9492
252,1,5,8,3,4,80,TRAINING,1,1,0,5,20356174,8905c14d,15454
252,1,5,8,3,4,81,TRAINING,2,8,0,0,20456173,89d5c140,12483
252,1,5,8,3,4,82,TRAINING,4,13,0,2,23456170,80d5c149,1756
252,1,5,8,3,4,83,TRAINING,6,12,1,4,25436170,85d0c149,1587
252,1,5,8,3,4,84,TRAINING,3,0,1,3,25436710,85d0c419,2146
252,1,5,8,3,4,85,TRAINING,2,8,0,0,24536710,8d50c419,1500
252,1,5,8,3,4,86,TRAINING,1,1,0,6,27536410,8450cd19,1514
252,1,5,8,3,4,87,TRAINING,0,9,1,7,23576410,8054cd19,1657
252,1,5,8,3,4,88,TRAINING,5,5,1,2,23567410,805c4d19,1458
252,1,5,8,3,4,89,TEST,6,12,1,1,true,5833
252,1,5,8,3,4,90,TEST,5,5,1,1,true,5554
252,1,5,8,3,4,91,TEST,3,0,1,1,true,3506
252,1,5,8,3,4,92,TEST,7,4,0,0,true,2819
252,1,5,8,3,4,93,TEST,0,9,1,1,true,7011
252,1,5,8,3,4,94,TEST,2,8,0,0,true,5924
252,1,5,8,3,4,95,TEST,4,13,0,0,true,4090
252,1,5,8,3,4,96,TEST,1,1,0,0,true,5739
252,1,5,8,3,INSTRUCT,postquestionnaire,2

rulestrategy:I took notes on the groupings in order to complete the task.
howtoimprove:There is nothing wrong with the experiment it is just challenging.
engagement:6
difficulty:9
physicalaids:no