255,1,0,10,5,INSTRUCT,instruct1,10670
255,1,0,10,5,INSTRUCT,instructCatExample,8061
255,1,0,10,5,INSTRUCT,instructCatColor,3213
255,1,0,10,5,INSTRUCT,instructCatStripe,11303
255,1,0,10,5,INSTRUCT,instructDemoIntro,13995
255,1,0,10,5,INSTRUCT,instructDemo,75123
255,1,0,10,5,INSTRUCT,instructTest,27382
255,1,0,10,5,INSTRUCT,instructTest2,23643
255,1,0,10,5,INSTRUCT,instructDimColor,7590
255,1,0,10,5,INSTRUCT,instructDimBorder,2007
255,1,0,10,5,INSTRUCT,instructDimDots,2398
255,1,0,10,5,INSTRUCT,instructDimStripe,2126
255,1,0,10,5,INSTRUCT,instructDimAll,5253
255,1,0,10,5,INSTRUCT,instructFinal,14310
255,1,0,10,5,1,1,TRAINING,6,3,0,6,51430267,0829ab31,3959
255,1,0,10,5,1,2,TRAINING,5,0,1,0,51340267,0892ab31,1777
255,1,0,10,5,1,3,TRAINING,4,2,0,2,51430267,0829ab31,4145
255,1,0,10,5,1,4,TRAINING,6,3,0,6,50431267,0a298b31,2537
255,1,0,10,5,1,5,TRAINING,7,1,1,7,53401267,092a8b31,3184
255,1,0,10,5,1,6,TRAINING,3,9,1,1,53402167,092ab831,2328
255,1,0,10,5,1,7,TRAINING,1,8,1,5,63402157,392ab801,2058
255,1,0,10,5,1,8,TRAINING,7,1,1,7,43602157,293ab801,1833
255,1,0,10,5,1,9,TRAINING,0,10,0,2,43062157,29a3b801,2393
255,1,0,10,5,1,10,TRAINING,0,10,0,2,46032157,23a9b801,1449
255,1,0,10,5,1,11,TRAINING,2,11,0,0,26034157,b3a92801,1762
255,1,0,10,5,1,12,TRAINING,4,2,0,4,26054137,b3a02891,1681
255,1,0,10,5,1,13,TRAINING,5,0,1,2,26504137,b30a2891,1737
255,1,0,10,5,1,14,TRAINING,2,11,0,1,62504137,3b0a2891,1600
255,1,0,10,5,1,15,TRAINING,3,9,1,4,62503147,3b0a9821,1738
255,1,0,10,5,1,16,TRAINING,1,8,1,5,62543107,3b0298a1,1449
255,1,0,10,5,1,17,TEST,5,0,1,1,true,2464
255,1,0,10,5,1,18,TEST,0,10,0,0,true,993
255,1,0,10,5,1,19,TEST,2,11,0,0,true,785
255,1,0,10,5,1,20,TEST,4,2,0,0,true,480
255,1,0,10,5,1,21,TEST,6,3,0,0,true,426
255,1,0,10,5,1,22,TEST,7,1,1,1,true,697
255,1,0,10,5,1,23,TEST,3,9,1,1,true,528
255,1,0,10,5,1,24,TEST,1,8,1,1,true,2410
255,1,0,10,5,2,25,TRAINING,3,9,1,4,76243051,13b29a08,1886
255,1,0,10,5,2,26,TRAINING,4,2,0,3,16243057,83b29a01,2273
255,1,0,10,5,2,27,TRAINING,5,0,1,7,16243075,83b29a10,1505
255,1,0,10,5,2,28,TRAINING,4,2,0,3,06243175,a3b29810,2217
255,1,0,10,5,2,29,TRAINING,2,11,0,2,16243075,83b29a10,1553
255,1,0,10,5,2,30,TRAINING,6,3,0,7,15243076,80b29a13,1729
255,1,0,10,5,2,31,TRAINING,1,8,1,0,15240376,80b2a913,2424
255,1,0,10,5,2,32,TRAINING,1,8,1,0,12540376,8b02a913,1441
255,1,0,10,5,2,33,TRAINING,5,0,1,2,12570346,8b01a923,1481
255,1,0,10,5,2,34,TRAINING,3,9,1,5,12540376,8b02a913,1696
255,1,0,10,5,2,35,TRAINING,2,11,0,1,12546370,8b02391a,1993
255,1,0,10,5,2,36,TRAINING,0,10,0,7,62541370,3b02891a,1881
255,1,0,10,5,2,37,TRAINING,7,1,1,6,52641370,0b32891a,1498
255,1,0,10,5,2,38,TRAINING,7,1,1,6,52631470,0b39821a,1569
255,1,0,10,5,2,39,TRAINING,6,3,0,2,32651470,9b30821a,1472
255,1,0,10,5,2,40,TRAINING,0,10,0,7,34651270,92308b1a,1705
255,1,0,10,5,2,41,TEST,4,2,0,0,true,1002
255,1,0,10,5,2,42,TEST,1,8,1,1,true,466
255,1,0,10,5,2,43,TEST,6,3,0,0,true,520
255,1,0,10,5,2,44,TEST,7,1,1,1,true,673
255,1,0,10,5,2,45,TEST,2,11,0,0,true,777
255,1,0,10,5,2,46,TEST,0,10,0,0,true,751
255,1,0,10,5,2,47,TEST,5,0,1,1,true,609
255,1,0,10,5,2,48,TEST,3,9,1,1,true,640
255,1,0,10,5,INSTRUCT,postquestionnaire,12

rulestrategy:Squares with a rough or dotted texture were in group A, smooth squares were in group B.
howtoimprove:
engagement:9
difficulty:5
physicalaids:no