258,0,0,6,13,INSTRUCT,instruct1,37093
258,0,0,6,13,INSTRUCT,instructCatExample,16868
258,0,0,6,13,INSTRUCT,instructCatColor,5564
258,0,0,6,13,INSTRUCT,instructCatStripe,39949
258,0,0,6,13,INSTRUCT,instructDemoIntro,63136
258,0,0,6,13,INSTRUCT,instructDemo,95940
258,0,0,6,13,INSTRUCT,instructTest,50899
258,0,0,6,13,INSTRUCT,instructTest2,89881
258,0,0,6,13,INSTRUCT,instructDimColor,27380
258,0,0,6,13,INSTRUCT,instructDimBorder,5743
258,0,0,6,13,INSTRUCT,instructDimDots,6280
258,0,0,6,13,INSTRUCT,instructDimStripe,5112
258,0,0,6,13,INSTRUCT,instructDimAll,14054
258,0,0,6,13,INSTRUCT,instructFinal,46016
258,0,0,6,13,1,1,TRAINING,1,9,1,0,16345207,97d31fb5,15688
258,0,0,6,13,1,2,TRAINING,3,13,1,2,16345702,97d315bf,5129
258,0,0,6,13,1,3,TRAINING,2,15,0,7,16305742,97db153f,3267
258,0,0,6,13,1,4,TRAINING,0,11,0,3,14305762,93db157f,2444
258,0,0,6,13,1,5,TRAINING,6,7,0,6,74305162,53db197f,2733
258,0,0,6,13,1,6,TRAINING,2,15,0,5,74305261,53db1f79,2155
258,0,0,6,13,1,7,TRAINING,0,11,0,3,54307261,13db5f79,3819
258,0,0,6,13,1,8,TRAINING,4,3,0,1,54703261,135bdf79,2539
258,0,0,6,13,1,9,TRAINING,1,9,1,4,54701263,135b9f7d,2715
258,0,0,6,13,1,10,TRAINING,5,1,1,2,74501263,531b9f7d,1747
258,0,0,6,13,1,11,TRAINING,3,13,1,7,76501243,571b9f3d,2138
258,0,0,6,13,1,12,TRAINING,7,5,1,4,16507243,971b5f3d,1154
258,0,0,6,13,1,13,TRAINING,5,1,1,2,26507143,f71b593d,7415
258,0,0,6,13,1,14,TRAINING,1,9,1,5,06527143,b71f593d,5057
258,0,0,6,13,1,15,TRAINING,0,11,0,6,46527103,371f59bd,2585
258,0,0,6,13,1,16,TRAINING,4,3,0,0,46725103,375f19bd,1856
258,0,0,6,13,1,17,TEST,3,13,1,0,false,6744
258,0,0,6,13,1,18,TEST,0,11,0,1,false,2202
258,0,0,6,13,1,19,TEST,7,5,1,0,false,713
258,0,0,6,13,1,20,TEST,2,15,0,0,true,5026
258,0,0,6,13,1,21,TEST,5,1,1,1,true,558
258,0,0,6,13,1,22,TEST,1,9,1,1,true,578
258,0,0,6,13,1,23,TEST,6,7,0,0,true,730
258,0,0,6,13,1,24,TEST,4,3,0,0,true,442
258,0,0,6,13,2,25,TRAINING,3,13,1,0,36510724,d719b5f3,7616
258,0,0,6,13,2,26,TRAINING,1,9,1,1,31560724,d917b5f3,1125
258,0,0,6,13,2,27,TRAINING,7,5,1,6,31560274,d917bf53,1746
258,0,0,6,13,2,28,TRAINING,5,1,1,7,31460275,d937bf51,1030
258,0,0,6,13,2,29,TRAINING,0,11,0,4,13460275,9d37bf51,1218
258,0,0,6,13,2,30,TRAINING,1,9,1,5,23460175,fd37b951,1923
258,0,0,6,13,2,31,TRAINING,6,7,0,3,32460175,df37b951,1297
258,0,0,6,13,2,32,TRAINING,4,3,0,2,32465170,df37195b,1006
258,0,0,6,13,2,33,TRAINING,7,5,1,6,32461570,df37915b,4119
258,0,0,6,13,2,34,TRAINING,3,13,1,4,12463570,9f37d15b,1578
258,0,0,6,13,2,35,TRAINING,1,9,1,0,12463075,9f37db51,931
258,0,0,6,13,2,36,TRAINING,7,5,1,6,14263075,93f7db51,936
258,0,0,6,13,2,37,TRAINING,5,1,1,4,14265073,93f71b5d,1312
258,0,0,6,13,2,38,TRAINING,4,3,0,5,10265473,9bf7135d,1570
258,0,0,6,13,2,39,TRAINING,0,11,0,3,16205473,97fb135d,1523
258,0,0,6,13,2,40,TRAINING,6,7,0,4,15206473,91fb735d,1008
258,0,0,6,13,2,41,TEST,3,13,1,1,true,1408
258,0,0,6,13,2,42,TEST,0,11,0,0,true,616
258,0,0,6,13,2,43,TEST,1,9,1,1,true,692
258,0,0,6,13,2,44,TEST,4,3,0,0,true,443
258,0,0,6,13,2,45,TEST,7,5,1,1,true,1073
258,0,0,6,13,2,46,TEST,2,15,0,0,true,700
258,0,0,6,13,2,47,TEST,5,1,1,1,true,602
258,0,0,6,13,2,48,TEST,6,7,0,0,true,832
258,0,0,6,13,3,49,TRAINING,0,11,0,0,01324756,b9df3517,5159
258,0,0,6,13,3,50,TRAINING,4,3,0,4,01364752,b9d7351f,2832
258,0,0,6,13,3,51,TRAINING,6,7,0,2,01634752,b97d351f,1333
258,0,0,6,13,3,52,TRAINING,2,15,0,7,01654732,b97135df,1721
258,0,0,6,13,3,53,TRAINING,5,1,1,1,05614732,b17935df,1443
258,0,0,6,13,3,54,TRAINING,7,5,1,5,45610732,3179b5df,1648
258,0,0,6,13,3,55,TRAINING,1,9,1,6,45630712,317db59f,1087
258,0,0,6,13,3,56,TRAINING,3,13,1,2,45360712,31d7b59f,948
258,0,0,6,13,3,57,TRAINING,4,3,0,0,40365712,3bd7159f,1531
258,0,0,6,13,3,58,TRAINING,2,15,0,7,40367512,3bd7519f,1010
258,0,0,6,13,3,59,TRAINING,0,11,0,2,43067512,3db7519f,1173
258,0,0,6,13,3,60,TRAINING,6,7,0,3,43061572,3db7915f,2793
258,0,0,6,13,3,61,TRAINING,3,13,1,1,13064572,9db7315f,1033
258,0,0,6,13,3,62,TRAINING,7,5,1,5,13064752,9db7351f,994
258,0,0,6,13,3,63,TRAINING,4,3,0,6,13065742,9db7153f,1099
258,0,0,6,13,3,64,TRAINING,6,7,0,3,13265740,9df7153b,1387
258,0,0,6,13,3,65,TEST,2,15,0,0,true,1086
258,0,0,6,13,3,66,TEST,0,11,0,0,true,430
258,0,0,6,13,3,67,TEST,5,1,1,1,true,595
258,0,0,6,13,3,68,TEST,1,9,1,1,true,487
258,0,0,6,13,3,69,TEST,7,5,1,1,true,1038
258,0,0,6,13,3,70,TEST,6,7,0,0,true,447
258,0,0,6,13,3,71,TEST,3,13,1,1,true,445
258,0,0,6,13,3,72,TEST,4,3,0,0,true,517
258,0,0,6,13,INSTRUCT,postquestionnaire,1

rulestrategy:Group A consists of textured squares (with dots).
Group B consists of the solid colored squares.
howtoimprove:No.
engagement:8
difficulty:0
physicalaids:no