26,1,0,20,12,INSTRUCT,instruct1,19090
26,1,0,20,12,INSTRUCT,instructCatExample,12485
26,1,0,20,12,INSTRUCT,instructCatColor,8271
26,1,0,20,12,INSTRUCT,instructCatStripe,9742
26,1,0,20,12,INSTRUCT,instructDemoIntro,28793
26,1,0,20,12,INSTRUCT,instructDemo,75488
26,1,0,20,12,INSTRUCT,instructTest,27163
26,1,0,20,12,INSTRUCT,instructTest2,31540
26,1,0,20,12,INSTRUCT,instructDimColor,16503
26,1,0,20,12,INSTRUCT,instructDimBorder,8639
26,1,0,20,12,INSTRUCT,instructDimDots,5190
26,1,0,20,12,INSTRUCT,instructDimStripe,6888
26,1,0,20,12,INSTRUCT,instructDimAll,15849
26,1,0,20,12,INSTRUCT,instructFinal,7882
26,1,0,20,12,1,1,TRAINING,3,15,1,7,70612543,b53d791f,5820
26,1,0,20,12,1,2,TRAINING,5,9,1,0,50612743,953d7b1f,2737
26,1,0,20,12,1,3,TRAINING,6,3,0,2,50672143,953b7d1f,2863
26,1,0,20,12,1,4,TRAINING,0,5,0,7,53672140,9f3b7d15,3215
26,1,0,20,12,1,5,TRAINING,6,3,0,2,54672130,913b7df5,2550
26,1,0,20,12,1,6,TRAINING,7,11,1,3,51672430,9d3b71f5,2852
26,1,0,20,12,1,7,TRAINING,7,11,1,3,51674230,9d3b17f5,2270
26,1,0,20,12,1,8,TRAINING,4,1,0,4,01674235,5d3b17f9,2772
26,1,0,20,12,1,9,TRAINING,5,9,1,7,03674215,5f3b17d9,2783
26,1,0,20,12,1,10,TRAINING,2,7,0,5,63074215,3f5b17d9,2194
26,1,0,20,12,1,11,TRAINING,3,15,1,6,61074235,3d5b17f9,1902
26,1,0,20,12,1,12,TRAINING,1,13,1,1,71064235,bd5317f9,2406
26,1,0,20,12,1,13,TRAINING,1,13,1,1,71604235,bd3517f9,2001
26,1,0,20,12,1,14,TRAINING,2,7,0,5,71304265,bdf51739,2481
26,1,0,20,12,1,15,TRAINING,0,5,0,4,71340265,bdf15739,3315
26,1,0,20,12,1,16,TRAINING,4,1,0,3,51340267,9df1573b,2583
26,1,0,20,12,1,17,TEST,6,3,0,0,true,3349
26,1,0,20,12,1,18,TEST,1,13,1,1,true,1518
26,1,0,20,12,1,19,TEST,0,5,0,0,true,1689
26,1,0,20,12,1,20,TEST,5,9,1,1,true,1263
26,1,0,20,12,1,21,TEST,2,7,0,0,true,1353
26,1,0,20,12,1,22,TEST,4,1,0,0,true,1070
26,1,0,20,12,1,23,TEST,3,15,1,1,true,1442
26,1,0,20,12,1,24,TEST,7,11,1,0,false,1287
26,1,0,20,12,2,25,TRAINING,0,5,0,6,56134207,93df175b,2614
26,1,0,20,12,2,26,TRAINING,7,11,1,5,56134702,93df1b57,2478
26,1,0,20,12,2,27,TRAINING,5,9,1,4,46135702,13df9b57,2044
26,1,0,20,12,2,28,TRAINING,6,3,0,0,64135702,31df9b57,1935
26,1,0,20,12,2,29,TRAINING,3,15,1,6,64105732,31d59bf7,2239
26,1,0,20,12,2,30,TRAINING,2,7,0,2,64205731,31759bfd,1856
26,1,0,20,12,2,31,TRAINING,4,1,0,4,65204731,39751bfd,1725
26,1,0,20,12,2,32,TRAINING,4,1,0,4,65214730,397d1bf5,2515
26,1,0,20,12,2,33,TRAINING,5,9,1,1,65214703,397d1b5f,2195
26,1,0,20,12,2,34,TRAINING,6,3,0,6,05214763,597d1b3f,2137
26,1,0,20,12,2,35,TRAINING,3,15,1,7,45210763,197d5b3f,2389
26,1,0,20,12,2,36,TRAINING,1,13,1,5,45270163,197b5d3f,2767
26,1,0,20,12,2,37,TRAINING,7,11,1,2,45720163,19b75d3f,2143
26,1,0,20,12,2,38,TRAINING,1,13,1,5,43720165,1fb75d39,1967
26,1,0,20,12,2,39,TRAINING,2,7,0,3,53720164,9fb75d31,2139
26,1,0,20,12,2,40,TRAINING,0,5,0,1,50723164,95b7fd31,2156
26,1,0,20,12,2,41,TEST,7,11,1,1,true,1553
26,1,0,20,12,2,42,TEST,4,1,0,0,true,1292
26,1,0,20,12,2,43,TEST,3,15,1,1,true,1373
26,1,0,20,12,2,44,TEST,0,5,0,0,true,1667
26,1,0,20,12,2,45,TEST,1,13,1,1,true,1362
26,1,0,20,12,2,46,TEST,6,3,0,0,true,1496
26,1,0,20,12,2,47,TEST,2,7,0,0,true,1500
26,1,0,20,12,2,48,TEST,5,9,1,1,true,1355
26,1,0,20,12,3,49,TRAINING,2,7,0,3,60521743,3597db1f,2333
26,1,0,20,12,3,50,TRAINING,1,13,1,4,30521746,f597db13,3518
26,1,0,20,12,3,51,TRAINING,4,1,0,6,50321746,95f7db13,3641
26,1,0,20,12,3,52,TRAINING,3,15,1,2,57321046,9bf7d513,2465
26,1,0,20,12,3,53,TRAINING,1,13,1,0,17325046,dbf79513,2476
26,1,0,20,12,3,54,TRAINING,4,1,0,6,17325640,dbf79315,2173
26,1,0,20,12,3,55,TRAINING,3,15,1,2,17305642,dbf59317,2380
26,1,0,20,12,3,56,TRAINING,7,11,1,1,07315642,5bfd9317,2068
26,1,0,20,12,3,57,TRAINING,5,9,1,5,07316542,5bfd3917,2299
26,1,0,20,12,3,58,TRAINING,0,5,0,7,27316540,7bfd3915,2530
26,1,0,20,12,3,59,TRAINING,6,3,0,3,27361540,7bf3d915,2534
26,1,0,20,12,3,60,TRAINING,7,11,1,1,27561340,7b93df15,2364
26,1,0,20,12,3,61,TRAINING,5,9,1,6,27461350,7b13df95,3401
26,1,0,20,12,3,62,TRAINING,0,5,0,7,67421350,3b17df95,2055
26,1,0,20,12,3,63,TRAINING,2,7,0,0,27461350,7b13df95,2371
26,1,0,20,12,3,64,TRAINING,6,3,0,2,27641350,7b31df95,2112
26,1,0,20,12,3,65,TEST,7,11,1,1,true,1496
26,1,0,20,12,3,66,TEST,4,1,0,0,true,1189
26,1,0,20,12,3,67,TEST,0,5,0,0,true,1296
26,1,0,20,12,3,68,TEST,3,15,1,1,true,1172
26,1,0,20,12,3,69,TEST,1,13,1,1,true,1488
26,1,0,20,12,3,70,TEST,6,3,0,0,true,1372
26,1,0,20,12,3,71,TEST,2,7,0,0,true,1331
26,1,0,20,12,3,72,TEST,5,9,1,1,true,1347
26,1,0,20,12,INSTRUCT,postquestionnaire,6

rulestrategy:prediction before hitting the square in the learning trial. No pencil used

howtoimprove:no
engagement:9
difficulty:0
physicalaids:no