263,1,3,1,5,INSTRUCT,instruct1,22269
263,1,3,1,5,INSTRUCT,instructCatExample,89795
263,1,3,1,5,INSTRUCT,instructCatColor,7576
263,1,3,1,5,INSTRUCT,instructCatStripe,9240
263,1,3,1,5,INSTRUCT,instructDemoIntro,53348
263,1,3,1,5,INSTRUCT,instructDemo,84845
263,1,3,1,5,INSTRUCT,instructTest,37118
263,1,3,1,5,INSTRUCT,instructTest2,60318
263,1,3,1,5,INSTRUCT,instructDimColor,19170
263,1,3,1,5,INSTRUCT,instructDimBorder,7563
263,1,3,1,5,INSTRUCT,instructDimDots,6005
263,1,3,1,5,INSTRUCT,instructDimStripe,10466
263,1,3,1,5,INSTRUCT,instructDimAll,42544
263,1,3,1,5,INSTRUCT,instructFinal,42894
263,1,3,1,5,1,1,TRAINING,4,4,1,0,45617230,40c28ea6,45383
263,1,3,1,5,1,2,TRAINING,7,8,0,4,45167230,402c8ea6,15493
263,1,3,1,5,1,3,TRAINING,3,10,0,7,45167203,402c8e6a,24697
263,1,3,1,5,1,4,TRAINING,4,4,1,0,45267103,40ec826a,17097
263,1,3,1,5,1,5,TRAINING,1,2,1,5,47265103,48ec026a,14971
263,1,3,1,5,1,6,TRAINING,6,12,0,1,46275103,4ce8026a,6338
263,1,3,1,5,1,7,TRAINING,3,10,0,7,46075123,4c6802ea,19098
263,1,3,1,5,1,8,TRAINING,2,14,1,6,16075423,2c6804ea,5980
263,1,3,1,5,1,9,TRAINING,2,14,1,6,76015423,8c6204ea,6952
263,1,3,1,5,1,10,TRAINING,5,0,0,4,73015426,8a6204ec,6869
263,1,3,1,5,1,11,TRAINING,0,6,1,7,73615420,8ac204e6,3762
263,1,3,1,5,1,12,TRAINING,0,6,1,7,73165420,8a2c04e6,11000
263,1,3,1,5,1,13,TRAINING,7,8,0,4,53167420,0a2c84e6,4195
263,1,3,1,5,1,14,TRAINING,6,12,0,3,35167420,a02c84e6,3083
263,1,3,1,5,1,15,TRAINING,5,0,0,1,35067421,a06c84e2,2464
263,1,3,1,5,1,16,TRAINING,1,2,1,0,15067423,206c84ea,4317
263,1,3,1,5,1,17,TEST,1,2,1,1,true,3632
263,1,3,1,5,1,18,TEST,2,14,1,1,true,3277
263,1,3,1,5,1,19,TEST,0,6,1,0,false,2945
263,1,3,1,5,1,20,TEST,4,4,1,1,true,2157
263,1,3,1,5,1,21,TEST,3,10,0,0,true,866
263,1,3,1,5,1,22,TEST,5,0,0,0,true,563
263,1,3,1,5,1,23,TEST,6,12,0,0,true,548
263,1,3,1,5,1,24,TEST,7,8,0,0,true,493
263,1,3,1,5,2,25,TRAINING,3,10,0,0,34726105,a48ec260,6813
263,1,3,1,5,2,26,TRAINING,5,0,0,7,34721605,a48e2c60,15755
263,1,3,1,5,2,27,TRAINING,2,14,1,5,34761205,a48c2e60,39911
263,1,3,1,5,2,28,TRAINING,5,0,0,7,31764205,a28c4e60,3719
263,1,3,1,5,2,29,TRAINING,7,8,0,0,71364205,82ac4e60,5380
263,1,3,1,5,2,30,TRAINING,1,2,1,1,71064235,826c4ea0,16617
263,1,3,1,5,2,31,TRAINING,0,6,1,2,71063245,826cae40,20625
263,1,3,1,5,2,32,TRAINING,0,6,1,2,71063425,826ca4e0,17303
263,1,3,1,5,2,33,TRAINING,3,10,0,4,71053426,8260a4ec,2713
263,1,3,1,5,2,34,TRAINING,7,8,0,0,71023456,826ea40c,2767
263,1,3,1,5,2,35,TRAINING,6,12,0,7,70123456,862ea40c,17242
263,1,3,1,5,2,36,TRAINING,1,2,1,2,70124356,862e4a0c,32330
263,1,3,1,5,2,37,TRAINING,4,4,1,4,20174356,e6284a0c,1760
263,1,3,1,5,2,38,TRAINING,6,12,0,7,20174536,e62840ac,8846
263,1,3,1,5,2,39,TRAINING,4,4,1,4,20714536,e68240ac,2558
263,1,3,1,5,2,40,TRAINING,2,14,1,0,25714036,e08246ac,1901
263,1,3,1,5,2,41,TEST,4,4,1,1,true,5835
263,1,3,1,5,2,42,TEST,5,0,0,0,true,1022
263,1,3,1,5,2,43,TEST,0,6,1,1,true,3366
263,1,3,1,5,2,44,TEST,6,12,0,0,true,2009
263,1,3,1,5,2,45,TEST,1,2,1,1,true,5344
263,1,3,1,5,2,46,TEST,7,8,0,0,true,1048
263,1,3,1,5,2,47,TEST,2,14,1,1,true,2097
263,1,3,1,5,2,48,TEST,3,10,0,0,true,726
263,1,3,1,5,3,49,TRAINING,3,10,0,3,51436270,024ace86,14128
263,1,3,1,5,3,50,TRAINING,5,0,0,0,51436072,024ac68e,20233
263,1,3,1,5,3,51,TRAINING,1,2,1,1,51436027,024ac6e8,33691
263,1,3,1,5,3,52,TRAINING,3,10,0,3,51436720,024ac8e6,4650
263,1,3,1,5,3,53,TRAINING,0,6,1,7,71436520,824ac0e6,14632
263,1,3,1,5,3,54,TRAINING,6,12,0,4,72436510,8e4ac026,65261
263,1,3,1,5,3,55,TRAINING,0,6,1,7,72436150,8e4ac206,31956
263,1,3,1,5,3,56,TRAINING,5,0,0,1,75436120,804ac2e6,20774
263,1,3,1,5,3,57,TRAINING,7,8,0,0,75136420,802ac4e6,3132
263,1,3,1,5,3,58,TRAINING,2,14,1,6,75436120,804ac2e6,22552
263,1,3,1,5,3,59,TRAINING,1,2,1,5,73456120,8a40c2e6,31091
263,1,3,1,5,3,60,TRAINING,7,8,0,0,73546120,8a04c2e6,2068
263,1,3,1,5,3,61,TRAINING,6,12,0,4,73506124,8a06c2e4,2398
263,1,3,1,5,3,62,TRAINING,2,14,1,6,71506324,8206cae4,2427
263,1,3,1,5,3,63,TRAINING,4,4,1,7,73506124,8a06c2e4,3426
263,1,3,1,5,3,64,TRAINING,4,4,1,7,71506324,8206cae4,1734
263,1,3,1,5,3,65,TEST,5,0,0,0,true,8482
263,1,3,1,5,3,66,TEST,4,4,1,1,true,3532
263,1,3,1,5,3,67,TEST,7,8,0,0,true,1883
263,1,3,1,5,3,68,TEST,1,2,1,1,true,6044
263,1,3,1,5,3,69,TEST,0,6,1,1,true,1045
263,1,3,1,5,3,70,TEST,6,12,0,0,true,1083
263,1,3,1,5,3,71,TEST,2,14,1,1,true,863
263,1,3,1,5,3,72,TEST,3,10,0,0,true,1086
263,1,3,1,5,INSTRUCT,postquestionnaire,5

rulestrategy:I memorized the four that were assigned to group A.
howtoimprove:It is fun enough
engagement:9
difficulty:5
physicalaids:no