264,1,5,4,2,INSTRUCT,instruct1,7575
264,1,5,4,2,INSTRUCT,instructCatExample,13478
264,1,5,4,2,INSTRUCT,instructCatColor,10446
264,1,5,4,2,INSTRUCT,instructCatStripe,9229
264,1,5,4,2,INSTRUCT,instructDemoIntro,27759
264,1,5,4,2,INSTRUCT,instructDemo,19094
264,1,5,4,2,INSTRUCT,instructTest,22111
264,1,5,4,2,INSTRUCT,instructTest2,24528
264,1,5,4,2,INSTRUCT,instructDimColor,9543
264,1,5,4,2,INSTRUCT,instructDimBorder,3895
264,1,5,4,2,INSTRUCT,instructDimDots,2623
264,1,5,4,2,INSTRUCT,instructDimStripe,1839
264,1,5,4,2,INSTRUCT,instructDimAll,3927
264,1,5,4,2,INSTRUCT,instructFinal,9695
264,1,5,4,2,1,1,TRAINING,6,1,1,3,45367210,5d8190c4,5495
264,1,5,4,2,1,2,TRAINING,6,1,1,3,75364210,9d8150c4,4514
264,1,5,4,2,1,3,TRAINING,7,9,0,0,75364120,9d815c04,3194
264,1,5,4,2,1,4,TRAINING,2,0,0,4,75362140,9d810c54,4291
264,1,5,4,2,1,5,TRAINING,4,5,0,6,75062143,9d410c58,3425
264,1,5,4,2,1,6,TRAINING,1,12,0,5,73062145,98410c5d,2195
264,1,5,4,2,1,7,TRAINING,7,9,0,0,72063145,90418c5d,2883
264,1,5,4,2,1,8,TRAINING,0,4,1,2,72065143,9041dc58,1979
264,1,5,4,2,1,9,TRAINING,5,13,1,7,72063145,90418c5d,1572
264,1,5,4,2,1,10,TRAINING,5,13,1,7,72061345,9041c85d,1707
264,1,5,4,2,1,11,TRAINING,0,4,1,2,72016345,904c185d,1452
264,1,5,4,2,1,12,TRAINING,4,5,0,6,72013645,904c815d,1390
264,1,5,4,2,1,13,TRAINING,3,8,1,4,72063145,90418c5d,1859
264,1,5,4,2,1,14,TRAINING,3,8,1,4,75063142,9d418c50,1435
264,1,5,4,2,1,15,TRAINING,2,0,0,7,75463102,9d518c40,1323
264,1,5,4,2,1,16,TRAINING,1,12,0,5,75063142,9d418c50,1347
264,1,5,4,2,1,17,TEST,2,0,0,1,false,2700
264,1,5,4,2,1,18,TEST,0,4,1,1,true,1499
264,1,5,4,2,1,19,TEST,4,5,0,0,true,691
264,1,5,4,2,1,20,TEST,3,8,1,1,true,612
264,1,5,4,2,1,21,TEST,1,12,0,0,true,820
264,1,5,4,2,1,22,TEST,6,1,1,0,false,1004
264,1,5,4,2,1,23,TEST,5,13,1,1,true,484
264,1,5,4,2,1,24,TEST,7,9,0,1,false,691
264,1,5,4,2,2,25,TRAINING,4,5,0,2,01476532,4c591d80,19009
264,1,5,4,2,2,26,TRAINING,6,1,1,1,06471532,4159cd80,9452
264,1,5,4,2,2,27,TRAINING,5,13,1,3,06451732,415dc980,7163
264,1,5,4,2,2,28,TRAINING,3,8,1,6,26451730,015dc984,1315
264,1,5,4,2,2,29,TRAINING,7,9,0,5,16452730,c15d0984,9370
264,1,5,4,2,2,30,TRAINING,2,0,0,4,10452736,c45d0981,6203
264,1,5,4,2,2,31,TRAINING,4,5,0,6,10352746,c48d0951,7107
264,1,5,4,2,2,32,TRAINING,0,4,1,1,10752346,c49d0851,7931
264,1,5,4,2,2,33,TRAINING,0,4,1,1,50712346,d49c0851,8227
264,1,5,4,2,2,34,TRAINING,2,0,0,4,50742316,d49508c1,6714
264,1,5,4,2,2,35,TRAINING,1,12,0,6,60742315,149508cd,9018
264,1,5,4,2,2,36,TRAINING,3,8,1,5,60752314,149d08c5,6171
264,1,5,4,2,2,37,TRAINING,1,12,0,6,65702314,1d9408c5,7043
264,1,5,4,2,2,38,TRAINING,7,9,0,2,05762314,4d9108c5,9771
264,1,5,4,2,2,39,TRAINING,6,1,1,3,35762014,8d9104c5,7027
264,1,5,4,2,2,40,TRAINING,5,13,1,5,30762514,84910dc5,5475
264,1,5,4,2,2,41,TEST,2,0,0,0,true,5345
264,1,5,4,2,2,42,TEST,0,4,1,1,true,3892
264,1,5,4,2,2,43,TEST,6,1,1,1,true,7380
264,1,5,4,2,2,44,TEST,3,8,1,1,true,8092
264,1,5,4,2,2,45,TEST,7,9,0,0,true,3340
264,1,5,4,2,2,46,TEST,5,13,1,1,true,3827
264,1,5,4,2,2,47,TEST,1,12,0,0,true,2908
264,1,5,4,2,2,48,TEST,4,5,0,0,true,4276
264,1,5,4,2,3,49,TRAINING,0,4,1,2,52014367,d04c5819,13979
264,1,5,4,2,3,50,TRAINING,3,8,1,5,62014357,104c58d9,9299
264,1,5,4,2,3,51,TRAINING,4,5,0,1,64012357,154c08d9,8644
264,1,5,4,2,3,52,TRAINING,5,13,1,6,64072351,154908dc,6484
264,1,5,4,2,3,53,TRAINING,3,8,1,2,64372051,158904dc,8736
264,1,5,4,2,3,54,TRAINING,6,1,1,0,61372054,1c8904d5,6003
264,1,5,4,2,3,55,TRAINING,7,9,0,3,61372504,1c890d45,6699
264,1,5,4,2,3,56,TRAINING,7,9,0,3,65372104,1d890c45,2444
264,1,5,4,2,3,57,TRAINING,6,1,1,0,65374102,1d895c40,4515
264,1,5,4,2,3,58,TRAINING,1,12,0,2,65174302,1dc95840,15778
264,1,5,4,2,3,59,TRAINING,0,4,1,6,65172304,1dc90845,7140
264,1,5,4,2,3,60,TRAINING,5,13,1,1,45172306,5dc90841,7436
264,1,5,4,2,3,61,TRAINING,2,0,0,4,15472306,cd590841,9068
264,1,5,4,2,3,62,TRAINING,2,0,0,4,15472036,cd590481,4187
264,1,5,4,2,3,63,TRAINING,1,12,0,0,16472035,c159048d,5547
264,1,5,4,2,3,64,TRAINING,4,5,0,2,15472036,cd590481,7723
264,1,5,4,2,3,65,TEST,2,0,0,0,true,5860
264,1,5,4,2,3,66,TEST,0,4,1,1,true,4922
264,1,5,4,2,3,67,TEST,7,9,0,0,true,3668
264,1,5,4,2,3,68,TEST,1,12,0,0,true,5188
264,1,5,4,2,3,69,TEST,5,13,1,1,true,2795
264,1,5,4,2,3,70,TEST,6,1,1,1,true,2332
264,1,5,4,2,3,71,TEST,3,8,1,1,true,5764
264,1,5,4,2,3,72,TEST,4,5,0,0,true,5451
264,1,5,4,2,INSTRUCT,postquestionnaire,1

rulestrategy:Unable to explain.
howtoimprove:
engagement:8
difficulty:9
physicalaids:no