265,0,2,11,0,INSTRUCT,instruct1,10371
265,0,2,11,0,INSTRUCT,instructCatExample,10640
265,0,2,11,0,INSTRUCT,instructCatColor,4422
265,0,2,11,0,INSTRUCT,instructCatStripe,9953
265,0,2,11,0,INSTRUCT,instructDemoIntro,11797
265,0,2,11,0,INSTRUCT,instructDemo,37216
265,0,2,11,0,INSTRUCT,instructTest,33234
265,0,2,11,0,INSTRUCT,instructTest2,11432
265,0,2,11,0,INSTRUCT,instructDimColor,16487
265,0,2,11,0,INSTRUCT,instructDimBorder,4249
265,0,2,11,0,INSTRUCT,instructDimDots,3329
265,0,2,11,0,INSTRUCT,instructDimStripe,2546
265,0,2,11,0,INSTRUCT,instructDimAll,7422
265,0,2,11,0,INSTRUCT,instructFinal,22063
265,0,2,11,0,1,1,TRAINING,0,0,1,0,04321576,04312675,10654
265,0,2,11,0,1,2,TRAINING,2,1,1,3,04321567,04312657,23068
265,0,2,11,0,1,3,TRAINING,3,3,0,2,04321765,04312756,8145
265,0,2,11,0,1,4,TRAINING,0,0,1,0,04321675,04312576,10280
265,0,2,11,0,1,5,TRAINING,3,3,0,2,02341675,01342576,2207
265,0,2,11,0,1,6,TRAINING,1,2,0,4,02341576,01342675,2005
265,0,2,11,0,1,7,TRAINING,5,6,1,6,02341756,01342765,1112
265,0,2,11,0,1,8,TRAINING,3,3,0,2,72341056,71342065,6330
265,0,2,11,0,1,9,TRAINING,6,5,0,7,71342056,72341065,1679
265,0,2,11,0,1,10,TRAINING,1,2,0,1,71345026,72346015,3185
265,0,2,11,0,1,11,TRAINING,7,7,0,0,71435026,72436015,3263
265,0,2,11,0,1,12,TRAINING,2,1,1,6,71035426,72036415,4207
265,0,2,11,0,1,13,TRAINING,0,0,1,2,74035126,74036215,1045
265,0,2,11,0,1,14,TRAINING,6,5,0,1,76035124,75036214,3245
265,0,2,11,0,1,15,TRAINING,4,4,1,0,46035127,45036217,9614
265,0,2,11,0,1,16,TRAINING,2,1,1,6,46530127,45630217,1095
265,0,2,11,0,1,17,TEST,1,2,0,0,true,1625
265,0,2,11,0,1,18,TEST,0,0,1,1,true,3080
265,0,2,11,0,1,19,TEST,3,3,0,0,true,2016
265,0,2,11,0,1,20,TEST,2,1,1,1,true,1016
265,0,2,11,0,1,21,TEST,4,4,1,1,true,2485
265,0,2,11,0,1,22,TEST,7,7,0,0,true,750
265,0,2,11,0,1,23,TEST,6,5,0,1,false,797
265,0,2,11,0,1,24,TEST,5,6,1,0,false,703
265,0,2,11,0,2,25,TRAINING,6,5,0,0,63027514,53017624,5343
265,0,2,11,0,2,26,TRAINING,7,7,0,4,63047512,53047621,3006
265,0,2,11,0,2,27,TRAINING,3,3,0,1,63057412,53067421,2039
265,0,2,11,0,2,28,TRAINING,1,2,0,5,63057142,53067241,1551
265,0,2,11,0,2,29,TRAINING,2,1,1,7,63075142,53076241,4709
265,0,2,11,0,2,30,TRAINING,3,3,0,1,63570142,53670241,961
265,0,2,11,0,2,31,TRAINING,6,5,0,6,43570162,43670251,1772
265,0,2,11,0,2,32,TRAINING,2,1,1,7,13570462,23670451,1064
265,0,2,11,0,2,33,TRAINING,0,0,1,4,13540762,23640751,3526
265,0,2,11,0,2,34,TRAINING,2,1,1,7,14530762,24630751,1081
265,0,2,11,0,2,35,TRAINING,1,2,0,0,15430762,26430751,1568
265,0,2,11,0,2,36,TRAINING,3,3,0,1,13450762,23460751,1059
265,0,2,11,0,2,37,TRAINING,5,6,1,3,13456702,23465701,969
265,0,2,11,0,2,38,TRAINING,1,2,0,6,03456712,03465721,1893
265,0,2,11,0,2,39,TRAINING,7,7,0,5,63450712,53460721,1878
265,0,2,11,0,2,40,TRAINING,4,4,1,1,64350712,54360721,2279
265,0,2,11,0,2,41,TEST,3,3,0,1,false,4516
265,0,2,11,0,2,42,TEST,1,2,0,1,false,1172
265,0,2,11,0,2,43,TEST,7,7,0,1,false,1500
265,0,2,11,0,2,44,TEST,0,0,1,0,false,672
265,0,2,11,0,2,45,TEST,6,5,0,0,true,782
265,0,2,11,0,2,46,TEST,5,6,1,1,true,803
265,0,2,11,0,2,47,TEST,4,4,1,0,false,688
265,0,2,11,0,2,48,TEST,2,1,1,0,false,750
265,0,2,11,0,3,49,TRAINING,6,5,0,0,62347501,51347602,2578
265,0,2,11,0,3,50,TRAINING,1,2,0,2,62147503,51247603,2777
265,0,2,11,0,3,51,TRAINING,7,7,0,1,67142503,57241603,1711
265,0,2,11,0,3,52,TRAINING,3,3,0,7,67102543,57201643,3444
265,0,2,11,0,3,53,TRAINING,0,0,1,3,67502143,57601243,1506
265,0,2,11,0,3,54,TRAINING,2,1,1,4,57602143,67501243,927
265,0,2,11,0,3,55,TRAINING,1,2,0,5,47602153,47501263,1742
265,0,2,11,0,3,56,TRAINING,7,7,0,1,47502163,47601253,1774
265,0,2,11,0,3,57,TRAINING,0,0,1,0,07542163,07641253,1374
265,0,2,11,0,3,58,TRAINING,2,1,1,4,07542361,07641352,3429
265,0,2,11,0,3,59,TRAINING,3,3,0,7,07542163,07641253,1680
265,0,2,11,0,3,60,TRAINING,6,5,0,6,04572163,04671253,1211
265,0,2,11,0,3,61,TRAINING,4,4,1,1,04527163,04617253,1085
265,0,2,11,0,3,62,TRAINING,6,5,0,6,74520163,74610253,1056
265,0,2,11,0,3,63,TRAINING,4,4,1,1,74520361,74610352,1172
265,0,2,11,0,3,64,TRAINING,7,7,0,0,74320561,74310652,1056
265,0,2,11,0,3,65,TEST,7,7,0,0,true,2625
265,0,2,11,0,3,66,TEST,0,0,1,1,true,1609
265,0,2,11,0,3,67,TEST,5,6,1,0,false,1454
265,0,2,11,0,3,68,TEST,1,2,0,0,true,3938
265,0,2,11,0,3,69,TEST,3,3,0,1,false,735
265,0,2,11,0,3,70,TEST,4,4,1,0,false,891
265,0,2,11,0,3,71,TEST,2,1,1,0,false,940
265,0,2,11,0,3,72,TEST,6,5,0,0,true,1203
265,0,2,11,0,4,73,TRAINING,0,0,1,2,63012475,53021476,3468
265,0,2,11,0,4,74,TRAINING,2,1,1,4,53012476,63021475,4521
265,0,2,11,0,4,75,TRAINING,0,0,1,2,53012467,63021457,967
265,0,2,11,0,4,76,TRAINING,4,4,1,5,53012476,63021475,1464
265,0,2,11,0,4,77,TRAINING,6,5,0,7,53017426,63027415,1017
265,0,2,11,0,4,78,TRAINING,2,1,1,6,50317426,60327415,1237
265,0,2,11,0,4,79,TRAINING,5,6,1,2,30517426,30627415,1666
265,0,2,11,0,4,80,TRAINING,3,3,0,0,30517624,30627514,1176
265,0,2,11,0,4,81,TRAINING,7,7,0,3,30571624,30672514,1970
265,0,2,11,0,4,82,TRAINING,3,3,0,0,30471625,30472516,1076
265,0,2,11,0,4,83,TRAINING,5,6,1,7,30671425,30572416,1103
265,0,2,11,0,4,84,TRAINING,1,2,0,4,34671025,34572016,1030
265,0,2,11,0,4,85,TRAINING,0,0,1,5,74631025,74532016,1500
265,0,2,11,0,4,86,TRAINING,4,4,1,1,74631052,74532061,2176
265,0,2,11,0,4,87,TRAINING,6,5,0,2,74632051,74531062,1099
265,0,2,11,0,4,88,TRAINING,3,3,0,3,04632751,04531762,969
265,0,2,11,0,4,89,TEST,0,0,1,1,true,2609
265,0,2,11,0,4,90,TEST,5,6,1,1,true,1515
265,0,2,11,0,4,91,TEST,6,5,0,0,true,671
265,0,2,11,0,4,92,TEST,1,2,0,1,false,1125
265,0,2,11,0,4,93,TEST,2,1,1,0,false,594
265,0,2,11,0,4,94,TEST,4,4,1,1,true,953
265,0,2,11,0,4,95,TEST,7,7,0,0,true,656
265,0,2,11,0,4,96,TEST,3,3,0,0,true,1062
265,0,2,11,0,5,97,TRAINING,2,1,1,4,41562703,42651703,1735
265,0,2,11,0,5,98,TRAINING,0,0,1,6,41532706,42631705,1695
265,0,2,11,0,5,99,TRAINING,6,5,0,7,14532706,24631705,1106
265,0,2,11,0,5,100,TRAINING,7,7,0,5,54132706,64231705,1804
265,0,2,11,0,5,101,TRAINING,0,0,1,1,50132746,60231745,1910
265,0,2,11,0,5,102,TRAINING,1,2,0,2,30152746,30261745,1115
265,0,2,11,0,5,103,TRAINING,3,3,0,4,20153746,10263745,2317
265,0,2,11,0,5,104,TRAINING,1,2,0,2,25103746,16203745,1040
265,0,2,11,0,5,105,TRAINING,2,1,1,1,52103746,61203745,1105
265,0,2,11,0,5,106,TRAINING,0,0,1,3,52104736,61204735,1707
265,0,2,11,0,5,107,TRAINING,6,5,0,7,72104536,71204635,1267
265,0,2,11,0,5,108,TRAINING,3,3,0,6,72401536,71402635,1499
265,0,2,11,0,5,109,TRAINING,1,2,0,4,74201536,74102635,2016
265,0,2,11,0,5,110,TRAINING,2,1,1,2,74201635,74102536,1143
265,0,2,11,0,5,111,TRAINING,0,0,1,7,74251630,74162530,1268
265,0,2,11,0,5,112,TRAINING,7,7,0,0,73251640,73162540,1074
265,0,2,11,0,5,113,TEST,2,1,1,1,true,8766
265,0,2,11,0,5,114,TEST,5,6,1,0,false,813
265,0,2,11,0,5,115,TEST,0,0,1,1,true,741
265,0,2,11,0,5,116,TEST,7,7,0,0,true,781
265,0,2,11,0,5,117,TEST,1,2,0,0,true,704
265,0,2,11,0,5,118,TEST,3,3,0,0,true,531
265,0,2,11,0,5,119,TEST,6,5,0,0,true,1188
265,0,2,11,0,5,120,TEST,4,4,1,0,false,657
265,0,2,11,0,6,121,TRAINING,2,1,1,0,27564103,17654203,2703
265,0,2,11,0,6,122,TRAINING,0,0,1,7,27564130,17654230,1695
265,0,2,11,0,6,123,TRAINING,4,4,1,4,25764130,16754230,1312
265,0,2,11,0,6,124,TRAINING,6,5,0,0,65724130,56714230,1693
265,0,2,11,0,6,125,TRAINING,1,2,0,5,60724135,50714236,1081
265,0,2,11,0,6,126,TRAINING,0,0,1,1,60524137,50614237,1478
265,0,2,11,0,6,127,TRAINING,3,3,0,3,60534127,50634217,1362
265,0,2,11,0,6,128,TRAINING,3,3,0,3,10534627,20634517,2783
265,0,2,11,0,6,129,TRAINING,1,2,0,0,10532647,20631547,1838
265,0,2,11,0,6,130,TRAINING,2,1,1,4,10532746,20631745,1579
265,0,2,11,0,6,131,TRAINING,0,0,1,1,10352746,20361745,1676
265,0,2,11,0,6,132,TRAINING,7,7,0,2,10752346,20761345,1193
265,0,2,11,0,6,133,TRAINING,6,5,0,6,10752364,20761354,1862
265,0,2,11,0,6,134,TRAINING,4,4,1,7,10725364,20716354,963
265,0,2,11,0,6,135,TRAINING,2,1,1,3,13725064,23716054,1653
265,0,2,11,0,6,136,TRAINING,1,2,0,6,63725014,53716024,1324
265,0,2,11,0,6,137,TEST,3,3,0,0,true,898
265,0,2,11,0,6,138,TEST,2,1,1,1,true,1453
265,0,2,11,0,6,139,TEST,7,7,0,0,true,893
265,0,2,11,0,6,140,TEST,5,6,1,1,true,1157
265,0,2,11,0,6,141,TEST,4,4,1,1,true,1469
265,0,2,11,0,6,142,TEST,0,0,1,1,true,968
265,0,2,11,0,6,143,TEST,6,5,0,0,true,704
265,0,2,11,0,6,144,TEST,1,2,0,1,false,1390
265,0,2,11,0,7,145,TRAINING,2,1,1,0,23476051,13475062,2172
265,0,2,11,0,7,146,TRAINING,0,0,1,6,23476501,13475602,1270
265,0,2,11,0,7,147,TRAINING,4,4,1,5,23576401,13675402,2937
265,0,2,11,0,7,148,TRAINING,1,2,0,7,63572401,53671402,2504
265,0,2,11,0,7,149,TRAINING,7,7,0,3,63275401,53176402,1537
265,0,2,11,0,7,150,TRAINING,3,3,0,1,03275461,03176452,1770
265,0,2,11,0,7,151,TRAINING,4,4,1,5,23075461,13076452,1099
265,0,2,11,0,7,152,TRAINING,6,5,0,6,73025461,73016452,1566
265,0,2,11,0,7,153,TRAINING,0,0,1,2,37025461,37016452,2458
265,0,2,11,0,7,154,TRAINING,3,3,0,0,32075461,31076452,2520
265,0,2,11,0,7,155,TRAINING,2,1,1,1,32075416,31076425,1630
265,0,2,11,0,7,156,TRAINING,6,5,0,7,32045716,31046725,973
265,0,2,11,0,7,157,TRAINING,1,2,0,5,32045176,31046275,1153
265,0,2,11,0,7,158,TRAINING,7,7,0,6,30245176,30146275,1337
265,0,2,11,0,7,159,TRAINING,5,6,1,3,30254176,30164275,2667
265,0,2,11,0,7,160,TRAINING,0,0,1,5,31254076,32164075,1393
265,0,2,11,0,7,161,TEST,3,3,0,0,true,1719
265,0,2,11,0,7,162,TEST,2,1,1,1,true,1797
265,0,2,11,0,7,163,TEST,1,2,0,0,true,1391
265,0,2,11,0,7,164,TEST,4,4,1,1,true,1719
265,0,2,11,0,7,165,TEST,6,5,0,0,true,1047
265,0,2,11,0,7,166,TEST,7,7,0,0,true,922
265,0,2,11,0,7,167,TEST,0,0,1,1,true,890
265,0,2,11,0,7,168,TEST,5,6,1,1,true,1578
265,0,2,11,0,8,169,TRAINING,2,1,1,0,27134560,17234650,4226
265,0,2,11,0,8,170,TRAINING,0,0,1,7,27314560,17324650,2228
265,0,2,11,0,8,171,TRAINING,4,4,1,3,27341560,17342650,1411
265,0,2,11,0,8,172,TRAINING,6,5,0,2,27641530,17542630,1868
265,0,2,11,0,8,173,TRAINING,4,4,1,3,27641503,17542603,942
265,0,2,11,0,8,174,TRAINING,3,3,0,6,27641530,17542630,1130
265,0,2,11,0,8,175,TRAINING,5,6,1,5,17642530,27541630,1350
265,0,2,11,0,8,176,TRAINING,6,5,0,4,17246530,27145630,1787
265,0,2,11,0,8,177,TRAINING,1,2,0,0,17206534,27105634,1335
265,0,2,11,0,8,178,TRAINING,7,7,0,1,17236504,27135604,1875
265,0,2,11,0,8,179,TRAINING,6,5,0,7,17234506,27134605,1603
265,0,2,11,0,8,180,TRAINING,0,0,1,6,17534206,27634105,1431
265,0,2,11,0,8,181,TRAINING,2,1,1,5,37514206,37624105,1532
265,0,2,11,0,8,182,TRAINING,1,2,0,3,37415206,37426105,2223
265,0,2,11,0,8,183,TRAINING,0,0,1,6,37416205,37425106,997
265,0,2,11,0,8,184,TRAINING,0,0,1,6,67413205,57423106,1599
265,0,2,11,0,8,185,TEST,4,4,1,0,false,2703
265,0,2,11,0,8,186,TEST,3,3,0,0,true,922
265,0,2,11,0,8,187,TEST,7,7,0,0,true,1000
265,0,2,11,0,8,188,TEST,1,2,0,0,true,641
265,0,2,11,0,8,189,TEST,6,5,0,0,true,781
265,0,2,11,0,8,190,TEST,5,6,1,0,false,656
265,0,2,11,0,8,191,TEST,2,1,1,1,true,625
265,0,2,11,0,8,192,TEST,0,0,1,1,true,687
265,0,2,11,0,9,193,TRAINING,2,1,1,1,72104365,71204356,4094
265,0,2,11,0,9,194,TRAINING,0,0,1,3,72304165,71304256,1287
265,0,2,11,0,9,195,TRAINING,3,3,0,2,52304167,61304257,1039
265,0,2,11,0,9,196,TRAINING,4,4,1,4,62304157,51304267,1137
265,0,2,11,0,9,197,TRAINING,5,6,1,6,62304751,51304762,1012
265,0,2,11,0,9,198,TRAINING,7,7,0,5,60324751,50314762,1629
265,0,2,11,0,9,199,TRAINING,3,3,0,2,10324756,20314765,1551
265,0,2,11,0,9,200,TRAINING,6,5,0,7,12304756,21304765,1580
265,0,2,11,0,9,201,TRAINING,1,2,0,0,10324756,20314765,1142
265,0,2,11,0,9,202,TRAINING,3,3,0,1,13024756,23014765,1654
265,0,2,11,0,9,203,TRAINING,0,0,1,4,13420756,23410765,1775
265,0,2,11,0,9,204,TRAINING,4,4,1,2,13450726,23460715,1661
265,0,2,11,0,9,205,TRAINING,7,7,0,6,13450276,23460175,1198
265,0,2,11,0,9,206,TRAINING,4,4,1,2,13452076,23461075,1447
265,0,2,11,0,9,207,TRAINING,6,5,0,7,23451076,13462075,1415
265,0,2,11,0,9,208,TRAINING,5,6,1,4,23415076,13426075,4893
265,0,2,11,0,9,209,TEST,0,0,1,1,true,1281
265,0,2,11,0,9,210,TEST,6,5,0,0,true,1610
265,0,2,11,0,9,211,TEST,1,2,0,0,true,1735
265,0,2,11,0,9,212,TEST,7,7,0,0,true,1375
265,0,2,11,0,9,213,TEST,3,3,0,0,true,1031
265,0,2,11,0,9,214,TEST,5,6,1,0,false,953
265,0,2,11,0,9,215,TEST,2,1,1,1,true,1125
265,0,2,11,0,9,216,TEST,4,4,1,1,true,1110
265,0,2,11,0,10,217,TRAINING,2,1,1,1,62470351,51470362,2813
265,0,2,11,0,10,218,TRAINING,0,0,1,4,32470651,31470562,920
265,0,2,11,0,10,219,TRAINING,3,3,0,5,62470351,51470362,1395
265,0,2,11,0,10,220,TRAINING,1,2,0,3,62410357,51420367,1368
265,0,2,11,0,10,221,TRAINING,5,6,1,6,62417350,51427360,1058
265,0,2,11,0,10,222,TRAINING,0,0,1,7,63417250,53427160,1879
265,0,2,11,0,10,223,TRAINING,4,4,1,2,73416250,73425160,975
265,0,2,11,0,10,224,TRAINING,6,5,0,3,73461250,73452160,1346
265,0,2,11,0,10,225,TRAINING,3,3,0,1,13467250,23457160,1473
265,0,2,11,0,10,226,TRAINING,4,4,1,2,23467150,13457260,949
265,0,2,11,0,10,227,TRAINING,7,7,0,0,73462150,73451260,1052
265,0,2,11,0,10,228,TRAINING,2,1,1,4,73452160,73461250,1077
265,0,2,11,0,10,229,TRAINING,1,2,0,5,73402165,73401256,1828
265,0,2,11,0,10,230,TRAINING,3,3,0,6,76402135,75401236,1167
265,0,2,11,0,10,231,TRAINING,0,0,1,2,76042135,75041236,1108
265,0,2,11,0,10,232,TRAINING,4,4,1,3,26047135,15047236,1000
265,0,2,11,0,10,233,TEST,2,1,1,1,true,2341
265,0,2,11,0,10,234,TEST,3,3,0,0,true,1110
265,0,2,11,0,10,235,TEST,7,7,0,0,true,969
265,0,2,11,0,10,236,TEST,6,5,0,0,true,1688
265,0,2,11,0,10,237,TEST,0,0,1,1,true,828
265,0,2,11,0,10,238,TEST,1,2,0,0,true,672
265,0,2,11,0,10,239,TEST,5,6,1,0,false,765
265,0,2,11,0,10,240,TEST,4,4,1,1,true,797
265,0,2,11,0,11,241,TRAINING,0,0,1,0,01562743,02651743,1953
265,0,2,11,0,11,242,TRAINING,2,1,1,1,02561743,01652743,1175
265,0,2,11,0,11,243,TRAINING,0,0,1,0,02761543,01752643,4228
265,0,2,11,0,11,244,TRAINING,4,4,1,6,02763541,01753642,1633
265,0,2,11,0,11,245,TRAINING,5,6,1,7,02763145,01753246,1410
265,0,2,11,0,11,246,TRAINING,1,2,0,5,32760145,31750246,1098
265,0,2,11,0,11,247,TRAINING,0,0,1,4,32670145,31570246,1500
265,0,2,11,0,11,248,TRAINING,3,3,0,0,32640175,31540276,2125
265,0,2,11,0,11,249,TRAINING,6,5,0,2,31640275,32540176,1953
265,0,2,11,0,11,250,TRAINING,4,4,1,3,31647205,32547106,2231
265,0,2,11,0,11,251,TRAINING,5,6,1,7,31640275,32540176,1236
265,0,2,11,0,11,252,TRAINING,2,1,1,6,31640725,32540716,1672
265,0,2,11,0,11,253,TRAINING,7,7,0,0,71640325,72540316,1291
265,0,2,11,0,11,254,TRAINING,3,3,0,5,71540326,72640315,1623
265,0,2,11,0,11,255,TRAINING,0,0,1,4,75140326,76240315,1223
265,0,2,11,0,11,256,TRAINING,5,6,1,2,71540326,72640315,1108
265,0,2,11,0,11,257,TEST,0,0,1,1,true,1671
265,0,2,11,0,11,258,TEST,2,1,1,1,true,1384
265,0,2,11,0,11,259,TEST,6,5,0,0,true,3907
265,0,2,11,0,11,260,TEST,5,6,1,0,false,1406
265,0,2,11,0,11,261,TEST,3,3,0,0,true,985
265,0,2,11,0,11,262,TEST,1,2,0,0,true,2719
265,0,2,11,0,11,263,TEST,4,4,1,1,true,922
265,0,2,11,0,11,264,TEST,7,7,0,0,true,1187
265,0,2,11,0,12,265,TRAINING,6,5,0,0,65731024,56732014,2844
265,0,2,11,0,12,266,TRAINING,4,4,1,7,65701324,56702314,1161
265,0,2,11,0,12,267,TRAINING,2,1,1,6,61705324,52706314,1448
265,0,2,11,0,12,268,TRAINING,5,6,1,4,61075324,52076314,1884
265,0,2,11,0,12,269,TRAINING,1,2,0,5,63075124,53076214,1157
265,0,2,11,0,12,270,TRAINING,6,5,0,0,62075134,51076234,1275
265,0,2,11,0,12,271,TRAINING,2,1,1,1,62705134,51706234,1128
265,0,2,11,0,12,272,TRAINING,7,7,0,2,62735104,51736204,1585
265,0,2,11,0,12,273,TRAINING,3,3,0,3,62735401,51736402,1137
265,0,2,11,0,12,274,TRAINING,4,4,1,5,02735461,01736452,929
265,0,2,11,0,12,275,TRAINING,6,5,0,6,02731465,01732456,1539
265,0,2,11,0,12,276,TRAINING,1,2,0,4,05731462,06732451,1179
265,0,2,11,0,12,277,TRAINING,4,4,1,5,75031462,76032451,2122
265,0,2,11,0,12,278,TRAINING,2,1,1,0,25031467,16032457,1137
265,0,2,11,0,12,279,TRAINING,0,0,1,2,25071463,16072453,935
265,0,2,11,0,12,280,TRAINING,7,7,0,3,25074163,16074253,1510
265,0,2,11,0,12,281,TEST,3,3,0,0,true,2234
265,0,2,11,0,12,282,TEST,1,2,0,0,true,2235
265,0,2,11,0,12,283,TEST,4,4,1,1,true,1125
265,0,2,11,0,12,284,TEST,5,6,1,0,false,828
265,0,2,11,0,12,285,TEST,7,7,0,0,true,1578
265,0,2,11,0,12,286,TEST,6,5,0,1,false,860
265,0,2,11,0,12,287,TEST,2,1,1,1,true,1829
265,0,2,11,0,12,288,TEST,0,0,1,1,true,656
265,0,2,11,0,13,289,TRAINING,1,2,0,4,75641302,76542301,2016
265,0,2,11,0,13,290,TRAINING,3,3,0,2,75341602,76342501,1418
265,0,2,11,0,13,291,TRAINING,7,7,0,0,75341062,76342051,1034
265,0,2,11,0,13,292,TRAINING,5,6,1,5,70341562,70342651,1263
265,0,2,11,0,13,293,TRAINING,6,5,0,6,70143562,70243651,1753
265,0,2,11,0,13,294,TRAINING,2,1,1,7,71043562,72043651,1226
265,0,2,11,0,13,295,TRAINING,4,4,1,3,51043762,62043751,1920
265,0,2,11,0,13,296,TRAINING,2,1,1,7,57043162,67043251,1332
265,0,2,11,0,13,297,TRAINING,2,1,1,7,57340162,67340251,2317
265,0,2,11,0,13,298,TRAINING,7,7,0,1,57304162,67304251,966
265,0,2,11,0,13,299,TRAINING,3,3,0,2,57301462,67302451,1182
265,0,2,11,0,13,300,TRAINING,1,2,0,4,57301426,67302415,1098
265,0,2,11,0,13,301,TRAINING,2,1,1,6,07351426,07362415,939
265,0,2,11,0,13,302,TRAINING,6,5,0,7,05371426,06372415,1176
265,0,2,11,0,13,303,TRAINING,0,0,1,0,01375426,02376415,1676
265,0,2,11,0,13,304,TRAINING,5,6,1,5,01374526,02374615,1026
265,0,2,11,0,13,305,TEST,7,7,0,0,true,1750
265,0,2,11,0,13,306,TEST,3,3,0,0,true,1391
265,0,2,11,0,13,307,TEST,5,6,1,1,true,843
265,0,2,11,0,13,308,TEST,0,0,1,1,true,688
265,0,2,11,0,13,309,TEST,1,2,0,0,true,657
265,0,2,11,0,13,310,TEST,4,4,1,1,true,765
265,0,2,11,0,13,311,TEST,2,1,1,1,true,1078
265,0,2,11,0,13,312,TEST,6,5,0,1,false,1485
265,0,2,11,0,14,313,TRAINING,0,0,1,0,02456713,01465723,1578
265,0,2,11,0,14,314,TRAINING,2,1,1,5,07456213,07465123,1244
265,0,2,11,0,14,315,TRAINING,7,7,0,1,07436215,07435126,3918
265,0,2,11,0,14,316,TRAINING,5,6,1,3,07456213,07465123,2222
265,0,2,11,0,14,317,TRAINING,3,3,0,2,07356214,07365124,2377
265,0,2,11,0,14,318,TRAINING,1,2,0,7,07356241,07365142,1435
265,0,2,11,0,14,319,TRAINING,0,0,1,0,06357241,05367142,3025
265,0,2,11,0,14,320,TRAINING,6,5,0,1,06537241,05637142,3285
265,0,2,11,0,14,321,TRAINING,2,1,1,5,06735241,05736142,1182
265,0,2,11,0,14,322,TRAINING,0,0,1,0,06375241,05376142,1663
265,0,2,11,0,14,323,TRAINING,7,7,0,6,06345271,05346172,1394
265,0,2,11,0,14,324,TRAINING,4,4,1,3,06341275,05342176,963
265,0,2,11,0,14,325,TRAINING,6,5,0,7,05341276,06342175,1562
265,0,2,11,0,14,326,TRAINING,2,1,1,5,35041276,36042175,2586
265,0,2,11,0,14,327,TRAINING,7,7,0,6,35014276,36024175,1274
265,0,2,11,0,14,328,TRAINING,4,4,1,4,65014273,56024173,1302
265,0,2,11,0,14,329,TEST,6,5,0,0,true,2125
265,0,2,11,0,14,330,TEST,5,6,1,0,false,1110
265,0,2,11,0,14,331,TEST,3,3,0,0,true,1610
265,0,2,11,0,14,332,TEST,1,2,0,0,true,1485
265,0,2,11,0,14,333,TEST,4,4,1,1,true,735
265,0,2,11,0,14,334,TEST,2,1,1,1,true,1047
265,0,2,11,0,14,335,TEST,0,0,1,1,true,516
265,0,2,11,0,14,336,TEST,7,7,0,0,true,750
265,0,2,11,0,15,337,TRAINING,3,3,0,0,34107265,34207156,1891
265,0,2,11,0,15,338,TRAINING,1,2,0,2,36107245,35207146,1152
265,0,2,11,0,15,339,TRAINING,6,5,0,4,37106245,37205146,3377
265,0,2,11,0,15,340,TRAINING,7,7,0,1,37156240,37265140,1346
265,0,2,11,0,15,341,TRAINING,2,1,1,0,27156340,17265340,1418
265,0,2,11,0,15,342,TRAINING,0,0,1,7,27516340,17625340,946
265,0,2,11,0,15,343,TRAINING,4,4,1,5,27516430,17625430,1272
265,0,2,11,0,15,344,TRAINING,3,3,0,6,25716430,16725430,1054
265,0,2,11,0,15,345,TRAINING,1,2,0,3,20716435,10725436,1611
265,0,2,11,0,15,346,TRAINING,2,1,1,0,20714635,10724536,1566
265,0,2,11,0,15,347,TRAINING,0,0,1,6,23714605,13724506,1252
265,0,2,11,0,15,348,TRAINING,6,5,0,5,23741605,13742506,1508
265,0,2,11,0,15,349,TRAINING,1,2,0,4,73241605,73142506,1693
265,0,2,11,0,15,350,TRAINING,5,6,1,0,53241607,63142507,1072
265,0,2,11,0,15,351,TRAINING,4,4,1,3,53241670,63142570,2271
265,0,2,11,0,15,352,TRAINING,2,1,1,2,53240671,63140572,987
265,0,2,11,0,15,353,TEST,1,2,0,0,true,1188
265,0,2,11,0,15,354,TEST,0,0,1,1,true,873
265,0,2,11,0,15,355,TEST,7,7,0,0,true,2516
265,0,2,11,0,15,356,TEST,3,3,0,0,true,1252
265,0,2,11,0,15,357,TEST,4,4,1,1,true,766
265,0,2,11,0,15,358,TEST,2,1,1,1,true,1016
265,0,2,11,0,15,359,TEST,5,6,1,1,true,1109
265,0,2,11,0,15,360,TEST,6,5,0,0,true,1171
265,0,2,11,0,16,361,TRAINING,2,1,1,3,43725160,43716250,2594
265,0,2,11,0,16,362,TRAINING,0,0,1,7,13725460,23716450,1381
265,0,2,11,0,16,363,TRAINING,6,5,0,6,15723460,26713450,1236
265,0,2,11,0,16,364,TRAINING,7,7,0,2,15732460,26731450,1925
265,0,2,11,0,16,365,TRAINING,5,6,1,1,35712460,36721450,2120
265,0,2,11,0,16,366,TRAINING,4,4,1,5,35702461,36701452,1496
265,0,2,11,0,16,367,TRAINING,2,1,1,4,75302461,76301452,1811
265,0,2,11,0,16,368,TRAINING,2,1,1,4,75302416,76301425,1191
265,0,2,11,0,16,369,TRAINING,4,4,1,5,73502416,73601425,993
265,0,2,11,0,16,370,TRAINING,1,2,0,6,37502416,37601425,1502
265,0,2,11,0,16,371,TRAINING,6,5,0,3,37562410,37651420,1481
265,0,2,11,0,16,372,TRAINING,5,6,1,2,47562310,47651320,986
265,0,2,11,0,16,373,TRAINING,7,7,0,1,17562340,27651340,1245
265,0,2,11,0,16,374,TRAINING,5,6,1,2,17532640,27631540,1618
265,0,2,11,0,16,375,TRAINING,3,3,0,0,37512640,37621540,1144
265,0,2,11,0,16,376,TRAINING,1,2,0,3,30512647,30621547,1643
265,0,2,11,0,16,377,TEST,4,4,1,1,true,2047
265,0,2,11,0,16,378,TEST,1,2,0,0,true,1515
265,0,2,11,0,16,379,TEST,5,6,1,0,false,2375
265,0,2,11,0,16,380,TEST,0,0,1,1,true,641
265,0,2,11,0,16,381,TEST,2,1,1,1,true,594
265,0,2,11,0,16,382,TEST,6,5,0,0,true,1813
265,0,2,11,0,16,383,TEST,7,7,0,0,true,938
265,0,2,11,0,16,384,TEST,3,3,0,0,true,875
265,0,2,11,0,17,385,TRAINING,2,1,1,0,27304516,17304625,1906
265,0,2,11,0,17,386,TRAINING,0,0,1,3,25304716,16304725,1608
265,0,2,11,0,17,387,TRAINING,2,1,1,0,25307416,16307425,1203
265,0,2,11,0,17,388,TRAINING,6,5,0,2,25607413,16507423,1180
265,0,2,11,0,17,389,TRAINING,4,4,1,5,25603417,16503427,1059
265,0,2,11,0,17,390,TRAINING,5,6,1,1,25613407,16523407,995
265,0,2,11,0,17,391,TRAINING,7,7,0,0,75613402,76523401,2673
265,0,2,11,0,17,392,TRAINING,6,5,0,2,75631402,76532401,1042
265,0,2,11,0,17,393,TRAINING,2,1,1,7,75634102,76534201,2039
265,0,2,11,0,17,394,TRAINING,4,4,1,6,75630142,76530241,1253
265,0,2,11,0,17,395,TRAINING,1,2,0,4,75631042,76532041,982
265,0,2,11,0,17,396,TRAINING,3,3,0,5,75601342,76502341,1206
265,0,2,11,0,17,397,TRAINING,0,0,1,3,25601347,16502347,928
265,0,2,11,0,17,398,TRAINING,6,5,0,0,65201347,56102347,1517
265,0,2,11,0,17,399,TRAINING,5,6,1,1,65204317,56104327,1914
265,0,2,11,0,17,400,TRAINING,4,4,1,4,65214307,56124307,3209
265,0,2,11,0,17,401,TEST,3,3,0,0,true,1796
265,0,2,11,0,17,402,TEST,2,1,1,1,true,1156
265,0,2,11,0,17,403,TEST,1,2,0,0,true,735
265,0,2,11,0,17,404,TEST,4,4,1,1,true,844
265,0,2,11,0,17,405,TEST,6,5,0,0,true,2455
265,0,2,11,0,17,406,TEST,5,6,1,1,true,844
265,0,2,11,0,17,407,TEST,7,7,0,0,true,734
265,0,2,11,0,17,408,TEST,0,0,1,1,true,619
265,0,2,11,0,18,409,TRAINING,0,0,1,0,07435621,07436512,1735
265,0,2,11,0,18,410,TRAINING,2,1,1,4,07432651,07431562,1845
265,0,2,11,0,18,411,TRAINING,4,4,1,2,07432156,07431265,2342
265,0,2,11,0,18,412,TRAINING,5,6,1,6,07412356,07421365,1763
265,0,2,11,0,18,413,TRAINING,1,2,0,3,67412350,57421360,2071
265,0,2,11,0,18,414,TRAINING,3,3,0,5,60412357,50421367,1755
265,0,2,11,0,18,415,TRAINING,6,5,0,0,62410357,51420367,1571
265,0,2,11,0,18,416,TRAINING,7,7,0,7,62510347,51620347,1255
265,0,2,11,0,18,417,TRAINING,3,3,0,5,62501347,51602347,1487
265,0,2,11,0,18,418,TRAINING,5,6,1,2,62541307,51642307,1314
265,0,2,11,0,18,419,TRAINING,7,7,0,0,72541306,71642305,2606
265,0,2,11,0,18,420,TRAINING,6,5,0,7,73541206,73642105,2626
265,0,2,11,0,18,421,TRAINING,3,3,0,1,73241506,73142605,2362
265,0,2,11,0,18,422,TRAINING,1,2,0,4,23741506,13742605,2771
265,0,2,11,0,18,423,TRAINING,6,5,0,7,53741206,63742105,2196
265,0,2,11,0,18,424,TRAINING,3,3,0,5,52741306,61742305,1026
265,0,2,11,0,18,425,TEST,3,3,0,0,true,875
265,0,2,11,0,18,426,TEST,0,0,1,1,true,766
265,0,2,11,0,18,427,TEST,5,6,1,1,true,797
265,0,2,11,0,18,428,TEST,6,5,0,0,true,1078
265,0,2,11,0,18,429,TEST,4,4,1,1,true,689
265,0,2,11,0,18,430,TEST,7,7,0,0,true,1079
265,0,2,11,0,18,431,TEST,2,1,1,1,true,1454
265,0,2,11,0,18,432,TEST,1,2,0,0,true,865
265,0,2,11,0,INSTRUCT,postquestionnaire,0

rulestrategy:First the empty box --no dots both colors of borders,
the white bordered box with and without dots and the diagonal line.
howtoimprove:No
engagement:8
difficulty:8
physicalaids:no