268,0,1,10,11,INSTRUCT,instruct1,19089
268,0,1,10,11,INSTRUCT,instructCatExample,14219
268,0,1,10,11,INSTRUCT,instructCatColor,6424
268,0,1,10,11,INSTRUCT,instructCatStripe,9351
268,0,1,10,11,INSTRUCT,instructDemoIntro,30045
268,0,1,10,11,INSTRUCT,instructDemo,119462
268,0,1,10,11,INSTRUCT,instructTest,34148
268,0,1,10,11,INSTRUCT,instructTest2,28866
268,0,1,10,11,INSTRUCT,instructDimColor,13490
268,0,1,10,11,INSTRUCT,instructDimBorder,5705
268,0,1,10,11,INSTRUCT,instructDimDots,4863
268,0,1,10,11,INSTRUCT,instructDimStripe,3424
268,0,1,10,11,INSTRUCT,instructDimAll,11961
268,0,1,10,11,INSTRUCT,instructFinal,24165
268,0,1,10,11,1,1,TRAINING,5,13,1,0,54137260,df54c6e7,13130
268,0,1,10,11,1,2,TRAINING,4,15,0,3,53147260,d45fc6e7,7162
268,0,1,10,11,1,3,TRAINING,7,12,0,1,57143260,dc5f46e7,8614
268,0,1,10,11,1,4,TRAINING,1,5,1,4,57341260,dc4f56e7,6356
268,0,1,10,11,1,5,TRAINING,6,14,1,6,37541260,4cdf56e7,7147
268,0,1,10,11,1,6,TRAINING,2,6,1,5,57341260,dc4f56e7,6395
268,0,1,10,11,1,7,TRAINING,7,12,0,1,07341265,7c4f56ed,4832
268,0,1,10,11,1,8,TRAINING,1,5,1,4,07351264,7c4d56ef,10647
268,0,1,10,11,1,9,TRAINING,5,13,1,3,47351260,fc4d56e7,3920
268,0,1,10,11,1,10,TRAINING,0,7,0,7,46351270,fe4d56c7,1974
268,0,1,10,11,1,11,TRAINING,4,15,0,0,46351720,fe4d5c67,1607
268,0,1,10,11,1,12,TRAINING,5,13,1,1,45361720,fd4e5c67,3282
268,0,1,10,11,1,13,TRAINING,1,5,1,4,45301726,fd475c6e,2964
268,0,1,10,11,1,14,TRAINING,3,4,0,2,45301627,fd475e6c,4005
268,0,1,10,11,1,15,TRAINING,7,12,0,5,45301726,fd475c6e,2242
268,0,1,10,11,1,16,TRAINING,6,14,1,7,45302716,fd476c5e,2760
268,0,1,10,11,1,17,TEST,3,4,0,1,false,8208
268,0,1,10,11,1,18,TEST,5,13,1,0,false,6882
268,0,1,10,11,1,19,TEST,7,12,0,1,false,3143
268,0,1,10,11,1,20,TEST,1,5,1,0,false,3566
268,0,1,10,11,1,21,TEST,0,7,0,0,true,5437
268,0,1,10,11,1,22,TEST,6,14,1,1,true,1562
268,0,1,10,11,1,23,TEST,2,6,1,0,false,12786
268,0,1,10,11,1,24,TEST,4,15,0,1,false,2423
268,0,1,10,11,2,25,TRAINING,7,12,0,0,70425631,c7f6de45,6771
268,0,1,10,11,2,26,TRAINING,3,4,0,6,70426531,c7f6ed45,4538
268,0,1,10,11,2,27,TRAINING,6,14,1,4,70126534,c756ed4f,4054
268,0,1,10,11,2,28,TRAINING,2,6,1,3,70426531,c7f6ed45,3288
268,0,1,10,11,2,29,TRAINING,1,5,1,0,10426537,57f6ed4c,7485
268,0,1,10,11,2,30,TRAINING,5,13,1,5,10426573,57f6edc4,4788
268,0,1,10,11,2,31,TRAINING,3,4,0,1,13426570,54f6edc7,3427
268,0,1,10,11,2,32,TRAINING,1,5,1,0,13427560,54f6cde7,3799
268,0,1,10,11,2,33,TRAINING,2,6,1,3,13724560,54c6fde7,2993
268,0,1,10,11,2,34,TRAINING,6,14,1,6,13427560,54f6cde7,3536
268,0,1,10,11,2,35,TRAINING,0,7,0,1,10427563,57f6cde4,2176
268,0,1,10,11,2,36,TRAINING,4,15,0,4,10724563,57c6fde4,3833
268,0,1,10,11,2,37,TRAINING,2,6,1,3,10324567,5746fdec,1688
268,0,1,10,11,2,38,TRAINING,6,14,1,6,10324765,5746fced,1838
268,0,1,10,11,2,39,TRAINING,0,7,0,1,50324761,d746fce5,7213
268,0,1,10,11,2,40,TRAINING,4,15,0,4,50124763,d756fce4,8291
268,0,1,10,11,2,41,TEST,3,4,0,1,false,5658
268,0,1,10,11,2,42,TEST,0,7,0,0,true,1518
268,0,1,10,11,2,43,TEST,7,12,0,1,false,4001
268,0,1,10,11,2,44,TEST,4,15,0,0,true,1368
268,0,1,10,11,2,45,TEST,2,6,1,0,false,2922
268,0,1,10,11,2,46,TEST,1,5,1,1,true,3078
268,0,1,10,11,2,47,TEST,5,13,1,1,true,5667
268,0,1,10,11,2,48,TEST,6,14,1,0,false,3282
268,0,1,10,11,3,49,TRAINING,1,5,1,2,64123507,ef564d7c,4676
268,0,1,10,11,3,50,TRAINING,5,13,1,5,64120537,ef567d4c,2664
268,0,1,10,11,3,51,TRAINING,0,7,0,4,46120537,fe567d4c,5816
268,0,1,10,11,3,52,TRAINING,4,15,0,0,46120573,fe567dc4,1373
268,0,1,10,11,3,53,TRAINING,3,4,0,7,46150273,fe5d76c4,3927
268,0,1,10,11,3,54,TRAINING,7,12,0,6,46152073,fe5d67c4,5148
268,0,1,10,11,3,55,TRAINING,1,5,1,2,46102573,fe576dc4,1865
268,0,1,10,11,3,56,TRAINING,5,13,1,5,64102573,ef576dc4,1543
268,0,1,10,11,3,57,TRAINING,4,15,0,1,64172503,ef5c6d74,3669
268,0,1,10,11,3,58,TRAINING,0,7,0,3,64102573,ef576dc4,1548
268,0,1,10,11,3,59,TRAINING,2,6,1,4,64102753,ef576cd4,3374
268,0,1,10,11,3,60,TRAINING,6,14,1,7,34102756,4f576cde,1847
268,0,1,10,11,3,61,TRAINING,3,4,0,1,43102756,f4576cde,8197
268,0,1,10,11,3,62,TRAINING,7,12,0,0,73102456,c4576fde,1790
268,0,1,10,11,3,63,TRAINING,4,15,0,5,73152406,c45d6f7e,4429
268,0,1,10,11,3,64,TRAINING,2,6,1,6,73150426,c45d7f6e,3602
268,0,1,10,11,3,65,TEST,5,13,1,0,false,1144
268,0,1,10,11,3,66,TEST,1,5,1,0,false,2033
268,0,1,10,11,3,67,TEST,6,14,1,1,true,3709
268,0,1,10,11,3,68,TEST,2,6,1,1,true,734
268,0,1,10,11,3,69,TEST,0,7,0,0,true,5660
268,0,1,10,11,3,70,TEST,3,4,0,0,true,4873
268,0,1,10,11,3,71,TEST,7,12,0,1,false,5168
268,0,1,10,11,3,72,TEST,4,15,0,0,true,1015
268,0,1,10,11,4,73,TRAINING,1,5,1,5,72650134,c6ed754f,3953
268,0,1,10,11,4,74,TRAINING,5,13,1,1,75620134,cde6754f,3370
268,0,1,10,11,4,75,TRAINING,7,12,0,0,75624130,cde6f547,3229
268,0,1,10,11,4,76,TRAINING,3,4,0,6,75620134,cde6754f,1768
268,0,1,10,11,4,77,TRAINING,6,14,1,2,75621034,cde6574f,5557
268,0,1,10,11,4,78,TRAINING,2,6,1,3,71625034,c5e6d74f,2086
268,0,1,10,11,4,79,TRAINING,0,7,0,7,71625430,c5e6df47,2161
268,0,1,10,11,4,80,TRAINING,4,15,0,5,75621430,cde65f47,2129
268,0,1,10,11,4,81,TRAINING,1,5,1,1,71625430,c5e6df47,3021
268,0,1,10,11,4,82,TRAINING,5,13,1,4,71605432,c5e7df46,1962
268,0,1,10,11,4,83,TRAINING,7,12,0,6,31605472,45e7dfc6,1618
268,0,1,10,11,4,84,TRAINING,3,4,0,7,21605473,65e7dfc4,4385
268,0,1,10,11,4,85,TRAINING,0,7,0,3,25601473,6de75fc4,3920
268,0,1,10,11,4,86,TRAINING,4,15,0,2,25401673,6df75ec4,2758
268,0,1,10,11,4,87,TRAINING,2,6,1,0,25401637,6df75e4c,1345
268,0,1,10,11,4,88,TRAINING,6,14,1,5,25407631,6df7ce45,1828
268,0,1,10,11,4,89,TEST,6,14,1,0,false,20150
268,0,1,10,11,4,90,TEST,0,7,0,1,false,3047
268,0,1,10,11,4,91,TEST,1,5,1,1,true,3831
268,0,1,10,11,4,92,TEST,5,13,1,1,true,2173
268,0,1,10,11,4,93,TEST,2,6,1,0,false,1346
268,0,1,10,11,4,94,TEST,4,15,0,0,true,2750
268,0,1,10,11,4,95,TEST,7,12,0,1,false,2875
268,0,1,10,11,4,96,TEST,3,4,0,1,false,766
268,0,1,10,11,5,97,TRAINING,3,4,0,0,30645271,47efd6c5,5501
268,0,1,10,11,5,98,TRAINING,7,12,0,6,30245671,476fdec5,1678
268,0,1,10,11,5,99,TRAINING,1,5,1,7,36245071,4e6fd7c5,2252
268,0,1,10,11,5,100,TRAINING,5,13,1,4,32645071,46efd7c5,1729
268,0,1,10,11,5,101,TRAINING,4,15,0,3,02645371,76efd4c5,3924
268,0,1,10,11,5,102,TRAINING,0,7,0,7,12645370,56efd4c7,2429
268,0,1,10,11,5,103,TRAINING,2,6,1,1,72645310,c6efd457,1664
268,0,1,10,11,5,104,TRAINING,6,14,1,0,62745310,e6cfd457,3679
268,0,1,10,11,5,105,TRAINING,3,4,0,5,62475310,e6fcd457,3623
268,0,1,10,11,5,106,TRAINING,7,12,0,3,64275310,ef6cd457,4020
268,0,1,10,11,5,107,TRAINING,4,15,0,1,64572310,efdc6457,3712
268,0,1,10,11,5,108,TRAINING,0,7,0,7,64275310,ef6cd457,1124
268,0,1,10,11,5,109,TRAINING,6,14,1,0,64215370,ef65d4c7,2176
268,0,1,10,11,5,110,TRAINING,2,6,1,2,64251370,ef6d54c7,1942
268,0,1,10,11,5,111,TRAINING,0,7,0,4,64250371,ef6d74c5,1691
268,0,1,10,11,5,112,TRAINING,4,15,0,3,65240371,ed6f74c5,1999
268,0,1,10,11,5,113,TEST,7,12,0,1,false,2141
268,0,1,10,11,5,114,TEST,0,7,0,0,true,4125
268,0,1,10,11,5,115,TEST,1,5,1,0,false,3672
268,0,1,10,11,5,116,TEST,5,13,1,1,true,1297
268,0,1,10,11,5,117,TEST,6,14,1,0,false,3195
268,0,1,10,11,5,118,TEST,3,4,0,1,false,1750
268,0,1,10,11,5,119,TEST,4,15,0,1,false,1038
268,0,1,10,11,5,120,TEST,2,6,1,0,false,642
268,0,1,10,11,6,121,TRAINING,7,12,0,2,16745032,5ecfd746,2828
268,0,1,10,11,6,122,TRAINING,1,5,1,0,12745036,56cfd74e,1793
268,0,1,10,11,6,123,TRAINING,3,4,0,6,12705436,56c7df4e,2151
268,0,1,10,11,6,124,TRAINING,5,13,1,3,12750436,56cd7f4e,1853
268,0,1,10,11,6,125,TRAINING,4,15,0,2,12450736,56fd7c4e,5510
268,0,1,10,11,6,126,TRAINING,0,7,0,1,10452736,57fd6c4e,3003
268,0,1,10,11,6,127,TRAINING,2,6,1,4,30452716,47fd6c5e,1430
268,0,1,10,11,6,128,TRAINING,6,14,1,7,30752416,47cd6f5e,1085
268,0,1,10,11,6,129,TRAINING,5,13,1,3,30152476,475d6fce,1850
268,0,1,10,11,6,130,TRAINING,1,5,1,2,30157426,475dcf6e,1050
268,0,1,10,11,6,131,TRAINING,7,12,0,4,30157624,475dce6f,998
268,0,1,10,11,6,132,TRAINING,3,4,0,0,30147625,475fce6d,1532
268,0,1,10,11,6,133,TRAINING,6,14,1,5,30147652,475fced6,1680
268,0,1,10,11,6,134,TRAINING,2,6,1,2,30247651,476fced5,1563
268,0,1,10,11,6,135,TRAINING,5,13,1,6,31247650,456fced7,2222
268,0,1,10,11,6,136,TRAINING,1,5,1,1,31274650,456cfed7,1564
268,0,1,10,11,6,137,TEST,6,14,1,0,false,1752
268,0,1,10,11,6,138,TEST,3,4,0,0,true,1408
268,0,1,10,11,6,139,TEST,2,6,1,1,true,3942
268,0,1,10,11,6,140,TEST,7,12,0,0,true,1611
268,0,1,10,11,6,141,TEST,5,13,1,1,true,718
268,0,1,10,11,6,142,TEST,1,5,1,1,true,875
268,0,1,10,11,6,143,TEST,0,7,0,0,true,2040
268,0,1,10,11,6,144,TEST,4,15,0,0,true,1955
268,0,1,10,11,7,145,TRAINING,7,12,0,2,62740531,e6cf7d45,2187
268,0,1,10,11,7,146,TRAINING,3,4,0,0,32740561,46cf7de5,1707
268,0,1,10,11,7,147,TRAINING,0,7,0,4,32760541,46ce7df5,1226
268,0,1,10,11,7,148,TRAINING,4,15,0,7,32760514,46ce7d5f,3864
268,0,1,10,11,7,149,TRAINING,6,14,1,3,52760314,d6ce745f,1111
268,0,1,10,11,7,150,TRAINING,2,6,1,4,50762314,d7ce645f,1820
268,0,1,10,11,7,151,TRAINING,3,4,0,5,05762314,7dce645f,2365
268,0,1,10,11,7,152,TRAINING,5,13,1,1,05162374,7d5e64cf,921
268,0,1,10,11,7,153,TRAINING,1,5,1,2,45162370,fd5e64c7,1310
268,0,1,10,11,7,154,TRAINING,6,14,1,3,45162730,fd5e6c47,2376
268,0,1,10,11,7,155,TRAINING,2,6,1,4,54162730,df5e6c47,2183
268,0,1,10,11,7,156,TRAINING,0,7,0,1,50162734,d75e6c4f,1378
268,0,1,10,11,7,157,TRAINING,4,15,0,7,10562734,57de6c4f,1484
268,0,1,10,11,7,158,TRAINING,5,13,1,2,10563724,57de4c6f,2344
268,0,1,10,11,7,159,TRAINING,1,5,1,0,10523764,57d64cef,1742
268,0,1,10,11,7,160,TRAINING,4,15,0,5,10523467,57d64fec,5130
268,0,1,10,11,7,161,TEST,5,13,1,1,true,1470
268,0,1,10,11,7,162,TEST,4,15,0,0,true,7407
268,0,1,10,11,7,163,TEST,2,6,1,0,false,3408
268,0,1,10,11,7,164,TEST,0,7,0,1,false,829
268,0,1,10,11,7,165,TEST,1,5,1,0,false,5579
268,0,1,10,11,7,166,TEST,6,14,1,1,true,941
268,0,1,10,11,7,167,TEST,7,12,0,0,true,4708
268,0,1,10,11,7,168,TEST,3,4,0,0,true,804
268,0,1,10,11,8,169,TRAINING,7,12,0,4,63017245,e475c6fd,7099
268,0,1,10,11,8,170,TRAINING,3,4,0,1,63107245,e457c6fd,1121
268,0,1,10,11,8,171,TRAINING,2,6,1,5,63407215,e4f7c65d,5566
268,0,1,10,11,8,172,TRAINING,6,14,1,0,63107245,e457c6fd,1476
268,0,1,10,11,8,173,TRAINING,1,5,1,3,63017245,e475c6fd,2300
268,0,1,10,11,8,174,TRAINING,5,13,1,7,63710245,e4c576fd,912
268,0,1,10,11,8,175,TRAINING,4,15,0,4,63714205,e4c5f67d,2035
268,0,1,10,11,8,176,TRAINING,0,7,0,0,03714265,74c5f6ed,1663
268,0,1,10,11,8,177,TRAINING,7,12,0,3,03174265,745cf6ed,3713
268,0,1,10,11,8,178,TRAINING,3,4,0,1,03574261,74dcf6e5,2186
268,0,1,10,11,8,179,TRAINING,1,5,1,6,03574216,74dcf65e,3153
268,0,1,10,11,8,180,TRAINING,5,13,1,2,23574016,64dcf75e,4779
268,0,1,10,11,8,181,TRAINING,0,7,0,5,73524016,c4d6f75e,3817
268,0,1,10,11,8,182,TRAINING,2,6,1,3,13524076,54d6f7ce,1571
268,0,1,10,11,8,183,TRAINING,4,15,0,2,13425076,54f6d7ce,4988
268,0,1,10,11,8,184,TRAINING,1,5,1,0,13426075,54f6e7cd,5862
268,0,1,10,11,8,185,TEST,5,13,1,0,false,6425
268,0,1,10,11,8,186,TEST,6,14,1,1,true,2660
268,0,1,10,11,8,187,TEST,1,5,1,0,false,1736
268,0,1,10,11,8,188,TEST,0,7,0,1,false,2547
268,0,1,10,11,8,189,TEST,3,4,0,1,false,1609
268,0,1,10,11,8,190,TEST,2,6,1,1,true,1876
268,0,1,10,11,8,191,TEST,4,15,0,0,true,1689
268,0,1,10,11,8,192,TEST,7,12,0,1,false,2187
268,0,1,10,11,9,193,TRAINING,7,12,0,1,37402156,4cf765de,5019
268,0,1,10,11,9,194,TRAINING,3,4,0,0,37402516,4cf76d5e,1617
268,0,1,10,11,9,195,TRAINING,5,13,1,5,37401526,4cf75d6e,4168
268,0,1,10,11,9,196,TRAINING,1,5,1,1,31407526,45f7cd6e,1544
268,0,1,10,11,9,197,TRAINING,0,7,0,3,31406527,45f7ed6c,3253
268,0,1,10,11,9,198,TRAINING,4,15,0,7,31706524,45c7ed6f,2239
268,0,1,10,11,9,199,TRAINING,2,6,1,6,13706524,54c7ed6f,2301
268,0,1,10,11,9,200,TRAINING,6,14,1,4,31706524,45c7ed6f,1511
268,0,1,10,11,9,201,TRAINING,1,5,1,1,51706324,d5c7e46f,3089
268,0,1,10,11,9,202,TRAINING,5,13,1,0,51706423,d5c7ef64,1093
268,0,1,10,11,9,203,TRAINING,7,12,0,2,51704623,d5c7fe64,1592
268,0,1,10,11,9,204,TRAINING,2,6,1,6,50714623,d7c5fe64,4948
268,0,1,10,11,9,205,TRAINING,6,14,1,5,50734621,d7c4fe65,1515
268,0,1,10,11,9,206,TRAINING,7,12,0,2,50714623,d7c5fe64,3383
268,0,1,10,11,9,207,TRAINING,3,4,0,7,50741623,d7cf5e64,2334
268,0,1,10,11,9,208,TRAINING,4,15,0,5,50761423,d7ce5f64,4187
268,0,1,10,11,9,209,TEST,1,5,1,1,true,2673
268,0,1,10,11,9,210,TEST,6,14,1,0,false,987
268,0,1,10,11,9,211,TEST,4,15,0,0,true,3188
268,0,1,10,11,9,212,TEST,7,12,0,0,true,3267
268,0,1,10,11,9,213,TEST,0,7,0,1,false,2425
268,0,1,10,11,9,214,TEST,3,4,0,0,true,2563
268,0,1,10,11,9,215,TEST,2,6,1,1,true,2220
268,0,1,10,11,9,216,TEST,5,13,1,1,true,2095
268,0,1,10,11,10,217,TRAINING,5,13,1,1,05471326,7dfc546e,5828
268,0,1,10,11,10,218,TRAINING,1,5,1,4,35471026,4dfc576e,1255
268,0,1,10,11,10,219,TRAINING,3,4,0,0,35401726,4df75c6e,1043
268,0,1,10,11,10,220,TRAINING,7,12,0,7,35401627,4df75e6c,1472
268,0,1,10,11,10,221,TRAINING,6,14,1,5,30451627,47fd5e6c,4116
268,0,1,10,11,10,222,TRAINING,2,6,1,1,32451607,46fd5e7c,1342
268,0,1,10,11,10,223,TRAINING,4,15,0,2,72451603,c6fd5e74,1115
268,0,1,10,11,10,224,TRAINING,0,7,0,7,72451630,c6fd5e47,1678
268,0,1,10,11,10,225,TRAINING,1,5,1,4,52471630,d6fc5e47,3136
268,0,1,10,11,10,226,TRAINING,5,13,1,0,52371640,d64c5ef7,1318
268,0,1,10,11,10,227,TRAINING,3,4,0,3,52731640,d6c45ef7,1317
268,0,1,10,11,10,228,TRAINING,7,12,0,4,52137640,d654cef7,1660
268,0,1,10,11,10,229,TRAINING,4,15,0,6,12537640,56d4cef7,2082
268,0,1,10,11,10,230,TRAINING,0,7,0,7,32517640,46d5cef7,2929
268,0,1,10,11,10,231,TRAINING,2,6,1,1,62517340,e6d5c4f7,2149
268,0,1,10,11,10,232,TRAINING,6,14,1,5,32517640,46d5cef7,1695
268,0,1,10,11,10,233,TEST,0,7,0,0,true,2099
268,0,1,10,11,10,234,TEST,1,5,1,1,true,1234
268,0,1,10,11,10,235,TEST,4,15,0,0,true,891
268,0,1,10,11,10,236,TEST,6,14,1,0,false,1774
268,0,1,10,11,10,237,TEST,2,6,1,0,false,676
268,0,1,10,11,10,238,TEST,7,12,0,0,true,1625
268,0,1,10,11,10,239,TEST,5,13,1,1,true,953
268,0,1,10,11,10,240,TEST,3,4,0,0,true,1546
268,0,1,10,11,11,241,TRAINING,3,4,0,1,73526140,c4d6e5f7,2392
268,0,1,10,11,11,242,TRAINING,7,12,0,0,73506142,c4d7e5f6,1579
268,0,1,10,11,11,243,TRAINING,6,14,1,7,73502146,c4d765fe,2847
268,0,1,10,11,11,244,TRAINING,2,6,1,4,73402156,c4f765de,1067
268,0,1,10,11,11,245,TRAINING,4,15,0,2,73412056,c4f567de,3928
268,0,1,10,11,11,246,TRAINING,0,7,0,5,76412053,cef567d4,1047
268,0,1,10,11,11,247,TRAINING,1,5,1,3,72416053,c6f5e7d4,3083
268,0,1,10,11,11,248,TRAINING,3,4,0,0,32416057,46f5e7dc,1581
268,0,1,10,11,11,249,TRAINING,7,12,0,7,32410657,46f57edc,2384
268,0,1,10,11,11,250,TRAINING,3,4,0,0,32140657,465f7edc,1475
268,0,1,10,11,11,251,TRAINING,2,6,1,1,32146057,465fe7dc,1771
268,0,1,10,11,11,252,TRAINING,6,14,1,4,32156047,465de7fc,1846
268,0,1,10,11,11,253,TRAINING,0,7,0,0,02156347,765de4fc,1112
268,0,1,10,11,11,254,TRAINING,4,15,0,6,02176345,765ce4fd,1501
268,0,1,10,11,11,255,TRAINING,7,12,0,3,02671345,76ec54fd,1632
268,0,1,10,11,11,256,TRAINING,3,4,0,5,06271345,7e6c54fd,1462
268,0,1,10,11,11,257,TEST,3,4,0,0,true,1407
268,0,1,10,11,11,258,TEST,4,15,0,0,true,2688
268,0,1,10,11,11,259,TEST,2,6,1,1,true,1172
268,0,1,10,11,11,260,TEST,1,5,1,1,true,1673
268,0,1,10,11,11,261,TEST,5,13,1,1,true,1079
268,0,1,10,11,11,262,TEST,7,12,0,0,true,704
268,0,1,10,11,11,263,TEST,0,7,0,0,true,1250
268,0,1,10,11,11,264,TEST,6,14,1,1,true,1000
268,0,1,10,11,12,265,TRAINING,7,12,0,4,04217365,7f65c4ed,2094
268,0,1,10,11,12,266,TRAINING,3,4,0,7,04217563,7f65cde4,1349
268,0,1,10,11,12,267,TRAINING,4,15,0,1,14207563,5f67cde4,1944
268,0,1,10,11,12,268,TRAINING,0,7,0,3,14206573,5f67edc4,1033
268,0,1,10,11,12,269,TRAINING,2,6,1,2,14206753,5f67ecd4,1003
268,0,1,10,11,12,270,TRAINING,6,14,1,1,16204753,5e67fcd4,2586
268,0,1,10,11,12,271,TRAINING,5,13,1,6,36204751,4e67fcd5,1775
268,0,1,10,11,12,272,TRAINING,1,5,1,7,46203751,fe674cd5,1643
268,0,1,10,11,12,273,TRAINING,7,12,0,5,43206751,f467ecd5,2192
268,0,1,10,11,12,274,TRAINING,3,4,0,3,40236751,f764ecd5,1142
268,0,1,10,11,12,275,TRAINING,0,7,0,1,40536721,f7d4ec65,1371
268,0,1,10,11,12,276,TRAINING,4,15,0,0,40531726,f7d45c6e,2606
268,0,1,10,11,12,277,TRAINING,1,5,1,4,40571326,f7dc546e,1381
268,0,1,10,11,12,278,TRAINING,5,13,1,7,40671325,f7ec546d,1510
268,0,1,10,11,12,279,TRAINING,2,6,1,6,40761325,f7ce546d,5057
268,0,1,10,11,12,280,TRAINING,6,14,1,3,40763125,f7ce456d,2319
268,0,1,10,11,12,281,TEST,6,14,1,1,true,1549
268,0,1,10,11,12,282,TEST,5,13,1,1,true,1063
268,0,1,10,11,12,283,TEST,1,5,1,1,true,2984
268,0,1,10,11,12,284,TEST,7,12,0,0,true,1939
268,0,1,10,11,12,285,TEST,2,6,1,1,true,1455
268,0,1,10,11,12,286,TEST,4,15,0,0,true,704
268,0,1,10,11,12,287,TEST,0,7,0,0,true,1312
268,0,1,10,11,12,288,TEST,3,4,0,0,true,1187
268,0,1,10,11,INSTRUCT,postquestionnaire,0

rulestrategy:Attempt to predict each result during the test phase; correlate each of the four variables to the accuracy of each prediction.

howtoimprove:No.
engagement:9
difficulty:10
physicalaids:no