269,1,4,9,14,INSTRUCT,instruct1,9475
269,1,4,9,14,INSTRUCT,instructCatExample,18311
269,1,4,9,14,INSTRUCT,instructCatColor,15663
269,1,4,9,14,INSTRUCT,instructCatStripe,8758
269,1,4,9,14,INSTRUCT,instructDemoIntro,5000
269,1,4,9,14,INSTRUCT,instructDemo,40331
269,1,4,9,14,INSTRUCT,instructTest,22964
269,1,4,9,14,INSTRUCT,instructTest2,13480
269,1,4,9,14,INSTRUCT,instructDimColor,6855
269,1,4,9,14,INSTRUCT,instructDimBorder,4928
269,1,4,9,14,INSTRUCT,instructDimDots,5519
269,1,4,9,14,INSTRUCT,instructDimStripe,7551
269,1,4,9,14,INSTRUCT,instructDimAll,10319
269,1,4,9,14,INSTRUCT,instructFinal,4583
269,1,4,9,14,1,1,TRAINING,1,15,0,3,26517340,51bf379d,9300
269,1,4,9,14,1,2,TRAINING,3,7,0,4,26513740,51bf739d,10219
269,1,4,9,14,1,3,TRAINING,2,5,1,5,76513240,31bf759d,1789
269,1,4,9,14,1,4,TRAINING,6,1,0,1,16573240,f1b3759d,4290
269,1,4,9,14,1,5,TRAINING,0,13,1,7,16753240,f13b759d,2851
269,1,4,9,14,1,6,TRAINING,7,3,1,2,16752340,f13b579d,2204
269,1,4,9,14,1,7,TRAINING,2,5,1,4,56712340,b13f579d,1868
269,1,4,9,14,1,8,TRAINING,4,9,1,7,56712304,b13f57d9,1467
269,1,4,9,14,1,9,TRAINING,5,11,0,0,53712604,b73f51d9,1394
269,1,4,9,14,1,10,TRAINING,5,11,0,0,51732604,bf3751d9,1482
269,1,4,9,14,1,11,TRAINING,1,15,0,1,51732640,bf37519d,1435
269,1,4,9,14,1,12,TRAINING,7,3,1,3,51372640,bf73519d,1381
269,1,4,9,14,1,13,TRAINING,6,1,0,0,61372540,1f735b9d,4108
269,1,4,9,14,1,14,TRAINING,4,9,1,6,61072543,1fd35b97,1419
269,1,4,9,14,1,15,TRAINING,0,13,1,2,63072541,17d35b9f,1635
269,1,4,9,14,1,16,TRAINING,3,7,0,1,13072546,f7d35b91,1435
269,1,4,9,14,1,17,TEST,5,11,0,0,true,2767
269,1,4,9,14,1,18,TEST,7,3,1,0,false,1564
269,1,4,9,14,1,19,TEST,2,5,1,1,true,722
269,1,4,9,14,1,20,TEST,1,15,0,1,false,914
269,1,4,9,14,1,21,TEST,4,9,1,0,false,1091
269,1,4,9,14,1,22,TEST,0,13,1,1,true,2901
269,1,4,9,14,1,23,TEST,3,7,0,0,true,715
269,1,4,9,14,1,24,TEST,6,1,0,1,false,1939
269,1,4,9,14,2,25,TRAINING,0,13,1,5,14732065,f9375d1b,1322
269,1,4,9,14,2,26,TRAINING,3,7,0,3,14736025,f9371d5b,1924
269,1,4,9,14,2,27,TRAINING,6,1,0,4,14236075,f9571d3b,2037
269,1,4,9,14,2,28,TRAINING,4,9,1,1,54236071,b9571d3f,1556
269,1,4,9,14,2,29,TRAINING,0,13,1,5,34256071,795b1d3f,2195
269,1,4,9,14,2,30,TRAINING,1,15,0,0,14256073,f95b1d37,1371
269,1,4,9,14,2,31,TRAINING,3,7,0,7,14276053,f9531db7,1507
269,1,4,9,14,2,32,TRAINING,4,9,1,1,14076253,f9d315b7,1428
269,1,4,9,14,2,33,TRAINING,7,3,1,0,74016253,39df15b7,1501
269,1,4,9,14,2,34,TRAINING,1,15,0,3,74610253,391fd5b7,2092
269,1,4,9,14,2,35,TRAINING,6,1,0,2,72610453,351fd9b7,1506
269,1,4,9,14,2,36,TRAINING,5,11,0,6,42610753,951fd3b7,1683
269,1,4,9,14,2,37,TRAINING,2,5,1,0,24610753,591fd3b7,1363
269,1,4,9,14,2,38,TRAINING,5,11,0,6,27610453,531fd9b7,1845
269,1,4,9,14,2,39,TRAINING,7,3,1,1,27614053,531f9db7,1619
269,1,4,9,14,2,40,TRAINING,2,5,1,0,27314056,537f9db1,1666
269,1,4,9,14,2,41,TEST,7,3,1,1,true,798
269,1,4,9,14,2,42,TEST,0,13,1,0,false,548
269,1,4,9,14,2,43,TEST,3,7,0,1,false,746
269,1,4,9,14,2,44,TEST,1,15,0,1,false,972
269,1,4,9,14,2,45,TEST,2,5,1,0,false,427
269,1,4,9,14,2,46,TEST,4,9,1,0,false,971
269,1,4,9,14,2,47,TEST,6,1,0,1,false,276
269,1,4,9,14,2,48,TEST,5,11,0,0,true,1636
269,1,4,9,14,3,49,TRAINING,2,5,1,7,70541362,3db9f715,2492
269,1,4,9,14,3,50,TRAINING,7,3,1,3,40571362,9db3f715,1908
269,1,4,9,14,3,51,TRAINING,5,11,0,4,40175362,9df3b715,1708
269,1,4,9,14,3,52,TRAINING,3,7,0,1,43175062,97f3bd15,2043
269,1,4,9,14,3,53,TRAINING,1,15,0,2,03175462,d7f3b915,2675
269,1,4,9,14,3,54,TRAINING,4,9,1,5,63175402,17f3b9d5,1611
269,1,4,9,14,3,55,TRAINING,7,3,1,6,63105472,17fdb935,1427
269,1,4,9,14,3,56,TRAINING,3,7,0,0,36105472,71fdb935,1540
269,1,4,9,14,3,57,TRAINING,4,9,1,5,31605472,7f1db935,1707
269,1,4,9,14,3,58,TRAINING,0,13,1,3,31705462,7f3db915,1739
269,1,4,9,14,3,59,TRAINING,6,1,0,4,31706452,7f3d19b5,1827
269,1,4,9,14,3,60,TRAINING,6,1,0,4,31706425,7f3d195b,1492
269,1,4,9,14,3,61,TRAINING,2,5,1,5,31706245,7f3d159b,1141
269,1,4,9,14,3,62,TRAINING,5,11,0,7,31076245,7fd3159b,2266
269,1,4,9,14,3,63,TRAINING,1,15,0,4,36071245,71d3f59b,2660
269,1,4,9,14,3,64,TRAINING,0,13,1,2,36021745,71d5f39b,2379
269,1,4,9,14,3,65,TEST,0,13,1,0,false,4658
269,1,4,9,14,3,66,TEST,2,5,1,0,false,1355
269,1,4,9,14,3,67,TEST,3,7,0,1,false,2364
269,1,4,9,14,3,68,TEST,5,11,0,1,false,2202
269,1,4,9,14,3,69,TEST,1,15,0,0,true,1187
269,1,4,9,14,3,70,TEST,6,1,0,1,false,868
269,1,4,9,14,3,71,TEST,7,3,1,0,false,5923
269,1,4,9,14,3,72,TEST,4,9,1,1,true,1042
269,1,4,9,14,4,73,TRAINING,1,15,0,1,71453062,3f9b7d15,2538
269,1,4,9,14,4,74,TRAINING,6,1,0,6,71354062,3f7b9d15,1333
269,1,4,9,14,4,75,TRAINING,0,13,1,5,71352064,3f7b5d19,1172
269,1,4,9,14,4,76,TRAINING,5,11,0,3,73152064,37fb5d19,1739
269,1,4,9,14,4,77,TRAINING,7,3,1,2,13752064,f73b5d19,1178
269,1,4,9,14,4,78,TRAINING,2,5,1,4,31752064,7f3b5d19,1515
269,1,4,9,14,4,79,TRAINING,4,9,1,7,31752604,7f3b51d9,1587
269,1,4,9,14,4,80,TRAINING,1,15,0,1,71352604,3f7b51d9,1181
269,1,4,9,14,4,81,TRAINING,4,9,1,7,61352704,1f7b53d9,1436
269,1,4,9,14,4,82,TRAINING,6,1,0,5,71352604,3f7b51d9,1275
269,1,4,9,14,4,83,TRAINING,5,11,0,3,71052634,3fdb5179,2635
269,1,4,9,14,4,84,TRAINING,3,7,0,6,70152634,3dfb5179,1364
269,1,4,9,14,4,85,TRAINING,7,3,1,5,60152734,1dfb5379,1461
269,1,4,9,14,4,86,TRAINING,0,13,1,0,06152734,d1fb5379,1716
269,1,4,9,14,4,87,TRAINING,3,7,0,6,06512734,d1bf5379,1532
269,1,4,9,14,4,88,TRAINING,2,5,1,2,06215734,d15fb379,2691
269,1,4,9,14,4,89,TEST,0,13,1,0,false,947
269,1,4,9,14,4,90,TEST,5,11,0,1,false,812
269,1,4,9,14,4,91,TEST,1,15,0,0,true,1236
269,1,4,9,14,4,92,TEST,7,3,1,0,false,667
269,1,4,9,14,4,93,TEST,3,7,0,1,false,380
269,1,4,9,14,4,94,TEST,2,5,1,1,true,315
269,1,4,9,14,4,95,TEST,4,9,1,1,true,1019
269,1,4,9,14,4,96,TEST,6,1,0,0,true,915
269,1,4,9,14,5,97,TRAINING,7,3,1,5,34052761,79db531f,1116
269,1,4,9,14,5,98,TRAINING,1,15,0,7,34062751,79d153bf,1628
269,1,4,9,14,5,99,TRAINING,3,7,0,0,34602751,791d53bf,2164
269,1,4,9,14,5,100,TRAINING,5,11,0,6,34062751,79d153bf,1515
269,1,4,9,14,5,101,TRAINING,7,3,1,5,34012756,79df53b1,1707
269,1,4,9,14,5,102,TRAINING,5,11,0,6,34021756,79d5f3b1,2524
269,1,4,9,14,5,103,TRAINING,0,13,1,2,32041756,75d9f3b1,2101
269,1,4,9,14,5,104,TRAINING,4,9,1,3,32041657,75d9f1b3,2059
269,1,4,9,14,5,105,TRAINING,3,7,0,0,31042657,7fd951b3,1708
269,1,4,9,14,5,106,TRAINING,4,9,1,3,31542607,7fb951d3,1708
269,1,4,9,14,5,107,TRAINING,1,15,0,1,31245607,7f59b1d3,1579
269,1,4,9,14,5,108,TRAINING,0,13,1,6,31645207,7f19b5d3,1827
269,1,4,9,14,5,109,TRAINING,6,1,0,2,51643207,bf1975d3,2779
269,1,4,9,14,5,110,TRAINING,6,1,0,2,21643507,5f197bd3,1291
269,1,4,9,14,5,111,TRAINING,2,5,1,3,41623507,9f157bd3,1571
269,1,4,9,14,5,112,TRAINING,2,5,1,3,43621507,9715fbd3,1571
269,1,4,9,14,5,113,TEST,2,5,1,1,true,1625
269,1,4,9,14,5,114,TEST,0,13,1,0,false,771
269,1,4,9,14,5,115,TEST,3,7,0,0,true,1283
269,1,4,9,14,5,116,TEST,4,9,1,1,true,2218
269,1,4,9,14,5,117,TEST,1,15,0,1,false,5028
269,1,4,9,14,5,118,TEST,6,1,0,0,true,7619
269,1,4,9,14,5,119,TEST,7,3,1,1,true,539
269,1,4,9,14,5,120,TEST,5,11,0,0,true,4395
269,1,4,9,14,6,121,TRAINING,2,5,1,6,65170324,1bf3d759,2212
269,1,4,9,14,6,122,TRAINING,3,7,0,5,05176324,dbf31759,1435
269,1,4,9,14,6,123,TRAINING,4,9,1,7,01576324,dfb31759,1811
269,1,4,9,14,6,124,TRAINING,4,9,1,7,05176324,dbf31759,1643
269,1,4,9,14,6,125,TRAINING,7,3,1,1,07156324,d3fb1759,2925
269,1,4,9,14,6,126,TRAINING,3,7,0,5,07126354,d3f517b9,2788
269,1,4,9,14,6,127,TRAINING,6,1,0,4,07156324,d3fb1759,4803
269,1,4,9,14,6,128,TRAINING,7,3,1,0,70156324,3dfb1759,2595
269,1,4,9,14,6,129,TRAINING,1,15,0,2,70156234,3dfb1579,7340
269,1,4,9,14,6,130,TRAINING,6,1,0,4,70156243,3dfb1597,4436
269,1,4,9,14,6,131,TRAINING,0,13,1,3,75106243,3bfd1597,2860
269,1,4,9,14,6,132,TRAINING,5,11,0,1,25106743,5bfd1397,1516
269,1,4,9,14,6,133,TRAINING,0,13,1,3,65102743,1bfd5397,1668
269,1,4,9,14,6,134,TRAINING,5,11,0,1,65402713,1b9d53f7,1475
269,1,4,9,14,6,135,TRAINING,2,5,1,4,75402613,3b9d51f7,2379
269,1,4,9,14,6,136,TRAINING,1,15,0,5,75402163,3b9d5f17,7460
269,1,4,9,14,6,137,TEST,0,13,1,0,false,1435
269,1,4,9,14,6,138,TEST,3,7,0,0,true,2178
269,1,4,9,14,6,139,TEST,6,1,0,1,false,852
269,1,4,9,14,6,140,TEST,4,9,1,0,false,2357
269,1,4,9,14,6,141,TEST,5,11,0,1,false,4012
269,1,4,9,14,6,142,TEST,1,15,0,0,true,1300
269,1,4,9,14,6,143,TEST,7,3,1,0,false,2034
269,1,4,9,14,6,144,TEST,2,5,1,1,true,691
269,1,4,9,14,7,145,TRAINING,5,11,0,6,12703654,f53d71b9,1908
269,1,4,9,14,7,146,TRAINING,5,11,0,6,17203654,f35d71b9,1195
269,1,4,9,14,7,147,TRAINING,7,3,1,1,17204653,f35d91b7,13229
269,1,4,9,14,7,148,TRAINING,6,1,0,3,17264053,f3519db7,1715
269,1,4,9,14,7,149,TRAINING,3,7,0,7,17564023,f3b19d57,1716
269,1,4,9,14,7,150,TRAINING,1,15,0,6,27564013,53b19df7,1980
269,1,4,9,14,7,151,TRAINING,2,5,1,0,27560413,53b1d9f7,1741
269,1,4,9,14,7,152,TRAINING,0,13,1,4,27530416,53b7d9f1,1188
269,1,4,9,14,7,153,TRAINING,6,1,0,7,27510436,53bfd971,1939
269,1,4,9,14,7,154,TRAINING,1,15,0,5,27540136,53b9df71,2747
269,1,4,9,14,7,155,TRAINING,4,9,1,3,27543106,53b97fd1,2692
269,1,4,9,14,7,156,TRAINING,0,13,1,6,23547106,57b93fd1,1709
269,1,4,9,14,7,157,TRAINING,4,9,1,3,23541706,57b9f3d1,1524
269,1,4,9,14,7,158,TRAINING,2,5,1,0,27541306,53b9f7d1,1818
269,1,4,9,14,7,159,TRAINING,7,3,1,1,27041356,53d9f7b1,1364
269,1,4,9,14,7,160,TRAINING,3,7,0,5,27641350,5319f7bd,1363
269,1,4,9,14,7,161,TEST,4,9,1,0,false,1987
269,1,4,9,14,7,162,TEST,7,3,1,1,true,348
269,1,4,9,14,7,163,TEST,5,11,0,1,false,1116
269,1,4,9,14,7,164,TEST,2,5,1,1,true,339
269,1,4,9,14,7,165,TEST,0,13,1,0,false,403
269,1,4,9,14,7,166,TEST,6,1,0,0,true,322
269,1,4,9,14,7,167,TEST,3,7,0,1,false,219
269,1,4,9,14,7,168,TEST,1,15,0,1,false,235
269,1,4,9,14,8,169,TRAINING,1,15,0,3,65012437,1bdf5973,1052
269,1,4,9,14,8,170,TRAINING,4,9,1,2,65412037,1b9f5d73,1012
269,1,4,9,14,8,171,TRAINING,3,7,0,6,67412035,139f5d7b,1818
269,1,4,9,14,8,172,TRAINING,3,7,0,6,61472035,1f935d7b,2724
269,1,4,9,14,8,173,TRAINING,1,15,0,0,16472035,f1935d7b,5372
269,1,4,9,14,8,174,TRAINING,7,3,1,1,17462035,f3915d7b,3531
269,1,4,9,14,8,175,TRAINING,6,1,0,3,17465032,f391bd75,2180
269,1,4,9,14,8,176,TRAINING,2,5,1,4,17462035,f3915d7b,1619
269,1,4,9,14,8,177,TRAINING,5,11,0,7,07462135,d3915f7b,1613
269,1,4,9,14,8,178,TRAINING,0,13,1,0,07412635,d39f517b,1660
269,1,4,9,14,8,179,TRAINING,7,3,1,1,07416235,d39f157b,1596
269,1,4,9,14,8,180,TRAINING,4,9,1,5,07216435,d35f197b,3124
269,1,4,9,14,8,181,TRAINING,6,1,0,4,37216405,735f19db,1355
269,1,4,9,14,8,182,TRAINING,2,5,1,2,57216403,b35f19d7,3260
269,1,4,9,14,8,183,TRAINING,0,13,1,6,37216405,735f19db,2020
269,1,4,9,14,8,184,TRAINING,5,11,0,4,37215406,735fb9d1,2451
269,1,4,9,14,8,185,TEST,2,5,1,0,false,560
269,1,4,9,14,8,186,TEST,0,13,1,0,false,314
269,1,4,9,14,8,187,TEST,5,11,0,1,false,346
269,1,4,9,14,8,188,TEST,3,7,0,0,true,363
269,1,4,9,14,8,189,TEST,1,15,0,0,true,387
269,1,4,9,14,8,190,TEST,6,1,0,1,false,428
269,1,4,9,14,8,191,TEST,4,9,1,1,true,1908
269,1,4,9,14,8,192,TEST,7,3,1,1,true,115
269,1,4,9,14,9,193,TRAINING,6,1,0,4,51236704,bf5713d9,2028
269,1,4,9,14,9,194,TRAINING,4,9,1,3,51246703,bf5913d7,1947
269,1,4,9,14,9,195,TRAINING,3,7,0,1,53246701,b75913df,1515
269,1,4,9,14,9,196,TRAINING,5,11,0,0,53746201,b73915df,2059
269,1,4,9,14,9,197,TRAINING,7,3,1,2,53764201,b73195df,1653
269,1,4,9,14,9,198,TRAINING,0,13,1,5,53764021,b7319d5f,1164
269,1,4,9,14,9,199,TRAINING,3,7,0,4,54763021,b9317d5f,2770
269,1,4,9,14,9,200,TRAINING,0,13,1,5,56743021,b1397d5f,1340
269,1,4,9,14,9,201,TRAINING,2,5,1,6,57643021,b3197d5f,1730
269,1,4,9,14,9,202,TRAINING,1,15,0,7,54673021,b9137d5f,1501
269,1,4,9,14,9,203,TRAINING,1,15,0,7,45673021,9b137d5f,1380
269,1,4,9,14,9,204,TRAINING,6,1,0,2,45673201,9b1375df,1668
269,1,4,9,14,9,205,TRAINING,2,5,1,3,45623701,9b1573df,1435
269,1,4,9,14,9,206,TRAINING,5,11,0,4,43625701,9715b3df,1620
269,1,4,9,14,9,207,TRAINING,4,9,1,0,46325701,9175b3df,1875
269,1,4,9,14,9,208,TRAINING,7,3,1,5,46325710,9175b3fd,1453
269,1,4,9,14,9,209,TEST,4,9,1,1,true,1353
269,1,4,9,14,9,210,TEST,5,11,0,0,true,356
269,1,4,9,14,9,211,TEST,0,13,1,1,true,828
269,1,4,9,14,9,212,TEST,6,1,0,0,true,762
269,1,4,9,14,9,213,TEST,3,7,0,1,false,1307
269,1,4,9,14,9,214,TEST,7,3,1,0,false,338
269,1,4,9,14,9,215,TEST,2,5,1,1,true,876
269,1,4,9,14,9,216,TEST,1,15,0,0,true,1195
269,1,4,9,14,10,217,TRAINING,7,3,1,6,64015372,19dfb735,1229
269,1,4,9,14,10,218,TRAINING,3,7,0,5,24015376,59dfb731,1354
269,1,4,9,14,10,219,TRAINING,0,13,1,2,21045376,5fd9b731,1692
269,1,4,9,14,10,220,TRAINING,6,1,0,1,26045371,51d9b73f,1067
269,1,4,9,14,10,221,TRAINING,1,15,0,3,26015374,51dfb739,1741
269,1,4,9,14,10,222,TRAINING,5,11,0,4,36015274,71dfb539,1572
269,1,4,9,14,10,223,TRAINING,6,1,0,1,36015724,71dfb359,1732
269,1,4,9,14,10,224,TRAINING,5,11,0,4,36105724,71fdb359,1819
269,1,4,9,14,10,225,TRAINING,4,9,1,0,46105723,91fdb357,1547
269,1,4,9,14,10,226,TRAINING,1,15,0,1,41605723,9f1db357,1403
269,1,4,9,14,10,227,TRAINING,4,9,1,0,41205763,9f5db317,2229
269,1,4,9,14,10,228,TRAINING,3,7,0,7,41207563,9f5d3b17,1780
269,1,4,9,14,10,229,TRAINING,0,13,1,1,40217563,9d5f3b17,17297
269,1,4,9,14,10,230,TRAINING,2,5,1,2,40217653,9d5f31b7,1503
269,1,4,9,14,10,231,TRAINING,7,3,1,4,60217453,1d5f39b7,3290
269,1,4,9,14,10,232,TRAINING,2,5,1,2,61207453,1f5d39b7,2217
269,1,4,9,14,10,233,TEST,7,3,1,0,false,510
269,1,4,9,14,10,234,TEST,1,15,0,1,false,414
269,1,4,9,14,10,235,TEST,2,5,1,0,false,989
269,1,4,9,14,10,236,TEST,5,11,0,0,true,423
269,1,4,9,14,10,237,TEST,6,1,0,1,false,664
269,1,4,9,14,10,238,TEST,4,9,1,1,true,426
269,1,4,9,14,10,239,TEST,0,13,1,1,true,650
269,1,4,9,14,10,240,TEST,3,7,0,0,true,3353
269,1,4,9,14,11,241,TRAINING,6,1,0,7,02531746,d5b7f391,1425
269,1,4,9,14,11,242,TRAINING,3,7,0,1,03521746,d7b5f391,1391
269,1,4,9,14,11,243,TRAINING,2,5,1,3,03521476,d7b5f931,2439
269,1,4,9,14,11,244,TRAINING,0,13,1,5,43521076,97b5fd31,1955
269,1,4,9,14,11,245,TRAINING,4,9,1,0,47521036,93b5fd71,2251
269,1,4,9,14,11,246,TRAINING,6,1,0,7,41527036,9fb53d71,2304
269,1,4,9,14,11,247,TRAINING,5,11,0,2,43527016,97b53df1,1992
269,1,4,9,14,11,248,TRAINING,3,7,0,1,73524016,37b59df1,2153
269,1,4,9,14,11,249,TRAINING,5,11,0,2,73524061,37b59d1f,2541
269,1,4,9,14,11,250,TRAINING,1,15,0,0,13524067,f7b59d13,1928
269,1,4,9,14,11,251,TRAINING,4,9,1,4,17524063,f3b59d17,1616
269,1,4,9,14,11,252,TRAINING,0,13,1,5,16524073,f1b59d37,1803
269,1,4,9,14,11,253,TRAINING,1,15,0,1,61524073,1fb59d37,1352
269,1,4,9,14,11,254,TRAINING,2,5,1,2,61254073,1f5b9d37,1467
269,1,4,9,14,11,255,TRAINING,7,3,1,6,61254370,1f5b973d,1428
269,1,4,9,14,11,256,TRAINING,7,3,1,6,41256370,9f5b173d,1738
269,1,4,9,14,11,257,TEST,6,1,0,0,true,14916
269,1,4,9,14,11,258,TEST,4,9,1,1,true,11937
269,1,4,9,14,11,259,TEST,2,5,1,0,false,290
269,1,4,9,14,11,260,TEST,3,7,0,0,true,389
269,1,4,9,14,11,261,TEST,0,13,1,0,false,702
269,1,4,9,14,11,262,TEST,1,15,0,1,false,976
269,1,4,9,14,11,263,TEST,7,3,1,1,true,964
269,1,4,9,14,11,264,TEST,5,11,0,0,true,717
269,1,4,9,14,12,265,TRAINING,1,15,0,4,20541673,5db9f137,1490
269,1,4,9,14,12,266,TRAINING,7,3,1,6,26541073,51b9fd37,1404
269,1,4,9,14,12,267,TRAINING,0,13,1,5,25641073,5b19fd37,1389
269,1,4,9,14,12,268,TRAINING,4,9,1,4,25614073,5b1f9d37,1616
269,1,4,9,14,12,269,TRAINING,2,5,1,0,25164073,5bf19d37,1665
269,1,4,9,14,12,270,TRAINING,6,1,0,2,25614073,5b1f9d37,2919
269,1,4,9,14,12,271,TRAINING,3,7,0,6,25614037,5b1f9d73,2341
269,1,4,9,14,12,272,TRAINING,3,7,0,6,25617034,5b1f3d79,1190
269,1,4,9,14,12,273,TRAINING,2,5,1,0,25614037,5b1f9d73,2729
269,1,4,9,14,12,274,TRAINING,5,11,0,1,25617034,5b1f3d79,2191
269,1,4,9,14,12,275,TRAINING,6,1,0,2,25617304,5b1f37d9,2994
269,1,4,9,14,12,276,TRAINING,5,11,0,1,25614307,5b1f97d3,1564
269,1,4,9,14,12,277,TRAINING,4,9,1,6,25610347,5b1fd793,1390
269,1,4,9,14,12,278,TRAINING,1,15,0,5,25630147,5b17df93,1416
269,1,4,9,14,12,279,TRAINING,0,13,1,1,20635147,5d17bf93,2505
269,1,4,9,14,12,280,TRAINING,7,3,1,0,70635142,3d17bf95,1303
269,1,4,9,14,12,281,TEST,4,9,1,1,true,2752
269,1,4,9,14,12,282,TEST,7,3,1,1,true,2793
269,1,4,9,14,12,283,TEST,1,15,0,0,true,1315
269,1,4,9,14,12,284,TEST,6,1,0,0,true,2152
269,1,4,9,14,12,285,TEST,2,5,1,1,true,1880
269,1,4,9,14,12,286,TEST,5,11,0,1,false,4404
269,1,4,9,14,12,287,TEST,3,7,0,0,true,2216
269,1,4,9,14,12,288,TEST,0,13,1,1,true,990
269,1,4,9,14,13,289,TRAINING,6,1,0,2,40651723,9d1bf357,1426
269,1,4,9,14,13,290,TRAINING,4,9,1,0,43651720,971bf35d,2655
269,1,4,9,14,13,291,TRAINING,1,15,0,4,42651730,951bf37d,7321
269,1,4,9,14,13,292,TRAINING,7,3,1,5,42561730,95b1f37d,1792
269,1,4,9,14,13,293,TRAINING,0,13,1,3,42501736,95bdf371,1543
269,1,4,9,14,13,294,TRAINING,6,1,0,7,12504736,f5bd9371,2514
269,1,4,9,14,13,295,TRAINING,3,7,0,6,12507436,f5bd3971,1616
269,1,4,9,14,13,296,TRAINING,3,7,0,6,52107436,b5fd3971,1731
269,1,4,9,14,13,297,TRAINING,4,9,1,5,52106437,b5fd1973,1692
269,1,4,9,14,13,298,TRAINING,5,11,0,0,57106432,b3fd1975,2606
269,1,4,9,14,13,299,TRAINING,0,13,1,7,57126430,b3f5197d,1436
269,1,4,9,14,13,300,TRAINING,7,3,1,1,57426130,b3951f7d,4322
269,1,4,9,14,13,301,TRAINING,5,11,0,0,57423160,b3957f1d,1868
269,1,4,9,14,13,302,TRAINING,2,5,1,4,57432160,b3975f1d,1718
269,1,4,9,14,13,303,TRAINING,1,15,0,5,56432170,b1975f3d,2178
269,1,4,9,14,13,304,TRAINING,2,5,1,4,46532170,91b75f3d,1780
269,1,4,9,14,13,305,TEST,4,9,1,1,true,1878
269,1,4,9,14,13,306,TEST,3,7,0,0,true,3405
269,1,4,9,14,13,307,TEST,6,1,0,0,true,1352
269,1,4,9,14,13,308,TEST,0,13,1,1,true,1240
269,1,4,9,14,13,309,TEST,1,15,0,0,true,1089
269,1,4,9,14,13,310,TEST,7,3,1,1,true,1954
269,1,4,9,14,13,311,TEST,5,11,0,0,true,1117
269,1,4,9,14,13,312,TEST,2,5,1,1,true,3506
269,1,4,9,14,14,313,TRAINING,4,9,1,1,14527036,f9b53d71,2030
269,1,4,9,14,14,314,TRAINING,7,3,1,3,14572036,f9b35d71,1528
269,1,4,9,14,14,315,TRAINING,0,13,1,5,14573026,f9b37d51,2743
269,1,4,9,14,14,316,TRAINING,7,3,1,3,24573016,59b37df1,1730
269,1,4,9,14,14,317,TRAINING,1,15,0,0,14573026,f9b37d51,1904
269,1,4,9,14,14,318,TRAINING,1,15,0,0,13574026,f7b39d51,1704
269,1,4,9,14,14,319,TRAINING,5,11,0,2,13547026,f7b93d51,1479
269,1,4,9,14,14,320,TRAINING,5,11,0,2,13547206,f7b935d1,3170
269,1,4,9,14,14,321,TRAINING,3,7,0,7,16547203,f1b935d7,1727
269,1,4,9,14,14,322,TRAINING,6,1,0,1,76541203,31b9f5d7,1929
269,1,4,9,14,14,323,TRAINING,6,1,0,1,46571203,91b3f5d7,2508
269,1,4,9,14,14,324,TRAINING,2,5,1,5,16574203,f1b395d7,1692
269,1,4,9,14,14,325,TRAINING,2,5,1,5,36574201,71b395df,1643
269,1,4,9,14,14,326,TRAINING,4,9,1,4,56374201,b17395df,1517
269,1,4,9,14,14,327,TRAINING,0,13,1,2,56074231,b1d3957f,3018
269,1,4,9,14,14,328,TRAINING,3,7,0,6,56074132,b1d39f75,2632
269,1,4,9,14,14,329,TEST,2,5,1,1,true,4766
269,1,4,9,14,14,330,TEST,5,11,0,0,true,2582
269,1,4,9,14,14,331,TEST,6,1,0,0,true,1091
269,1,4,9,14,14,332,TEST,0,13,1,1,true,3257
269,1,4,9,14,14,333,TEST,3,7,0,0,true,1066
269,1,4,9,14,14,334,TEST,7,3,1,1,true,802
269,1,4,9,14,14,335,TEST,1,15,0,0,true,3920
269,1,4,9,14,14,336,TEST,4,9,1,1,true,1465
269,1,4,9,14,INSTRUCT,postquestionnaire,4

rulestrategy:I differentiated between blue and pink and understood their pattern.
howtoimprove:
engagement:8
difficulty:8
physicalaids:no