27,0,5,1,8,INSTRUCT,instruct1,25437
27,0,5,1,8,INSTRUCT,instructCatExample,11617
27,0,5,1,8,INSTRUCT,instructCatColor,4727
27,0,5,1,8,INSTRUCT,instructCatStripe,1591
27,0,5,1,8,INSTRUCT,instructDemoIntro,10062
27,0,5,1,8,INSTRUCT,instructDemo,92251
27,0,5,1,8,INSTRUCT,instructTest,24239
27,0,5,1,8,INSTRUCT,instructTest2,16097
27,0,5,1,8,INSTRUCT,instructDimColor,11810
27,0,5,1,8,INSTRUCT,instructDimBorder,5693
27,0,5,1,8,INSTRUCT,instructDimDots,3822
27,0,5,1,8,INSTRUCT,instructDimStripe,5725
27,0,5,1,8,INSTRUCT,instructDimAll,10036
27,0,5,1,8,INSTRUCT,instructFinal,14868
27,0,5,1,8,1,1,TRAINING,7,15,0,0,70431256,f13d597b,8861
27,0,5,1,8,1,2,TRAINING,0,1,1,1,70432156,f13d957b,5654
27,0,5,1,8,1,3,TRAINING,2,9,0,2,70234156,f19d357b,8841
27,0,5,1,8,1,4,TRAINING,3,13,1,3,70236154,f19db573,20677
27,0,5,1,8,1,5,TRAINING,0,1,1,0,07236154,1f9db573,7031
27,0,5,1,8,1,6,TRAINING,1,5,0,6,07236514,1f9db753,1524
27,0,5,1,8,1,7,TRAINING,6,11,1,4,07536214,1f7db953,6309
27,0,5,1,8,1,8,TRAINING,4,3,0,5,07536412,1f7db359,4402
27,0,5,1,8,1,9,TRAINING,7,15,0,1,27536410,9f7db351,16699
27,0,5,1,8,1,10,TRAINING,5,7,1,2,17536420,5f7db391,1951
27,0,5,1,8,1,11,TRAINING,4,3,0,5,17526430,5f79b3d1,8804
27,0,5,1,8,1,12,TRAINING,0,1,1,7,17523460,5f79d3b1,6090
27,0,5,1,8,1,13,TRAINING,1,5,0,0,17325460,5fd973b1,1148
27,0,5,1,8,1,14,TRAINING,4,3,0,4,17324560,5fd937b1,24147
27,0,5,1,8,1,15,TRAINING,7,15,0,1,17304562,5fd137b9,1389
27,0,5,1,8,1,16,TRAINING,5,7,1,5,07314562,1fd537b9,16793
27,0,5,1,8,1,17,TEST,0,1,1,1,true,2870
27,0,5,1,8,1,18,TEST,2,9,0,0,true,1045
27,0,5,1,8,1,19,TEST,1,5,0,0,true,4084
27,0,5,1,8,1,20,TEST,4,3,0,0,true,19749
27,0,5,1,8,1,21,TEST,5,7,1,1,true,1217
27,0,5,1,8,1,22,TEST,3,13,1,0,false,1529
27,0,5,1,8,1,23,TEST,6,11,1,1,true,4150
27,0,5,1,8,1,24,TEST,7,15,0,0,true,2106
27,0,5,1,8,2,25,TRAINING,2,9,0,2,65230714,b79d1f53,21123
27,0,5,1,8,2,26,TRAINING,0,1,1,4,45230716,379d1f5b,7728
27,0,5,1,8,2,27,TRAINING,6,11,1,0,65230714,b79d1f53,12940
27,0,5,1,8,2,28,TRAINING,3,13,1,3,65230417,b79d135f,9803
27,0,5,1,8,2,29,TRAINING,7,15,0,6,65230471,b79d13f5,8228
27,0,5,1,8,2,30,TRAINING,4,3,0,0,45230671,379d1bf5,19429
27,0,5,1,8,2,31,TRAINING,5,7,1,3,43250671,3d971bf5,2444
27,0,5,1,8,2,32,TRAINING,1,5,0,7,43750621,3df71b95,3438
27,0,5,1,8,2,33,TRAINING,4,3,0,0,47350621,3fd71b95,3548
27,0,5,1,8,2,34,TRAINING,0,1,1,4,47650321,3fb71d95,3141
27,0,5,1,8,2,35,TRAINING,2,9,0,6,46750321,3bf71d95,1016
27,0,5,1,8,2,36,TRAINING,3,13,1,5,46710325,3bf51d97,1660
27,0,5,1,8,2,37,TRAINING,2,9,0,6,16740325,5bf31d97,5855
27,0,5,1,8,2,38,TRAINING,7,15,0,2,14760325,53fb1d97,2039
27,0,5,1,8,2,39,TRAINING,4,3,0,4,10764325,51fb3d97,2814
27,0,5,1,8,2,40,TRAINING,1,5,0,0,10764523,51fb379d,2103
27,0,5,1,8,2,41,TEST,4,3,0,0,true,4415
27,0,5,1,8,2,42,TEST,0,1,1,1,true,1966
27,0,5,1,8,2,43,TEST,7,15,0,0,true,4103
27,0,5,1,8,2,44,TEST,6,11,1,1,true,7894
27,0,5,1,8,2,45,TEST,5,7,1,1,true,4478
27,0,5,1,8,2,46,TEST,3,13,1,1,true,2933
27,0,5,1,8,2,47,TEST,2,9,0,0,true,2190
27,0,5,1,8,2,48,TEST,1,5,0,0,true,3541
27,0,5,1,8,3,49,TRAINING,2,9,0,1,32407165,d931f5b7,11841
27,0,5,1,8,3,50,TRAINING,0,1,1,3,42307165,39d1f5b7,1696
27,0,5,1,8,3,51,TRAINING,6,11,1,6,42107365,3951fdb7,3797
27,0,5,1,8,3,52,TRAINING,4,3,0,0,42105367,39517dbf,2103
27,0,5,1,8,3,53,TRAINING,5,7,1,4,47105362,3f517db9,2089
27,0,5,1,8,3,54,TRAINING,7,15,0,7,42105367,39517dbf,3958
27,0,5,1,8,3,55,TRAINING,3,13,1,5,41205367,35917dbf,4904
27,0,5,1,8,3,56,TRAINING,1,5,0,1,41605327,35b17d9f,7739
27,0,5,1,8,3,57,TRAINING,2,9,0,4,41602357,35b19d7f,936
27,0,5,1,8,3,58,TRAINING,7,15,0,2,41702356,35f19d7b,4329
27,0,5,1,8,3,59,TRAINING,1,5,0,1,61702354,b5f19d73,4384
27,0,5,1,8,3,60,TRAINING,4,3,0,4,61704352,b5f13d79,7042
27,0,5,1,8,3,61,TRAINING,0,1,1,3,31704652,d5f13b79,1804
27,0,5,1,8,3,62,TRAINING,3,13,1,0,31704256,d5f1397b,1643
27,0,5,1,8,3,63,TRAINING,6,11,1,5,31704652,d5f13b79,999
27,0,5,1,8,3,64,TRAINING,5,7,1,6,31204657,d5913b7f,1331
27,0,5,1,8,3,65,TEST,0,1,1,1,true,3638
27,0,5,1,8,3,66,TEST,1,5,0,0,true,3588
27,0,5,1,8,3,67,TEST,2,9,0,0,true,1888
27,0,5,1,8,3,68,TEST,4,3,0,0,true,6568
27,0,5,1,8,3,69,TEST,3,13,1,1,true,1921
27,0,5,1,8,3,70,TEST,6,11,1,1,true,812
27,0,5,1,8,3,71,TEST,5,7,1,1,true,4103
27,0,5,1,8,3,72,TEST,7,15,0,0,true,1108
27,0,5,1,8,INSTRUCT,postquestionnaire,0

rulestrategy:I made note of which ones were A's and knew the remaining ones would be B's. 
howtoimprove:
engagement:8
difficulty:3
physicalaids:no