270,1,1,17,2,INSTRUCT,instruct1,12854
270,1,1,17,2,INSTRUCT,instructCatExample,12812
270,1,1,17,2,INSTRUCT,instructCatColor,4907
270,1,1,17,2,INSTRUCT,instructCatStripe,12276
270,1,1,17,2,INSTRUCT,instructDemoIntro,27999
270,1,1,17,2,INSTRUCT,instructDemo,36391
270,1,1,17,2,INSTRUCT,instructTest,27957
270,1,1,17,2,INSTRUCT,instructTest2,23823
270,1,1,17,2,INSTRUCT,instructDimColor,18053
270,1,1,17,2,INSTRUCT,instructDimBorder,4781
270,1,1,17,2,INSTRUCT,instructDimDots,5414
270,1,1,17,2,INSTRUCT,instructDimStripe,4023
270,1,1,17,2,INSTRUCT,instructDimAll,11580
270,1,1,17,2,INSTRUCT,instructFinal,21319
270,1,1,17,2,1,1,TRAINING,0,8,0,6,43715206,a139b082,2652
270,1,1,17,2,1,2,TRAINING,2,0,1,5,43175206,a193b082,4331
270,1,1,17,2,1,3,TRAINING,6,2,1,7,47135206,a391b082,2337
270,1,1,17,2,1,4,TRAINING,6,2,1,7,47035216,a381b092,2424
270,1,1,17,2,1,5,TRAINING,1,9,1,6,43075216,a183b092,2195
270,1,1,17,2,1,6,TRAINING,7,3,0,3,53074216,b183a092,3545
270,1,1,17,2,1,7,TRAINING,4,10,0,2,53470216,b1a38092,1281
270,1,1,17,2,1,8,TRAINING,5,11,1,0,53470261,b1a38029,1744
270,1,1,17,2,1,9,TRAINING,5,11,1,0,53470162,b1a38920,2603
270,1,1,17,2,1,10,TRAINING,7,3,0,3,56470132,b2a38910,1809
270,1,1,17,2,1,11,TRAINING,1,9,1,6,56470312,b2a38190,1531
270,1,1,17,2,1,12,TRAINING,4,10,0,2,56472310,b2a30198,1729
270,1,1,17,2,1,13,TRAINING,0,8,0,7,76452310,32ab0198,1561
270,1,1,17,2,1,14,TRAINING,2,0,1,4,36452710,12ab0398,1608
270,1,1,17,2,1,15,TRAINING,3,1,0,0,36472510,12a30b98,1635
270,1,1,17,2,1,16,TRAINING,3,1,0,0,36072514,12830b9a,1906
270,1,1,17,2,1,17,TEST,6,2,1,1,true,1991
270,1,1,17,2,1,18,TEST,7,3,0,1,false,1362
270,1,1,17,2,1,19,TEST,2,0,1,0,false,1491
270,1,1,17,2,1,20,TEST,3,1,0,0,true,849
270,1,1,17,2,1,21,TEST,5,11,1,1,true,1510
270,1,1,17,2,1,22,TEST,4,10,0,1,false,1011
270,1,1,17,2,1,23,TEST,1,9,1,0,false,977
270,1,1,17,2,1,24,TEST,0,8,0,0,true,514
270,1,1,17,2,2,25,TRAINING,7,3,0,7,13024657,9180a2b3,1854
270,1,1,17,2,2,26,TRAINING,3,1,0,1,13024567,9180ab23,1690
270,1,1,17,2,2,27,TRAINING,5,11,1,5,03124567,8190ab23,1681
270,1,1,17,2,2,28,TRAINING,6,2,1,0,63124507,2190ab83,1601
270,1,1,17,2,2,29,TRAINING,4,10,0,4,62134507,2091ab83,1537
270,1,1,17,2,2,30,TRAINING,1,9,1,2,62134705,2091a38b,2185
270,1,1,17,2,2,31,TRAINING,7,3,0,6,62134075,2091a83b,1603
270,1,1,17,2,2,32,TRAINING,0,8,0,5,63124075,2190a83b,1655
270,1,1,17,2,2,33,TRAINING,6,2,1,0,63214075,2109a83b,1803
270,1,1,17,2,2,34,TRAINING,0,8,0,5,65214073,2b09a831,1491
270,1,1,17,2,2,35,TRAINING,4,10,0,4,65714023,2b39a801,1721
270,1,1,17,2,2,36,TRAINING,2,0,1,7,65714032,2b39a810,1657
270,1,1,17,2,2,37,TRAINING,2,0,1,7,56714032,b239a810,1705
270,1,1,17,2,2,38,TRAINING,1,9,1,3,50714632,b839a210,1690
270,1,1,17,2,2,39,TRAINING,5,11,1,2,70514632,38b9a210,2785
270,1,1,17,2,2,40,TRAINING,3,1,0,6,74510632,3ab98210,1779
270,1,1,17,2,2,41,TEST,6,2,1,1,true,1102
270,1,1,17,2,2,42,TEST,5,11,1,0,false,2624
270,1,1,17,2,2,43,TEST,7,3,0,1,false,1292
270,1,1,17,2,2,44,TEST,0,8,0,0,true,2552
270,1,1,17,2,2,45,TEST,1,9,1,0,false,2540
270,1,1,17,2,2,46,TEST,3,1,0,0,true,828
270,1,1,17,2,2,47,TEST,4,10,0,1,false,1570
270,1,1,17,2,2,48,TEST,2,0,1,0,false,795
270,1,1,17,2,3,49,TRAINING,3,1,0,4,50723146,b83019a2,2067
270,1,1,17,2,3,50,TRAINING,0,8,0,1,40723156,a83019b2,1697
270,1,1,17,2,3,51,TRAINING,5,11,1,6,20743156,083a19b2,3018
270,1,1,17,2,3,52,TRAINING,1,9,1,0,10743256,983a10b2,1850
270,1,1,17,2,3,53,TRAINING,4,10,0,3,13740256,913a80b2,2690
270,1,1,17,2,3,54,TRAINING,0,8,0,4,13740652,913a82b0,1970
270,1,1,17,2,3,55,TRAINING,5,11,1,6,12740653,903a82b1,1681
270,1,1,17,2,3,56,TRAINING,3,1,0,5,12740356,903a81b2,1516
270,1,1,17,2,3,57,TRAINING,6,2,1,7,12470356,90a381b2,2288
270,1,1,17,2,3,58,TRAINING,1,9,1,4,02471356,80a391b2,2489
270,1,1,17,2,3,59,TRAINING,4,10,0,2,52471306,b0a39182,1986
270,1,1,17,2,3,60,TRAINING,2,0,1,7,56471302,b2a39180,1737
270,1,1,17,2,3,61,TRAINING,2,0,1,7,56401372,b2a89130,1762
270,1,1,17,2,3,62,TRAINING,6,2,1,1,56410372,b2a98130,2017
270,1,1,17,2,3,63,TRAINING,7,3,0,3,56470312,b2a38190,1595
270,1,1,17,2,3,64,TRAINING,7,3,0,3,56270314,b203819a,1617
270,1,1,17,2,3,65,TEST,2,0,1,0,false,3763
270,1,1,17,2,3,66,TEST,6,2,1,1,true,1827
270,1,1,17,2,3,67,TEST,7,3,0,1,false,4082
270,1,1,17,2,3,68,TEST,0,8,0,0,true,833
270,1,1,17,2,3,69,TEST,4,10,0,0,true,1444
270,1,1,17,2,3,70,TEST,5,11,1,1,true,1099
270,1,1,17,2,3,71,TEST,1,9,1,1,true,892
270,1,1,17,2,3,72,TEST,3,1,0,0,true,626
270,1,1,17,2,4,73,TRAINING,3,1,0,6,50416732,b8a92310,1323
270,1,1,17,2,4,74,TRAINING,1,9,1,3,54016732,ba892310,1649
270,1,1,17,2,4,75,TRAINING,6,2,1,0,64015732,2a89b310,1849
270,1,1,17,2,4,76,TRAINING,3,1,0,6,60415732,28a9b310,2169
270,1,1,17,2,4,77,TRAINING,4,10,0,2,60451732,28ab9310,1873
270,1,1,17,2,4,78,TRAINING,5,11,1,3,61450732,29ab8310,1641
270,1,1,17,2,4,79,TRAINING,7,3,0,7,61450237,29ab8013,1626
270,1,1,17,2,4,80,TRAINING,0,8,0,2,61054237,298ba013,1577
270,1,1,17,2,4,81,TRAINING,0,8,0,2,61024537,2980ab13,1706
270,1,1,17,2,4,82,TRAINING,2,0,1,6,61034527,2981ab03,1849
270,1,1,17,2,4,83,TRAINING,4,10,0,4,16034527,9281ab03,1785
270,1,1,17,2,4,84,TRAINING,2,0,1,6,36014527,1289ab03,1761
270,1,1,17,2,4,85,TRAINING,5,11,1,5,36104527,1298ab03,1506
270,1,1,17,2,4,86,TRAINING,1,9,1,2,34106527,1a982b03,1617
270,1,1,17,2,4,87,TRAINING,7,3,0,0,74106523,3a982b01,1889
270,1,1,17,2,4,88,TRAINING,6,2,1,4,74126503,3a902b81,1577
270,1,1,17,2,4,89,TEST,1,9,1,0,false,1002
270,1,1,17,2,4,90,TEST,3,1,0,1,false,2564
270,1,1,17,2,4,91,TEST,2,0,1,1,true,2036
270,1,1,17,2,4,92,TEST,6,2,1,0,false,634
270,1,1,17,2,4,93,TEST,5,11,1,1,true,730
270,1,1,17,2,4,94,TEST,7,3,0,0,true,1874
270,1,1,17,2,4,95,TEST,4,10,0,0,true,1417
270,1,1,17,2,4,96,TEST,0,8,0,1,false,746
270,1,1,17,2,5,97,TRAINING,5,11,1,0,54037126,ba813902,2636
270,1,1,17,2,5,98,TRAINING,6,2,1,7,54037216,ba813092,1817
270,1,1,17,2,5,99,TRAINING,3,1,0,3,54031276,ba819032,2441
270,1,1,17,2,5,100,TRAINING,4,10,0,1,54130276,ba918032,1554
270,1,1,17,2,5,101,TRAINING,5,11,1,6,74130256,3a9180b2,1472
270,1,1,17,2,5,102,TRAINING,3,1,0,3,74130652,3a9182b0,1738
270,1,1,17,2,5,103,TRAINING,2,0,1,5,74130256,3a9180b2,1770
270,1,1,17,2,5,104,TRAINING,0,8,0,2,74031256,3a8190b2,1602
270,1,1,17,2,5,105,TRAINING,7,3,0,0,71034256,3981a0b2,1705
270,1,1,17,2,5,106,TRAINING,6,2,1,7,74031256,3a8190b2,1633
270,1,1,17,2,5,107,TRAINING,4,10,0,1,74035216,3a81b092,1658
270,1,1,17,2,5,108,TRAINING,0,8,0,2,14035276,9a81b032,1473
270,1,1,17,2,5,109,TRAINING,7,3,0,6,14025376,9a80b132,1226
270,1,1,17,2,5,110,TRAINING,1,9,1,0,14025673,9a80b231,1761
270,1,1,17,2,5,111,TRAINING,2,0,1,3,13025674,9180b23a,1594
270,1,1,17,2,5,112,TRAINING,1,9,1,0,13025476,9180ba32,3740
270,1,1,17,2,5,113,TEST,2,0,1,1,true,1265
270,1,1,17,2,5,114,TEST,4,10,0,0,true,835
270,1,1,17,2,5,115,TEST,6,2,1,0,false,531
270,1,1,17,2,5,116,TEST,3,1,0,1,false,707
270,1,1,17,2,5,117,TEST,5,11,1,0,false,676
270,1,1,17,2,5,118,TEST,7,3,0,0,true,481
270,1,1,17,2,5,119,TEST,0,8,0,1,false,716
270,1,1,17,2,5,120,TEST,1,9,1,1,true,1379
270,1,1,17,2,6,121,TRAINING,2,0,1,6,34560127,1ab28903,3867
270,1,1,17,2,6,122,TRAINING,1,9,1,5,37560124,13b2890a,2489
270,1,1,17,2,6,123,TRAINING,0,8,0,2,37065124,1382b90a,2242
270,1,1,17,2,6,124,TRAINING,4,10,0,4,37064125,1382a90b,1898
270,1,1,17,2,6,125,TRAINING,2,0,1,3,37024165,1380a92b,1809
270,1,1,17,2,6,126,TRAINING,1,9,1,5,37624105,1320a98b,1506
270,1,1,17,2,6,127,TRAINING,7,3,0,1,37620145,132089ab,1458
270,1,1,17,2,6,128,TRAINING,3,1,0,7,57620143,b32089a1,1865
270,1,1,17,2,6,129,TRAINING,5,11,1,0,57120643,b39082a1,1825
270,1,1,17,2,6,130,TRAINING,5,11,1,0,56120743,b29083a1,1994
270,1,1,17,2,6,131,TRAINING,0,8,0,6,56124703,b290a381,1754
270,1,1,17,2,6,132,TRAINING,4,10,0,4,51624703,b920a381,1578
270,1,1,17,2,6,133,TRAINING,6,2,1,2,52614703,b029a381,1690
270,1,1,17,2,6,134,TRAINING,6,2,1,2,12654703,902ba381,1514
270,1,1,17,2,6,135,TRAINING,3,1,0,7,15624703,9b20a381,1714
270,1,1,17,2,6,136,TRAINING,7,3,0,5,12654703,902ba381,1746
270,1,1,17,2,6,137,TEST,6,2,1,1,true,3417
270,1,1,17,2,6,138,TEST,7,3,0,1,false,610
270,1,1,17,2,6,139,TEST,2,0,1,0,false,610
270,1,1,17,2,6,140,TEST,1,9,1,0,false,588
270,1,1,17,2,6,141,TEST,4,10,0,1,false,674
270,1,1,17,2,6,142,TEST,3,1,0,1,false,593
270,1,1,17,2,6,143,TEST,5,11,1,0,false,682
270,1,1,17,2,6,144,TEST,0,8,0,0,true,538
270,1,1,17,2,7,145,TRAINING,2,0,1,1,32715640,1039b2a8,3769
270,1,1,17,2,7,146,TRAINING,5,11,1,4,32765140,1032b9a8,1700
270,1,1,17,2,7,147,TRAINING,3,1,0,0,32715640,1039b2a8,1640
270,1,1,17,2,7,148,TRAINING,2,0,1,6,34715620,1a39b208,2049
270,1,1,17,2,7,149,TRAINING,6,2,1,2,34615720,1a29b308,1961
270,1,1,17,2,7,150,TRAINING,4,10,0,1,14635720,9a21b308,1648
270,1,1,17,2,7,151,TRAINING,3,1,0,6,14625730,9a20b318,1635
270,1,1,17,2,7,152,TRAINING,0,8,0,5,14625037,9a20b813,1712
270,1,1,17,2,7,153,TRAINING,1,9,1,0,14725036,9a30b812,1641
270,1,1,17,2,7,154,TRAINING,5,11,1,4,14735026,9a31b802,1537
270,1,1,17,2,7,155,TRAINING,4,10,0,1,14765023,9a32b801,1545
270,1,1,17,2,7,156,TRAINING,6,2,1,3,24765013,0a32b891,1825
270,1,1,17,2,7,157,TRAINING,7,3,0,2,54762013,ba320891,2505
270,1,1,17,2,7,158,TRAINING,0,8,0,1,50762413,b8320a91,3593
270,1,1,17,2,7,159,TRAINING,7,3,0,2,50763412,b8321a90,1578
270,1,1,17,2,7,160,TRAINING,1,9,1,5,50763142,b83219a0,2067
270,1,1,17,2,7,161,TEST,5,11,1,0,false,1897
270,1,1,17,2,7,162,TEST,4,10,0,0,true,2986
270,1,1,17,2,7,163,TEST,0,8,0,0,true,920
270,1,1,17,2,7,164,TEST,7,3,0,1,false,1057
270,1,1,17,2,7,165,TEST,1,9,1,1,true,1114
270,1,1,17,2,7,166,TEST,6,2,1,0,false,962
270,1,1,17,2,7,167,TEST,2,0,1,0,false,524
270,1,1,17,2,7,168,TEST,3,1,0,1,false,1306
270,1,1,17,2,8,169,TRAINING,6,2,1,2,35627014,1b20389a,1143
270,1,1,17,2,8,170,TRAINING,3,1,0,0,34627015,1a20389b,1738
270,1,1,17,2,8,171,TRAINING,3,1,0,0,34657012,1a2b3890,1601
270,1,1,17,2,8,172,TRAINING,0,8,0,7,34657210,1a2b3098,2018
270,1,1,17,2,8,173,TRAINING,1,9,1,6,32657410,102b3a98,1520
270,1,1,17,2,8,174,TRAINING,2,0,1,2,36257410,120b3a98,1593
270,1,1,17,2,8,175,TRAINING,2,0,1,2,37256410,130b2a98,2369
270,1,1,17,2,8,176,TRAINING,5,11,1,3,37250416,130b8a92,1681
270,1,1,17,2,8,177,TRAINING,1,9,1,4,37251406,130b9a82,1993
270,1,1,17,2,8,178,TRAINING,0,8,0,6,73251406,310b9a82,2762
270,1,1,17,2,8,179,TRAINING,5,11,1,3,73651402,312b9a80,1537
270,1,1,17,2,8,180,TRAINING,7,3,0,2,63751402,213b9a80,1521
270,1,1,17,2,8,181,TRAINING,4,10,0,5,62751403,203b9a81,1633
270,1,1,17,2,8,182,TRAINING,6,2,1,0,65721403,2b309a81,1737
270,1,1,17,2,8,183,TRAINING,7,3,0,4,65127403,2b903a81,1362
270,1,1,17,2,8,184,TRAINING,4,10,0,5,62157403,209b3a81,1514
270,1,1,17,2,8,185,TEST,6,2,1,0,false,3457
270,1,1,17,2,8,186,TEST,1,9,1,0,false,1515
270,1,1,17,2,8,187,TEST,2,0,1,0,false,938
270,1,1,17,2,8,188,TEST,5,11,1,0,false,1010
270,1,1,17,2,8,189,TEST,7,3,0,1,false,1634
270,1,1,17,2,8,190,TEST,0,8,0,0,true,1458
270,1,1,17,2,8,191,TEST,3,1,0,0,true,1930
270,1,1,17,2,8,192,TEST,4,10,0,1,false,978
270,1,1,17,2,9,193,TRAINING,3,1,0,0,31425706,19a0b382,2056
270,1,1,17,2,9,194,TRAINING,6,2,1,7,31245706,190ab382,2177
270,1,1,17,2,9,195,TRAINING,0,8,0,6,31254706,190ba382,1785
270,1,1,17,2,9,196,TRAINING,2,0,1,2,31257406,190b3a82,1601
270,1,1,17,2,9,197,TRAINING,1,9,1,1,31275406,1903ba82,2242
270,1,1,17,2,9,198,TRAINING,7,3,0,3,31275460,1903ba28,1704
270,1,1,17,2,9,199,TRAINING,6,2,1,0,61275430,2903ba18,1826
270,1,1,17,2,9,200,TRAINING,4,10,0,1,64275130,2a03b918,1449
270,1,1,17,2,9,201,TRAINING,1,9,1,5,64375120,2a13b908,1506
270,1,1,17,2,9,202,TRAINING,0,8,0,7,64325170,2a10b938,1666
270,1,1,17,2,9,203,TRAINING,5,11,1,4,67325140,2310b9a8,1778
270,1,1,17,2,9,204,TRAINING,3,1,0,2,67325410,2310ba98,1578
270,1,1,17,2,9,205,TRAINING,5,11,1,4,76325410,3210ba98,1937
270,1,1,17,2,9,206,TRAINING,2,0,1,3,71325460,3910ba28,1737
270,1,1,17,2,9,207,TRAINING,7,3,0,0,71325064,3910b82a,1842
270,1,1,17,2,9,208,TRAINING,4,10,0,7,71326054,391028ba,1729
270,1,1,17,2,9,209,TEST,4,10,0,0,true,1058
270,1,1,17,2,9,210,TEST,3,1,0,0,true,5601
270,1,1,17,2,9,211,TEST,0,8,0,1,false,897
270,1,1,17,2,9,212,TEST,5,11,1,0,false,1508
270,1,1,17,2,9,213,TEST,1,9,1,1,true,1059
270,1,1,17,2,9,214,TEST,2,0,1,0,false,1162
270,1,1,17,2,9,215,TEST,6,2,1,1,true,1369
270,1,1,17,2,9,216,TEST,7,3,0,0,true,3402
270,1,1,17,2,10,217,TRAINING,1,9,1,2,57140326,b39a8102,1180
270,1,1,17,2,10,218,TRAINING,4,10,0,3,07145326,839ab102,2153
270,1,1,17,2,10,219,TRAINING,6,2,1,7,02145376,809ab132,1650
270,1,1,17,2,10,220,TRAINING,5,11,1,2,02541376,80ba9132,1809
270,1,1,17,2,10,221,TRAINING,7,3,0,1,07541326,83ba9102,1659
270,1,1,17,2,10,222,TRAINING,3,1,0,5,07514326,83b9a102,1737
270,1,1,17,2,10,223,TRAINING,6,2,1,7,17504326,93b8a102,1880
270,1,1,17,2,10,224,TRAINING,7,3,0,0,71504326,39b8a102,1813
270,1,1,17,2,10,225,TRAINING,1,9,1,1,71502346,39b801a2,2128
270,1,1,17,2,10,226,TRAINING,3,1,0,5,71602345,392801ab,2027
270,1,1,17,2,10,227,TRAINING,2,0,1,4,71402365,39a8012b,1707
270,1,1,17,2,10,228,TRAINING,4,10,0,3,71042365,398a012b,1761
270,1,1,17,2,10,229,TRAINING,2,0,1,4,73042165,318a092b,1770
270,1,1,17,2,10,230,TRAINING,0,8,0,2,13042765,918a032b,1682
270,1,1,17,2,10,231,TRAINING,5,11,1,7,14032765,9a81032b,1667
270,1,1,17,2,10,232,TRAINING,0,8,0,2,12034765,9081a32b,1633
270,1,1,17,2,10,233,TEST,0,8,0,0,true,962
270,1,1,17,2,10,234,TEST,6,2,1,1,true,2396
270,1,1,17,2,10,235,TEST,1,9,1,0,false,1532
270,1,1,17,2,10,236,TEST,5,11,1,1,true,601
270,1,1,17,2,10,237,TEST,7,3,0,0,true,3179
270,1,1,17,2,10,238,TEST,3,1,0,1,false,659
270,1,1,17,2,10,239,TEST,4,10,0,0,true,1771
270,1,1,17,2,10,240,TEST,2,0,1,1,true,1858
270,1,1,17,2,11,241,TRAINING,1,9,1,2,46132057,a29108b3,1146
270,1,1,17,2,11,242,TRAINING,7,3,0,5,46132750,a29103b8,1705
270,1,1,17,2,11,243,TRAINING,5,11,1,6,46102753,a29803b1,1619
270,1,1,17,2,11,244,TRAINING,3,1,0,7,46120753,a29083b1,1690
270,1,1,17,2,11,245,TRAINING,7,3,0,5,46210753,a20983b1,1770
270,1,1,17,2,11,246,TRAINING,4,10,0,2,26410753,02a983b1,1857
270,1,1,17,2,11,247,TRAINING,0,8,0,4,21460753,09a283b1,1626
270,1,1,17,2,11,248,TRAINING,6,2,1,3,21460357,09a281b3,1473
270,1,1,17,2,11,249,TRAINING,2,0,1,0,21460753,09a283b1,1841
270,1,1,17,2,11,250,TRAINING,5,11,1,6,21463750,09a213b8,1770
270,1,1,17,2,11,251,TRAINING,2,0,1,0,23461750,01a293b8,2058
270,1,1,17,2,11,252,TRAINING,0,8,0,7,23471650,01a392b8,1705
270,1,1,17,2,11,253,TRAINING,4,10,0,2,23475610,01a3b298,1673
270,1,1,17,2,11,254,TRAINING,1,9,1,6,32475610,10a3b298,1529
270,1,1,17,2,11,255,TRAINING,6,2,1,5,32405617,10a8b293,1547
270,1,1,17,2,11,256,TRAINING,3,1,0,2,42305617,a018b293,1568
270,1,1,17,2,11,257,TEST,2,0,1,1,true,1104
270,1,1,17,2,11,258,TEST,5,11,1,1,true,1962
270,1,1,17,2,11,259,TEST,1,9,1,1,true,1897
270,1,1,17,2,11,260,TEST,4,10,0,0,true,795
270,1,1,17,2,11,261,TEST,3,1,0,1,false,1260
270,1,1,17,2,11,262,TEST,7,3,0,1,false,922
270,1,1,17,2,11,263,TEST,0,8,0,0,true,673
270,1,1,17,2,11,264,TEST,6,2,1,1,true,867
270,1,1,17,2,12,265,TRAINING,0,8,0,0,07264315,8302a19b,1604
270,1,1,17,2,12,266,TRAINING,0,8,0,0,05264317,8b02a193,1785
270,1,1,17,2,12,267,TRAINING,7,3,0,7,05246317,8b0a2193,2002
270,1,1,17,2,12,268,TRAINING,2,0,1,5,05346217,8b1a2093,3187
270,1,1,17,2,12,269,TRAINING,1,9,1,6,06345217,821ab093,1578
270,1,1,17,2,12,270,TRAINING,4,10,0,3,06543217,82ba1093,1857
270,1,1,17,2,12,271,TRAINING,7,3,0,7,56043217,b28a1093,3074
270,1,1,17,2,12,272,TRAINING,6,2,1,1,06543217,82ba1093,1962
270,1,1,17,2,12,273,TRAINING,3,1,0,6,06541237,82ba9013,1753
270,1,1,17,2,12,274,TRAINING,2,0,1,5,06741235,823a901b,1874
270,1,1,17,2,12,275,TRAINING,5,11,1,7,60741235,283a901b,3025
270,1,1,17,2,12,276,TRAINING,5,11,1,7,60471235,28a3901b,1689
270,1,1,17,2,12,277,TRAINING,3,1,0,1,63471205,21a3908b,1809
270,1,1,17,2,12,278,TRAINING,6,2,1,0,63471025,21a3980b,1866
270,1,1,17,2,12,279,TRAINING,1,9,1,4,63471205,21a3908b,1713
270,1,1,17,2,12,280,TRAINING,4,10,0,7,63571204,21b3908a,1795
270,1,1,17,2,12,281,TEST,3,1,0,1,false,1618
270,1,1,17,2,12,282,TEST,6,2,1,1,true,1922
270,1,1,17,2,12,283,TEST,0,8,0,0,true,929
270,1,1,17,2,12,284,TEST,4,10,0,0,true,802
270,1,1,17,2,12,285,TEST,5,11,1,1,true,1634
270,1,1,17,2,12,286,TEST,1,9,1,1,true,1330
270,1,1,17,2,12,287,TEST,7,3,0,0,true,620
270,1,1,17,2,12,288,TEST,2,0,1,1,true,917
270,1,1,17,2,13,289,TRAINING,6,2,1,4,54176032,ba932810,1478
270,1,1,17,2,13,290,TRAINING,4,10,0,1,54176230,ba932018,2019
270,1,1,17,2,13,291,TRAINING,4,10,0,1,74156230,3a9b2018,1602
270,1,1,17,2,13,292,TRAINING,3,1,0,6,14756230,9a3b2018,2154
270,1,1,17,2,13,293,TRAINING,1,9,1,0,14752630,9a3b0218,2041
270,1,1,17,2,13,294,TRAINING,2,0,1,1,12754630,903ba218,2009
270,1,1,17,2,13,295,TRAINING,5,11,1,3,12054637,908ba213,1819
270,1,1,17,2,13,296,TRAINING,7,3,0,7,62054137,208ba913,1697
270,1,1,17,2,13,297,TRAINING,0,8,0,2,64052137,2a8b0913,2161
270,1,1,17,2,13,298,TRAINING,5,11,1,6,64032157,2a8109b3,1564
270,1,1,17,2,13,299,TRAINING,1,9,1,5,24036157,0a8129b3,1913
270,1,1,17,2,13,300,TRAINING,3,1,0,3,64032157,2a8109b3,2155
270,1,1,17,2,13,301,TRAINING,2,0,1,6,64035127,2a81b903,1801
270,1,1,17,2,13,302,TRAINING,6,2,1,0,64037125,2a81390b,2481
270,1,1,17,2,13,303,TRAINING,7,3,0,4,64137025,2a91380b,1594
270,1,1,17,2,13,304,TRAINING,0,8,0,7,64137520,2a913b08,1697
270,1,1,17,2,13,305,TEST,1,9,1,1,true,984
270,1,1,17,2,13,306,TEST,3,1,0,1,false,2859
270,1,1,17,2,13,307,TEST,7,3,0,1,false,3509
270,1,1,17,2,13,308,TEST,6,2,1,0,false,602
270,1,1,17,2,13,309,TEST,0,8,0,0,true,481
270,1,1,17,2,13,310,TEST,4,10,0,0,true,474
270,1,1,17,2,13,311,TEST,2,0,1,0,false,481
270,1,1,17,2,13,312,TEST,5,11,1,1,true,753
270,1,1,17,2,14,313,TRAINING,7,3,0,5,21504736,09b8a312,1259
270,1,1,17,2,14,314,TRAINING,2,0,1,0,21604735,0928a31b,2016
270,1,1,17,2,14,315,TRAINING,7,3,0,5,21504736,09b8a312,1681
270,1,1,17,2,14,316,TRAINING,3,1,0,6,21564730,09b2a318,1586
270,1,1,17,2,14,317,TRAINING,0,8,0,7,26514730,02b9a318,1841
270,1,1,17,2,14,318,TRAINING,1,9,1,3,62514730,20b9a318,1777
270,1,1,17,2,14,319,TRAINING,1,9,1,3,64512730,2ab90318,1761
270,1,1,17,2,14,320,TRAINING,5,11,1,2,04512736,8ab90312,1826
270,1,1,17,2,14,321,TRAINING,4,10,0,1,04517236,8ab93012,1673
270,1,1,17,2,14,322,TRAINING,5,11,1,2,04517326,8ab93102,2313
270,1,1,17,2,14,323,TRAINING,6,2,1,4,04516327,8ab92103,2105
270,1,1,17,2,14,324,TRAINING,0,8,0,0,04536127,8ab12903,1746
270,1,1,17,2,14,325,TRAINING,4,10,0,1,04516327,8ab92103,1521
270,1,1,17,2,14,326,TRAINING,3,1,0,2,04316527,8a192b03,1657
270,1,1,17,2,14,327,TRAINING,2,0,1,6,04315627,8a19b203,1674
270,1,1,17,2,14,328,TRAINING,6,2,1,5,05314627,8b19a203,4841
270,1,1,17,2,14,329,TEST,6,2,1,1,true,1506
270,1,1,17,2,14,330,TEST,0,8,0,0,true,1074
270,1,1,17,2,14,331,TEST,5,11,1,0,false,1980
270,1,1,17,2,14,332,TEST,7,3,0,0,true,1626
270,1,1,17,2,14,333,TEST,2,0,1,1,true,1171
270,1,1,17,2,14,334,TEST,1,9,1,1,true,1385
270,1,1,17,2,14,335,TEST,4,10,0,0,true,820
270,1,1,17,2,14,336,TEST,3,1,0,0,true,1492
270,1,1,17,2,15,337,TRAINING,0,8,0,3,47302516,a3180b92,1378
270,1,1,17,2,15,338,TRAINING,4,10,0,0,47602513,a3280b91,2073
270,1,1,17,2,15,339,TRAINING,2,0,1,1,42607513,a0283b91,1568
270,1,1,17,2,15,340,TRAINING,3,1,0,7,42607153,a02839b1,1722
270,1,1,17,2,15,341,TRAINING,1,9,1,5,02647153,802a39b1,1674
270,1,1,17,2,15,342,TRAINING,1,9,1,5,02746153,803a29b1,1675
270,1,1,17,2,15,343,TRAINING,7,3,0,6,02546173,80ba2931,1449
270,1,1,17,2,15,344,TRAINING,5,11,1,2,32546170,10ba2938,1553
270,1,1,17,2,15,345,TRAINING,6,2,1,4,42536170,a0b12938,1569
270,1,1,17,2,15,346,TRAINING,4,10,0,0,42506173,a0b82931,1569
270,1,1,17,2,15,347,TRAINING,7,3,0,1,47506123,a3b82901,1473
270,1,1,17,2,15,348,TRAINING,5,11,1,3,47056123,a38b2901,1601
270,1,1,17,2,15,349,TRAINING,3,1,0,7,47256103,a30b2981,1483
270,1,1,17,2,15,350,TRAINING,0,8,0,6,17256403,930b2a81,1513
270,1,1,17,2,15,351,TRAINING,6,2,1,0,67251403,230b9a81,1922
270,1,1,17,2,15,352,TRAINING,2,0,1,3,67521403,23b09a81,1649
270,1,1,17,2,15,353,TEST,7,3,0,0,true,2625
270,1,1,17,2,15,354,TEST,1,9,1,1,true,994
270,1,1,17,2,15,355,TEST,6,2,1,1,true,1266
270,1,1,17,2,15,356,TEST,2,0,1,1,true,836
270,1,1,17,2,15,357,TEST,4,10,0,0,true,1068
270,1,1,17,2,15,358,TEST,3,1,0,0,true,2240
270,1,1,17,2,15,359,TEST,5,11,1,1,true,939
270,1,1,17,2,15,360,TEST,0,8,0,0,true,2642
270,1,1,17,2,16,361,TRAINING,3,1,0,3,06137524,82913b0a,1247
270,1,1,17,2,16,362,TRAINING,6,2,1,1,06537124,82b1390a,1610
270,1,1,17,2,16,363,TRAINING,4,10,0,6,06537142,82b139a0,1530
270,1,1,17,2,16,364,TRAINING,2,0,1,7,06573142,82b319a0,1649
270,1,1,17,2,16,365,TRAINING,7,3,0,3,06173542,82931ba0,1641
270,1,1,17,2,16,366,TRAINING,1,9,1,2,46173502,a2931b80,1577
270,1,1,17,2,16,367,TRAINING,4,10,0,0,42173506,a0931b82,1634
270,1,1,17,2,16,368,TRAINING,0,8,0,6,42163507,a0921b83,2105
270,1,1,17,2,16,369,TRAINING,5,11,1,5,42763501,a0321b89,1481
270,1,1,17,2,16,370,TRAINING,1,9,1,2,42163507,a0921b83,1553
270,1,1,17,2,16,371,TRAINING,0,8,0,1,40163527,a8921b03,1657
270,1,1,17,2,16,372,TRAINING,7,3,0,7,30164527,1892ab03,1624
270,1,1,17,2,16,373,TRAINING,5,11,1,0,50164327,b892a103,1642
270,1,1,17,2,16,374,TRAINING,3,1,0,5,52164307,b092a183,1442
270,1,1,17,2,16,375,TRAINING,6,2,1,3,57164302,b392a180,1658
270,1,1,17,2,16,376,TRAINING,2,0,1,0,27164305,0392a18b,2057
270,1,1,17,2,16,377,TEST,1,9,1,1,true,1978
270,1,1,17,2,16,378,TEST,0,8,0,0,true,796
270,1,1,17,2,16,379,TEST,7,3,0,0,true,920
270,1,1,17,2,16,380,TEST,4,10,0,0,true,2091
270,1,1,17,2,16,381,TEST,3,1,0,0,true,689
270,1,1,17,2,16,382,TEST,2,0,1,1,true,1339
270,1,1,17,2,16,383,TEST,6,2,1,1,true,1085
270,1,1,17,2,16,384,TEST,5,11,1,0,false,819
270,1,1,17,2,17,385,TRAINING,5,11,1,3,10352764,981b032a,1731
270,1,1,17,2,17,386,TRAINING,3,1,0,2,20351764,081b932a,1451
270,1,1,17,2,17,387,TRAINING,7,3,0,5,26351704,021b938a,1530
270,1,1,17,2,17,388,TRAINING,1,9,1,1,21356704,091b238a,1594
270,1,1,17,2,17,389,TRAINING,4,10,0,7,31256704,190b238a,1641
270,1,1,17,2,17,390,TRAINING,0,8,0,6,51236704,b901238a,1538
270,1,1,17,2,17,391,TRAINING,2,0,1,2,57236104,b301298a,1490
270,1,1,17,2,17,392,TRAINING,1,9,1,0,17236504,93012b8a,1882
270,1,1,17,2,17,393,TRAINING,5,11,1,3,17256304,930b218a,1785
270,1,1,17,2,17,394,TRAINING,6,2,1,4,17456302,93ab2180,1578
270,1,1,17,2,17,395,TRAINING,3,1,0,7,17456203,93ab2081,1632
270,1,1,17,2,17,396,TRAINING,0,8,0,6,12456703,90ab2381,1593
270,1,1,17,2,17,397,TRAINING,7,3,0,5,16452703,92ab0381,1482
270,1,1,17,2,17,398,TRAINING,2,0,1,4,61452703,29ab0381,1545
270,1,1,17,2,17,399,TRAINING,4,10,0,2,01452763,89ab0321,1585
270,1,1,17,2,17,400,TRAINING,6,2,1,6,31452760,19ab0328,1513
270,1,1,17,2,17,401,TEST,4,10,0,0,true,1290
270,1,1,17,2,17,402,TEST,1,9,1,1,true,1082
270,1,1,17,2,17,403,TEST,7,3,0,0,true,1259
270,1,1,17,2,17,404,TEST,6,2,1,1,true,802
270,1,1,17,2,17,405,TEST,3,1,0,0,true,2139
270,1,1,17,2,17,406,TEST,0,8,0,0,true,1084
270,1,1,17,2,17,407,TEST,5,11,1,1,true,914
270,1,1,17,2,17,408,TEST,2,0,1,1,true,843
270,1,1,17,2,18,409,TRAINING,1,9,1,5,27435160,03a1b928,1867
270,1,1,17,2,18,410,TRAINING,5,11,1,4,27405163,03a8b921,1642
270,1,1,17,2,18,411,TRAINING,1,9,1,5,47205163,a308b921,2042
270,1,1,17,2,18,412,TRAINING,3,1,0,0,37205164,1308b92a,1778
270,1,1,17,2,18,413,TRAINING,5,11,1,4,37405162,13a8b920,1529
270,1,1,17,2,18,414,TRAINING,7,3,0,1,37405126,13a8b902,1673
270,1,1,17,2,18,415,TRAINING,4,10,0,2,37405621,13a8b209,1633
270,1,1,17,2,18,416,TRAINING,2,0,1,0,27405631,03a8b219,1665
270,1,1,17,2,18,417,TRAINING,6,2,1,5,27415630,03a9b218,1617
270,1,1,17,2,18,418,TRAINING,7,3,0,1,27145630,039ab218,2593
270,1,1,17,2,18,419,TRAINING,2,0,1,0,27415630,03a9b218,1761
270,1,1,17,2,18,420,TRAINING,0,8,0,7,27615430,0329ba18,1721
270,1,1,17,2,18,421,TRAINING,4,10,0,4,27614530,0329ab18,1961
270,1,1,17,2,18,422,TRAINING,0,8,0,7,37614520,1329ab08,1693
270,1,1,17,2,18,423,TRAINING,3,1,0,3,17634520,9321ab08,1520
270,1,1,17,2,18,424,TRAINING,6,2,1,2,12634570,9021ab38,1457
270,1,1,17,2,18,425,TEST,2,0,1,1,true,4010
270,1,1,17,2,18,426,TEST,6,2,1,1,true,708
270,1,1,17,2,18,427,TEST,7,3,0,0,true,803
270,1,1,17,2,18,428,TEST,3,1,0,0,true,4827
270,1,1,17,2,18,429,TEST,5,11,1,1,true,1122
270,1,1,17,2,18,430,TEST,4,10,0,0,true,521
270,1,1,17,2,18,431,TEST,0,8,0,0,true,514
270,1,1,17,2,18,432,TEST,1,9,1,1,true,1258
270,1,1,17,2,INSTRUCT,postquestionnaire,3

rulestrategy:I noticed that the borders were what was determining the divisions.  The blue objects were classified A for the white and B for the yellow. The purple objects were A for yellow and B for the white.
howtoimprove:
engagement:10
difficulty:10
physicalaids:no