274,0,5,6,14,INSTRUCT,instruct1,34956
274,0,5,6,14,INSTRUCT,instructCatExample,7337
274,0,5,6,14,INSTRUCT,instructCatColor,8034
274,0,5,6,14,INSTRUCT,instructCatStripe,8487
274,0,5,6,14,INSTRUCT,instructDemoIntro,18782
274,0,5,6,14,INSTRUCT,instructDemo,73856
274,0,5,6,14,INSTRUCT,instructTest,24225
274,0,5,6,14,INSTRUCT,instructTest2,14199
274,0,5,6,14,INSTRUCT,instructDimColor,10982
274,0,5,6,14,INSTRUCT,instructDimBorder,3900
274,0,5,6,14,INSTRUCT,instructDimDots,2543
274,0,5,6,14,INSTRUCT,instructDimStripe,3619
274,0,5,6,14,INSTRUCT,instructDimAll,9017
274,0,5,6,14,INSTRUCT,instructFinal,9953
274,0,5,6,14,1,1,TRAINING,0,13,1,0,03251674,db97f135,3807
274,0,5,6,14,1,2,TRAINING,3,11,1,1,03215674,db9f7135,9897
274,0,5,6,14,1,3,TRAINING,1,15,0,3,03215476,db9f7531,4709
274,0,5,6,14,1,4,TRAINING,7,3,0,0,73215406,3b9f75d1,7745
274,0,5,6,14,1,5,TRAINING,1,15,0,3,73210456,3b9fd571,4624
274,0,5,6,14,1,6,TRAINING,3,11,1,1,73510426,3b7fd591,12002
274,0,5,6,14,1,7,TRAINING,0,13,1,4,73610425,3b1fd597,2599
274,0,5,6,14,1,8,TRAINING,4,5,0,6,73610245,3b1fd957,2582
274,0,5,6,14,1,9,TRAINING,7,3,0,0,73610542,3b1fd759,4056
274,0,5,6,14,1,10,TRAINING,4,5,0,6,73615042,3b1f7d59,965
274,0,5,6,14,1,11,TRAINING,5,7,1,2,73516042,3b7f1d59,1175
274,0,5,6,14,1,12,TRAINING,6,1,1,0,63517042,1b7f3d59,954
274,0,5,6,14,1,13,TRAINING,7,3,0,4,64517032,157f3db9,3031
274,0,5,6,14,1,14,TRAINING,1,15,0,3,64517302,157f3bd9,5169
274,0,5,6,14,1,15,TRAINING,3,11,1,5,60517342,1d7f3b59,1065
274,0,5,6,14,1,16,TRAINING,6,1,1,7,20517346,9d7f3b51,4283
274,0,5,6,14,1,17,TEST,4,5,0,0,true,13416
274,0,5,6,14,1,18,TEST,2,9,0,1,false,3167
274,0,5,6,14,1,19,TEST,6,1,1,1,true,982
274,0,5,6,14,1,20,TEST,3,11,1,0,false,1560
274,0,5,6,14,1,21,TEST,1,15,0,0,true,998
274,0,5,6,14,1,22,TEST,5,7,1,0,false,1389
274,0,5,6,14,1,23,TEST,0,13,1,1,true,1919
274,0,5,6,14,1,24,TEST,7,3,0,1,false,984
274,0,5,6,14,2,25,TRAINING,7,3,0,1,27541063,9375fd1b,5351
274,0,5,6,14,2,26,TRAINING,4,5,0,0,47521063,5379fd1b,19069
274,0,5,6,14,2,27,TRAINING,5,7,1,2,47561023,5371fd9b,10771
274,0,5,6,14,2,28,TRAINING,6,1,1,1,46571023,5173fd9b,17728
274,0,5,6,14,2,29,TRAINING,2,9,0,6,06571423,d173f59b,4935
274,0,5,6,14,2,30,TRAINING,3,11,1,2,06371425,d1b3f597,3064
274,0,5,6,14,2,31,TRAINING,1,15,0,4,56371420,71b3f59d,7067
274,0,5,6,14,2,32,TRAINING,4,5,0,5,56371402,71b3f5d9,6870
274,0,5,6,14,2,33,TRAINING,0,13,1,6,56271403,7193f5db,26961
274,0,5,6,14,2,34,TRAINING,2,9,0,2,36271405,b193f5d7,9411
274,0,5,6,14,2,35,TRAINING,1,15,0,4,37261405,b391f5d7,2018
274,0,5,6,14,2,36,TRAINING,4,5,0,5,36271405,b193f5d7,979
274,0,5,6,14,2,37,TRAINING,6,1,1,1,06271435,d193f5b7,2331
274,0,5,6,14,2,38,TRAINING,3,11,1,7,06271453,d193f57b,991
274,0,5,6,14,2,39,TRAINING,7,3,0,3,06471253,d153f97b,1383
274,0,5,6,14,2,40,TRAINING,0,13,1,0,06471523,d153f79b,2892
274,0,5,6,14,2,41,TEST,0,13,1,1,true,5897
274,0,5,6,14,2,42,TEST,6,1,1,1,true,2449
274,0,5,6,14,2,43,TEST,1,15,0,0,true,2964
274,0,5,6,14,2,44,TEST,2,9,0,0,true,1950
274,0,5,6,14,2,45,TEST,3,11,1,1,true,2715
274,0,5,6,14,2,46,TEST,4,5,0,0,true,4430
274,0,5,6,14,2,47,TEST,5,7,1,1,true,4212
274,0,5,6,14,2,48,TEST,7,3,0,0,true,5506
274,0,5,6,14,3,49,TRAINING,3,11,1,0,31526074,bf791d35,16162
274,0,5,6,14,3,50,TRAINING,2,9,0,1,32516074,b97f1d35,18242
274,0,5,6,14,3,51,TRAINING,5,7,1,2,32506174,b97d1f35,3719
274,0,5,6,14,3,52,TRAINING,0,13,1,3,32506471,b97d153f,11218
274,0,5,6,14,3,53,TRAINING,1,15,0,7,62503471,197db53f,7945
274,0,5,6,14,3,54,TRAINING,3,11,1,4,26503471,917db53f,7188
274,0,5,6,14,3,55,TRAINING,0,13,1,5,26543071,9175bd3f,5744
274,0,5,6,14,3,56,TRAINING,6,1,1,1,26743051,9135bd7f,4423
274,0,5,6,14,3,57,TRAINING,7,3,0,2,26713054,913fbd75,28555
274,0,5,6,14,3,58,TRAINING,4,5,0,7,26753014,9137bdf5,15388
274,0,5,6,14,3,59,TRAINING,7,3,0,2,26735014,913b7df5,27430
274,0,5,6,14,3,60,TRAINING,6,1,1,1,36725014,b1397df5,1840
274,0,5,6,14,3,61,TRAINING,3,11,1,5,06725314,d1397bf5,20754
274,0,5,6,14,3,62,TRAINING,3,11,1,5,06745312,d1357bf9,15340
274,0,5,6,14,3,63,TRAINING,4,5,0,3,01745362,df357b19,1145
274,0,5,6,14,3,64,TRAINING,7,3,0,2,61745302,1f357bd9,1709
274,0,5,6,14,3,65,TEST,1,15,0,0,true,10305
274,0,5,6,14,3,66,TEST,5,7,1,1,true,2776
274,0,5,6,14,3,67,TEST,2,9,0,0,true,2169
274,0,5,6,14,3,68,TEST,6,1,1,1,true,2340
274,0,5,6,14,3,69,TEST,0,13,1,1,true,3853
274,0,5,6,14,3,70,TEST,7,3,0,0,true,3105
274,0,5,6,14,3,71,TEST,4,5,0,0,true,1841
274,0,5,6,14,3,72,TEST,3,11,1,1,true,3479
274,0,5,6,14,INSTRUCT,postquestionnaire,0

rulestrategy:In the first and second task, I only remembered group A, because I figured out the opposite of group A is the answer to B. So, if I had a purple texture in group A, I would know that a blue texture will be in group B and so on...
howtoimprove:
engagement:10
difficulty:7
physicalaids:no