275,1,3,7,0,INSTRUCT,instruct1,22380
275,1,3,7,0,INSTRUCT,instructCatExample,23465
275,1,3,7,0,INSTRUCT,instructCatColor,8787
275,1,3,7,0,INSTRUCT,instructCatStripe,20798
275,1,3,7,0,INSTRUCT,instructDemoIntro,69615
275,1,3,7,0,INSTRUCT,instructDemo,33239
275,1,3,7,0,INSTRUCT,instructTest,83662
275,1,3,7,0,INSTRUCT,instructTest2,55213
275,1,3,7,0,INSTRUCT,instructDimColor,17617
275,1,3,7,0,INSTRUCT,instructDimBorder,6370
275,1,3,7,0,INSTRUCT,instructDimDots,8044
275,1,3,7,0,INSTRUCT,instructDimStripe,5832
275,1,3,7,0,INSTRUCT,instructDimAll,22955
275,1,3,7,0,INSTRUCT,instructFinal,55509
275,1,3,7,0,1,1,TRAINING,6,5,0,2,71624350,72541630,2268
275,1,3,7,0,1,2,TRAINING,1,2,1,1,71624305,72541603,3176
275,1,3,7,0,1,3,TRAINING,4,1,1,4,71634205,72561403,5379
275,1,3,7,0,1,4,TRAINING,5,3,0,7,71624305,72541603,13788
275,1,3,7,0,1,5,TRAINING,6,5,0,0,61724305,52741603,4512
275,1,3,7,0,1,6,TRAINING,2,4,1,6,61704325,52701643,2073
275,1,3,7,0,1,7,TRAINING,4,1,1,1,64701325,51702643,7593
275,1,3,7,0,1,8,TRAINING,2,4,1,6,74601325,71502643,1885
275,1,3,7,0,1,9,TRAINING,3,6,0,5,14607325,21507643,1837
275,1,3,7,0,1,10,TRAINING,7,7,0,7,14605327,21503647,4494
275,1,3,7,0,1,11,TRAINING,3,6,0,5,54601327,31502647,1648
275,1,3,7,0,1,12,TRAINING,0,0,1,0,04651327,01532647,2937
275,1,3,7,0,1,13,TRAINING,0,0,1,0,04652317,01534627,2813
275,1,3,7,0,1,14,TRAINING,7,7,0,7,04651327,01532647,2230
275,1,3,7,0,1,15,TRAINING,5,3,0,3,01654327,02531647,4496
275,1,3,7,0,1,16,TRAINING,1,2,1,1,61054327,52031647,1607
275,1,3,7,0,1,17,TEST,6,5,0,0,true,2733
275,1,3,7,0,1,18,TEST,7,7,0,0,true,1203
275,1,3,7,0,1,19,TEST,0,0,1,1,true,1255
275,1,3,7,0,1,20,TEST,5,3,0,0,true,839
275,1,3,7,0,1,21,TEST,4,1,1,0,false,765
275,1,3,7,0,1,22,TEST,2,4,1,1,true,811
275,1,3,7,0,1,23,TEST,1,2,1,1,true,1846
275,1,3,7,0,1,24,TEST,3,6,0,1,false,919
275,1,3,7,0,2,25,TRAINING,6,5,0,1,16375420,25673140,1579
275,1,3,7,0,2,26,TRAINING,4,1,1,5,16075423,25073146,1911
275,1,3,7,0,2,27,TRAINING,1,2,1,2,06175423,05273146,2301
275,1,3,7,0,2,28,TRAINING,3,6,0,7,76105423,75203146,4339
275,1,3,7,0,2,29,TRAINING,2,4,1,6,76150423,75230146,1613
275,1,3,7,0,2,30,TRAINING,7,7,0,0,76140523,75210346,3451
275,1,3,7,0,2,31,TRAINING,5,3,0,5,76340521,75610342,5507
275,1,3,7,0,2,32,TRAINING,5,3,0,5,74360521,71650342,2357
275,1,3,7,0,2,33,TRAINING,4,1,1,1,74320561,71640352,1627
275,1,3,7,0,2,34,TRAINING,0,0,1,4,74310562,71620354,3438
275,1,3,7,0,2,35,TRAINING,2,4,1,7,34710562,61720354,1973
275,1,3,7,0,2,36,TRAINING,3,6,0,0,34170562,61270354,1928
275,1,3,7,0,2,37,TRAINING,0,0,1,4,34150762,61230754,1854
275,1,3,7,0,2,38,TRAINING,1,2,1,3,34510762,61320754,1879
275,1,3,7,0,2,39,TRAINING,7,7,0,5,34210765,61420753,2090
275,1,3,7,0,2,40,TRAINING,6,5,0,6,30214765,60421753,1959
275,1,3,7,0,2,41,TEST,2,4,1,1,true,2133
275,1,3,7,0,2,42,TEST,4,1,1,0,false,1469
275,1,3,7,0,2,43,TEST,1,2,1,1,true,3477
275,1,3,7,0,2,44,TEST,6,5,0,0,true,620
275,1,3,7,0,2,45,TEST,7,7,0,0,true,483
275,1,3,7,0,2,46,TEST,0,0,1,1,true,937
275,1,3,7,0,2,47,TEST,5,3,0,0,true,648
275,1,3,7,0,2,48,TEST,3,6,0,1,false,683
275,1,3,7,0,3,49,TRAINING,1,2,1,5,26307145,45607213,6499
275,1,3,7,0,3,50,TRAINING,0,0,1,3,46307125,15607243,2263
275,1,3,7,0,3,51,TRAINING,1,2,1,5,56307124,35607241,2204
275,1,3,7,0,3,52,TRAINING,6,5,0,1,56304127,35601247,1917
275,1,3,7,0,3,53,TRAINING,2,4,1,6,56403127,35106247,1884
275,1,3,7,0,3,54,TRAINING,3,6,0,5,56401327,35102647,2027
275,1,3,7,0,3,55,TRAINING,0,0,1,3,65401327,53102647,3450
275,1,3,7,0,3,56,TRAINING,3,6,0,5,45601327,13502647,2077
275,1,3,7,0,3,57,TRAINING,5,3,0,1,45601372,13502674,1923
275,1,3,7,0,3,58,TRAINING,4,1,1,0,45701362,13702654,2068
275,1,3,7,0,3,59,TRAINING,7,7,0,2,45706312,13705624,2278
275,1,3,7,0,3,60,TRAINING,5,3,0,1,45706213,13705426,1793
275,1,3,7,0,3,61,TRAINING,2,4,1,3,45726013,13745026,1923
275,1,3,7,0,3,62,TRAINING,7,7,0,5,45026713,13045726,1519
275,1,3,7,0,3,63,TRAINING,4,1,1,0,45620713,13540726,1634
275,1,3,7,0,3,64,TRAINING,6,5,0,4,45026713,13045726,1556
275,1,3,7,0,3,65,TEST,6,5,0,1,false,1083
275,1,3,7,0,3,66,TEST,0,0,1,0,false,998
275,1,3,7,0,3,67,TEST,1,2,1,0,false,766
275,1,3,7,0,3,68,TEST,7,7,0,0,true,1068
275,1,3,7,0,3,69,TEST,4,1,1,0,false,947
275,1,3,7,0,3,70,TEST,5,3,0,1,false,918
275,1,3,7,0,3,71,TEST,2,4,1,1,true,701
275,1,3,7,0,3,72,TEST,3,6,0,1,false,696
275,1,3,7,0,4,73,TRAINING,4,1,1,4,67104235,57201463,6808
275,1,3,7,0,4,74,TRAINING,5,3,0,5,67104532,57201364,7257
275,1,3,7,0,4,75,TRAINING,5,3,0,5,60174532,50271364,7095
275,1,3,7,0,4,76,TRAINING,4,1,1,3,60147532,50217364,2712
275,1,3,7,0,4,77,TRAINING,7,7,0,4,20147536,40217365,5800
275,1,3,7,0,4,78,TRAINING,3,6,0,6,21047536,42017365,6324
275,1,3,7,0,4,79,TRAINING,0,0,1,0,01247536,02417365,6088
275,1,3,7,0,4,80,TRAINING,2,4,1,2,01245736,02413765,5042
275,1,3,7,0,4,81,TRAINING,1,2,1,4,05241736,03412765,2237
275,1,3,7,0,4,82,TRAINING,6,5,0,5,05241637,03412567,4578
275,1,3,7,0,4,83,TRAINING,7,7,0,7,45201637,13402567,1922
275,1,3,7,0,4,84,TRAINING,3,6,0,6,42501637,14302567,2016
275,1,3,7,0,4,85,TRAINING,6,5,0,5,42051637,14032567,1750
275,1,3,7,0,4,86,TRAINING,0,0,1,4,42150637,14230567,1652
275,1,3,7,0,4,87,TRAINING,1,2,1,2,42130657,14260537,1946
275,1,3,7,0,4,88,TRAINING,2,4,1,6,45130627,13260547,1662
275,1,3,7,0,4,89,TEST,7,7,0,1,false,1394
275,1,3,7,0,4,90,TEST,5,3,0,1,false,720
275,1,3,7,0,4,91,TEST,2,4,1,1,true,996
275,1,3,7,0,4,92,TEST,1,2,1,0,false,616
275,1,3,7,0,4,93,TEST,6,5,0,1,false,713
275,1,3,7,0,4,94,TEST,4,1,1,0,false,788
275,1,3,7,0,4,95,TEST,3,6,0,1,false,809
275,1,3,7,0,4,96,TEST,0,0,1,0,false,688
275,1,3,7,0,5,97,TRAINING,7,7,0,2,30745162,60713254,2312
275,1,3,7,0,5,98,TRAINING,2,4,1,7,10745362,20713654,2733
275,1,3,7,0,5,99,TRAINING,0,0,1,6,16745302,25713604,1814
275,1,3,7,0,5,100,TRAINING,4,1,1,3,36745102,65713204,2969
275,1,3,7,0,5,101,TRAINING,3,6,0,0,36547102,65317204,2093
275,1,3,7,0,5,102,TRAINING,5,3,0,6,36047152,65017234,2798
275,1,3,7,0,5,103,TRAINING,7,7,0,2,36740152,65710234,1668
275,1,3,7,0,5,104,TRAINING,6,5,0,4,30746152,60715234,1815
275,1,3,7,0,5,105,TRAINING,0,0,1,1,30746251,60715432,1645
275,1,3,7,0,5,106,TRAINING,3,6,0,0,30726451,60745132,1755
275,1,3,7,0,5,107,TRAINING,1,2,1,7,30276451,60475132,2005
275,1,3,7,0,5,108,TRAINING,4,1,1,5,32076451,64075132,3758
275,1,3,7,0,5,109,TRAINING,1,2,1,7,23076451,46075132,1722
275,1,3,7,0,5,110,TRAINING,5,3,0,6,23670451,46570132,1421
275,1,3,7,0,5,111,TRAINING,6,5,0,2,03672451,06574132,3077
275,1,3,7,0,5,112,TRAINING,2,4,1,5,03674251,06571432,1793
275,1,3,7,0,5,113,TEST,3,6,0,0,true,3512
275,1,3,7,0,5,114,TEST,0,0,1,0,false,969
275,1,3,7,0,5,115,TEST,7,7,0,0,true,4680
275,1,3,7,0,5,116,TEST,4,1,1,0,false,1460
275,1,3,7,0,5,117,TEST,1,2,1,1,true,603
275,1,3,7,0,5,118,TEST,6,5,0,1,false,671
275,1,3,7,0,5,119,TEST,5,3,0,0,true,971
275,1,3,7,0,5,120,TEST,2,4,1,1,true,509
275,1,3,7,0,6,121,TRAINING,0,0,1,2,13042576,26014375,4397
275,1,3,7,0,6,122,TRAINING,2,4,1,4,13042567,26014357,2841
275,1,3,7,0,6,123,TRAINING,2,4,1,4,63042517,56014327,1760
275,1,3,7,0,6,124,TRAINING,1,2,1,6,63402517,56104327,2328
275,1,3,7,0,6,125,TRAINING,6,5,0,0,64302517,51604327,2080
275,1,3,7,0,6,126,TRAINING,3,6,0,7,64702513,51704326,2214
275,1,3,7,0,6,127,TRAINING,4,1,1,1,64701523,51702346,2061
275,1,3,7,0,6,128,TRAINING,5,3,0,5,64702513,51704326,1597
275,1,3,7,0,6,129,TRAINING,4,1,1,1,14702563,21704356,7564
275,1,3,7,0,6,130,TRAINING,1,2,1,0,14732560,21764350,1711
275,1,3,7,0,6,131,TRAINING,3,6,0,3,14532760,21364750,1738
275,1,3,7,0,6,132,TRAINING,6,5,0,2,14632750,21564730,1596
275,1,3,7,0,6,133,TRAINING,0,0,1,0,04632751,01564732,1965
275,1,3,7,0,6,134,TRAINING,5,3,0,6,01632754,02564731,1676
275,1,3,7,0,6,135,TRAINING,7,7,0,5,04632751,01564732,1671
275,1,3,7,0,6,136,TRAINING,7,7,0,5,04612753,01524736,1487
275,1,3,7,0,6,137,TEST,0,0,1,1,true,1523
275,1,3,7,0,6,138,TEST,1,2,1,1,true,560
275,1,3,7,0,6,139,TEST,3,6,0,0,true,950
275,1,3,7,0,6,140,TEST,2,4,1,1,true,750
275,1,3,7,0,6,141,TEST,4,1,1,0,false,693
275,1,3,7,0,6,142,TEST,6,5,0,1,false,975
275,1,3,7,0,6,143,TEST,7,7,0,0,true,539
275,1,3,7,0,6,144,TEST,5,3,0,0,true,453
275,1,3,7,0,7,145,TRAINING,7,7,0,0,76152043,75234016,3440
275,1,3,7,0,7,146,TRAINING,4,1,1,6,75162043,73254016,1944
275,1,3,7,0,7,147,TRAINING,0,0,1,5,75126043,73245016,1824
275,1,3,7,0,7,148,TRAINING,6,5,0,4,75136042,73265014,1980
275,1,3,7,0,7,149,TRAINING,0,0,1,5,75126043,73245016,1819
275,1,3,7,0,7,150,TRAINING,4,1,1,0,45126073,13245076,1866
275,1,3,7,0,7,151,TRAINING,1,2,1,2,47126053,17245036,3586
275,1,3,7,0,7,152,TRAINING,7,7,0,6,45126073,13245076,1841
275,1,3,7,0,7,153,TRAINING,1,2,1,2,54126073,31245076,1850
275,1,3,7,0,7,154,TRAINING,2,4,1,3,45126073,13245076,1941
275,1,3,7,0,7,155,TRAINING,5,3,0,5,40126573,10245376,2055
275,1,3,7,0,7,156,TRAINING,2,4,1,3,04126573,01245376,1779
275,1,3,7,0,7,157,TRAINING,5,3,0,5,04726513,01745326,1968
275,1,3,7,0,7,158,TRAINING,3,6,0,7,01726543,02745316,1951
275,1,3,7,0,7,159,TRAINING,3,6,0,7,02716543,04725316,2148
275,1,3,7,0,7,160,TRAINING,6,5,0,4,05716243,03725416,1800
275,1,3,7,0,7,161,TEST,0,0,1,1,true,936
275,1,3,7,0,7,162,TEST,6,5,0,0,true,936
275,1,3,7,0,7,163,TEST,3,6,0,0,true,437
275,1,3,7,0,7,164,TEST,4,1,1,1,true,765
275,1,3,7,0,7,165,TEST,5,3,0,1,false,690
275,1,3,7,0,7,166,TEST,2,4,1,0,false,668
275,1,3,7,0,7,167,TEST,1,2,1,1,true,606
275,1,3,7,0,7,168,TEST,7,7,0,0,true,561
275,1,3,7,0,8,169,TRAINING,6,5,0,4,23576410,46375120,3907
275,1,3,7,0,8,170,TRAINING,4,1,1,5,53276410,36475120,1791
275,1,3,7,0,8,171,TRAINING,3,6,0,1,53276401,36475102,1919
275,1,3,7,0,8,172,TRAINING,5,3,0,2,23576401,46375102,1806
275,1,3,7,0,8,173,TRAINING,1,2,1,7,63572401,56374102,6882
275,1,3,7,0,8,174,TRAINING,3,6,0,1,43572601,16374502,1790
275,1,3,7,0,8,175,TRAINING,2,4,1,2,43275601,16473502,2073
275,1,3,7,0,8,176,TRAINING,7,7,0,0,73245601,76413502,1800
275,1,3,7,0,8,177,TRAINING,6,5,0,5,73205641,76403512,1582
275,1,3,7,0,8,178,TRAINING,2,4,1,2,70235641,70463512,2385
275,1,3,7,0,8,179,TRAINING,5,3,0,1,75230641,73460512,2218
275,1,3,7,0,8,180,TRAINING,0,0,1,4,75230614,73460521,3327
275,1,3,7,0,8,181,TRAINING,0,0,1,4,75430612,73160524,1726
275,1,3,7,0,8,182,TRAINING,7,7,0,3,35470612,63170524,1869
275,1,3,7,0,8,183,TRAINING,1,2,1,1,31470652,62170534,2349
275,1,3,7,0,8,184,TRAINING,4,1,1,2,01473652,02176534,1696
275,1,3,7,0,8,185,TEST,0,0,1,1,true,1035
275,1,3,7,0,8,186,TEST,2,4,1,0,false,7086
275,1,3,7,0,8,187,TEST,4,1,1,1,true,2108
275,1,3,7,0,8,188,TEST,6,5,0,1,false,1095
275,1,3,7,0,8,189,TEST,3,6,0,0,true,1161
275,1,3,7,0,8,190,TEST,5,3,0,1,false,1155
275,1,3,7,0,8,191,TEST,1,2,1,1,true,3380
275,1,3,7,0,8,192,TEST,7,7,0,0,true,751
275,1,3,7,0,9,193,TRAINING,1,2,1,4,37051642,67032514,2485
275,1,3,7,0,9,194,TRAINING,4,1,1,6,30751642,60732514,2192
275,1,3,7,0,9,195,TRAINING,1,2,1,4,30251647,60432517,2879
275,1,3,7,0,9,196,TRAINING,2,4,1,3,30521647,60342517,1873
275,1,3,7,0,9,197,TRAINING,2,4,1,3,37521640,67342510,3545
275,1,3,7,0,9,198,TRAINING,7,7,0,6,34521670,61342570,2077
275,1,3,7,0,9,199,TRAINING,7,7,0,6,34021675,61042573,11192
275,1,3,7,0,9,200,TRAINING,4,1,1,1,54021673,31042576,13959
275,1,3,7,0,9,201,TRAINING,6,5,0,5,54120673,31240576,12169
275,1,3,7,0,9,202,TRAINING,3,6,0,0,34120675,61240573,4933
275,1,3,7,0,9,203,TRAINING,5,3,0,7,37120645,67240513,7618
275,1,3,7,0,9,204,TRAINING,0,0,1,4,36120745,65240713,2784
275,1,3,7,0,9,205,TRAINING,6,5,0,1,46120735,15240763,3631
275,1,3,7,0,9,206,TRAINING,3,6,0,5,46120375,15240673,2840
275,1,3,7,0,9,207,TRAINING,5,3,0,0,56120374,35240671,3208
275,1,3,7,0,9,208,TRAINING,0,0,1,4,56170324,35270641,2282
275,1,3,7,0,9,209,TEST,2,4,1,0,false,7093
275,1,3,7,0,9,210,TEST,6,5,0,0,true,6595
275,1,3,7,0,9,211,TEST,0,0,1,1,true,974
275,1,3,7,0,9,212,TEST,1,2,1,1,true,1013
275,1,3,7,0,9,213,TEST,4,1,1,0,false,1084
275,1,3,7,0,9,214,TEST,7,7,0,0,true,1021
275,1,3,7,0,9,215,TEST,3,6,0,1,false,973
275,1,3,7,0,9,216,TEST,5,3,0,0,true,1088
275,1,3,7,0,10,217,TRAINING,5,3,0,3,43052671,16034572,18399
275,1,3,7,0,10,218,TRAINING,4,1,1,0,47052631,17034562,5144
275,1,3,7,0,10,219,TRAINING,1,2,1,7,47052361,17034652,4372
275,1,3,7,0,10,220,TRAINING,6,5,0,4,47056321,17035642,3578
275,1,3,7,0,10,221,TRAINING,5,3,0,3,42056371,14035672,6749
275,1,3,7,0,10,222,TRAINING,4,1,1,0,43056271,16035472,1775
275,1,3,7,0,10,223,TRAINING,3,6,0,1,43156270,16235470,1583
275,1,3,7,0,10,224,TRAINING,0,0,1,7,43156720,16235740,1738
275,1,3,7,0,10,225,TRAINING,2,4,1,6,73156420,76235140,1730
275,1,3,7,0,10,226,TRAINING,2,4,1,6,73456120,76135240,1716
275,1,3,7,0,10,227,TRAINING,6,5,0,4,75436120,73165240,1875
275,1,3,7,0,10,228,TRAINING,7,7,0,0,75416320,73125640,1861
275,1,3,7,0,10,229,TRAINING,0,0,1,3,75406321,73105642,1869
275,1,3,7,0,10,230,TRAINING,1,2,1,1,71406325,72105643,1483
275,1,3,7,0,10,231,TRAINING,7,7,0,7,51406327,32105647,2513
275,1,3,7,0,10,232,TRAINING,3,6,0,2,51306427,32605147,1475
275,1,3,7,0,10,233,TEST,5,3,0,0,true,1091
275,1,3,7,0,10,234,TEST,1,2,1,1,true,1046
275,1,3,7,0,10,235,TEST,2,4,1,1,true,900
275,1,3,7,0,10,236,TEST,0,0,1,0,false,1526
275,1,3,7,0,10,237,TEST,3,6,0,1,false,1085
275,1,3,7,0,10,238,TEST,6,5,0,0,true,646
275,1,3,7,0,10,239,TEST,4,1,1,1,true,968
275,1,3,7,0,10,240,TEST,7,7,0,0,true,483
275,1,3,7,0,11,241,TRAINING,4,1,1,6,75610342,73520614,1854
275,1,3,7,0,11,242,TRAINING,1,2,1,3,65710342,53720614,1670
275,1,3,7,0,11,243,TRAINING,5,3,0,1,65310742,53620714,1470
275,1,3,7,0,11,244,TRAINING,1,2,1,3,65013742,53026714,1528
275,1,3,7,0,11,245,TRAINING,4,1,1,6,65213740,53426710,1478
275,1,3,7,0,11,246,TRAINING,0,0,1,7,65217340,53427610,1528
275,1,3,7,0,11,247,TRAINING,6,5,0,0,65712340,53724610,1476
275,1,3,7,0,11,248,TRAINING,6,5,0,0,65714320,53721640,1441
275,1,3,7,0,11,249,TRAINING,5,3,0,1,65734120,53761240,1541
275,1,3,7,0,11,250,TRAINING,7,7,0,2,65732140,53764210,1538
275,1,3,7,0,11,251,TRAINING,2,4,1,4,45732160,13764250,2177
275,1,3,7,0,11,252,TRAINING,3,6,0,3,41732560,12764350,1574
275,1,3,7,0,11,253,TRAINING,0,0,1,7,47132560,17264350,1941
275,1,3,7,0,11,254,TRAINING,2,4,1,4,45132760,13264750,1734
275,1,3,7,0,11,255,TRAINING,3,6,0,3,41532760,12364750,1589
275,1,3,7,0,11,256,TRAINING,7,7,0,5,41532706,12364705,1541
275,1,3,7,0,11,257,TEST,6,5,0,1,false,1503
275,1,3,7,0,11,258,TEST,7,7,0,0,true,517
275,1,3,7,0,11,259,TEST,2,4,1,0,false,1416
275,1,3,7,0,11,260,TEST,0,0,1,1,true,478
275,1,3,7,0,11,261,TEST,5,3,0,0,true,2014
275,1,3,7,0,11,262,TEST,1,2,1,1,true,598
275,1,3,7,0,11,263,TEST,3,6,0,1,false,453
275,1,3,7,0,11,264,TEST,4,1,1,0,false,589
275,1,3,7,0,12,265,TRAINING,3,6,0,2,20376154,40675231,3333
275,1,3,7,0,12,266,TRAINING,7,7,0,3,60372154,50674231,2045
275,1,3,7,0,12,267,TRAINING,6,5,0,0,60372451,50674132,1952
275,1,3,7,0,12,268,TRAINING,5,3,0,6,60371452,50672134,1714
275,1,3,7,0,12,269,TRAINING,0,0,1,1,60372451,50674132,3112
275,1,3,7,0,12,270,TRAINING,4,1,1,5,10372456,20674135,2162
275,1,3,7,0,12,271,TRAINING,5,3,0,6,10273456,20476135,8151
275,1,3,7,0,12,272,TRAINING,0,0,1,1,10276453,20475136,6006
275,1,3,7,0,12,273,TRAINING,2,4,1,2,10273456,20476135,1826
275,1,3,7,0,12,274,TRAINING,4,1,1,5,10276453,20475136,1377
275,1,3,7,0,12,275,TRAINING,7,7,0,3,15276403,23475106,1573
275,1,3,7,0,12,276,TRAINING,6,5,0,4,10276453,20475136,1656
275,1,3,7,0,12,277,TRAINING,2,4,1,2,30276451,60475132,2092
275,1,3,7,0,12,278,TRAINING,1,2,1,7,35276401,63475102,1684
275,1,3,7,0,12,279,TRAINING,1,2,1,7,05276431,03475162,1624
275,1,3,7,0,12,280,TRAINING,3,6,0,6,06275431,05473162,1623
275,1,3,7,0,12,281,TEST,7,7,0,1,false,1384
275,1,3,7,0,12,282,TEST,0,0,1,0,false,468
275,1,3,7,0,12,283,TEST,6,5,0,1,false,2349
275,1,3,7,0,12,284,TEST,2,4,1,1,true,993
275,1,3,7,0,12,285,TEST,3,6,0,0,true,715
275,1,3,7,0,12,286,TEST,4,1,1,0,false,682
275,1,3,7,0,12,287,TEST,5,3,0,1,false,663
275,1,3,7,0,12,288,TEST,1,2,1,0,false,758
275,1,3,7,0,13,289,TRAINING,7,7,0,2,15760432,23750164,8626
275,1,3,7,0,13,290,TRAINING,3,6,0,6,45760132,13750264,2028
275,1,3,7,0,13,291,TRAINING,6,5,0,7,45720136,13740265,2185
275,1,3,7,0,13,292,TRAINING,2,4,1,3,40725136,10743265,1754
275,1,3,7,0,13,293,TRAINING,1,2,1,5,43725106,16743205,11866
275,1,3,7,0,13,294,TRAINING,0,0,1,6,73425106,76143205,2623
275,1,3,7,0,13,295,TRAINING,5,3,0,7,73426105,76145203,1602
275,1,3,7,0,13,296,TRAINING,6,5,0,4,73416205,76125403,1649
275,1,3,7,0,13,297,TRAINING,0,0,1,1,70416235,70125463,1695
275,1,3,7,0,13,298,TRAINING,4,1,1,3,70146235,70215463,2525
275,1,3,7,0,13,299,TRAINING,7,7,0,0,70146325,70215643,2109
275,1,3,7,0,13,300,TRAINING,4,1,1,3,70641325,70512643,1846
275,1,3,7,0,13,301,TRAINING,3,6,0,5,71640325,72510643,2601
275,1,3,7,0,13,302,TRAINING,1,2,1,1,71640352,72510634,1948
275,1,3,7,0,13,303,TRAINING,2,4,1,6,71640325,72510643,8573
275,1,3,7,0,13,304,TRAINING,5,3,0,4,71645320,72513640,1733
275,1,3,7,0,13,305,TEST,3,6,0,0,true,1671
275,1,3,7,0,13,306,TEST,5,3,0,0,true,2250
275,1,3,7,0,13,307,TEST,4,1,1,1,true,710
275,1,3,7,0,13,308,TEST,6,5,0,1,false,1052
275,1,3,7,0,13,309,TEST,1,2,1,0,false,1225
275,1,3,7,0,13,310,TEST,7,7,0,1,false,833
275,1,3,7,0,13,311,TEST,0,0,1,1,true,894
275,1,3,7,0,13,312,TEST,2,4,1,1,true,828
275,1,3,7,0,14,313,TRAINING,6,5,0,2,07654321,07531642,20315
275,1,3,7,0,14,314,TRAINING,5,3,0,3,37654021,67531042,7339
275,1,3,7,0,14,315,TRAINING,1,2,1,7,34657021,61537042,1846
275,1,3,7,0,14,316,TRAINING,3,6,0,0,34650721,61530742,1953
275,1,3,7,0,14,317,TRAINING,2,4,1,6,34560721,61350742,6052
275,1,3,7,0,14,318,TRAINING,5,3,0,2,34561720,61352740,2057
275,1,3,7,0,14,319,TRAINING,7,7,0,5,34516720,61325740,1982
275,1,3,7,0,14,320,TRAINING,2,4,1,7,34516702,61325704,9788
275,1,3,7,0,14,321,TRAINING,0,0,1,6,35416702,63125704,1560
275,1,3,7,0,14,322,TRAINING,1,2,1,3,45316702,13625704,1842
275,1,3,7,0,14,323,TRAINING,6,5,0,4,54316702,31625704,2623
275,1,3,7,0,14,324,TRAINING,4,1,1,7,52316704,34625701,1970
275,1,3,7,0,14,325,TRAINING,4,1,1,7,57316204,37625401,1709
275,1,3,7,0,14,326,TRAINING,7,7,0,1,57306214,37605421,1864
275,1,3,7,0,14,327,TRAINING,0,0,1,3,57603214,37506421,1683
275,1,3,7,0,14,328,TRAINING,3,6,0,4,67503214,57306421,2386
275,1,3,7,0,14,329,TEST,5,3,0,0,true,3325
275,1,3,7,0,14,330,TEST,4,1,1,0,false,2035
275,1,3,7,0,14,331,TEST,3,6,0,1,false,1973
275,1,3,7,0,14,332,TEST,7,7,0,1,false,1115
275,1,3,7,0,14,333,TEST,2,4,1,0,false,1377
275,1,3,7,0,14,334,TEST,6,5,0,1,false,777
275,1,3,7,0,14,335,TEST,0,0,1,1,true,1354
275,1,3,7,0,14,336,TEST,1,2,1,0,false,741
275,1,3,7,0,15,337,TRAINING,7,7,0,3,12675430,24573160,2405
275,1,3,7,0,15,338,TRAINING,4,1,1,7,12675034,24573061,2120
275,1,3,7,0,15,339,TRAINING,6,5,0,2,10675234,20573461,1731
275,1,3,7,0,15,340,TRAINING,5,3,0,4,10675324,20573641,2423
275,1,3,7,0,15,341,TRAINING,3,6,0,5,10675342,20573614,6349
275,1,3,7,0,15,342,TRAINING,4,1,1,6,10625347,20543617,2129
275,1,3,7,0,15,343,TRAINING,5,3,0,4,17625340,27543610,2249
275,1,3,7,0,15,344,TRAINING,3,6,0,5,17265340,27453610,1832
275,1,3,7,0,15,345,TRAINING,1,2,1,1,71265340,72453610,12969
275,1,3,7,0,15,346,TRAINING,6,5,0,3,51267340,32457610,3120
275,1,3,7,0,15,347,TRAINING,2,4,1,2,51264370,32451670,4677
275,1,3,7,0,15,348,TRAINING,1,2,1,1,51263470,32456170,1957
275,1,3,7,0,15,349,TRAINING,0,0,1,7,51236470,32465170,2656
275,1,3,7,0,15,350,TRAINING,7,7,0,6,51234670,32461570,1656
275,1,3,7,0,15,351,TRAINING,2,4,1,2,51264370,32451670,1668
275,1,3,7,0,15,352,TRAINING,0,0,1,3,51204376,32401675,2322
275,1,3,7,0,15,353,TEST,3,6,0,0,true,2161
275,1,3,7,0,15,354,TEST,6,5,0,0,true,1566
275,1,3,7,0,15,355,TEST,7,7,0,0,true,4786
275,1,3,7,0,15,356,TEST,4,1,1,1,true,3147
275,1,3,7,0,15,357,TEST,5,3,0,1,false,540
275,1,3,7,0,15,358,TEST,0,0,1,1,true,498
275,1,3,7,0,15,359,TEST,2,4,1,0,false,1233
275,1,3,7,0,15,360,TEST,1,2,1,1,true,652
275,1,3,7,0,16,361,TRAINING,5,3,0,0,51230674,32460571,2211
275,1,3,7,0,16,362,TRAINING,2,4,1,1,52130674,34260571,4872
275,1,3,7,0,16,363,TRAINING,6,5,0,5,52134670,34261570,1921
275,1,3,7,0,16,364,TRAINING,0,0,1,4,52130674,34260571,2936
275,1,3,7,0,16,365,TRAINING,4,1,1,7,52170634,34270561,1521
275,1,3,7,0,16,366,TRAINING,1,2,1,1,51270634,32470561,1670
275,1,3,7,0,16,367,TRAINING,0,0,1,5,51276034,32475061,1628
275,1,3,7,0,16,368,TRAINING,5,3,0,0,51273064,32476051,2724
275,1,3,7,0,16,369,TRAINING,2,4,1,2,51274063,32471056,1708
275,1,3,7,0,16,370,TRAINING,1,2,1,1,51234067,32461057,1859
275,1,3,7,0,16,371,TRAINING,3,6,0,4,51243067,32416057,1815
275,1,3,7,0,16,372,TRAINING,4,1,1,5,51203467,32406157,3733
275,1,3,7,0,16,373,TRAINING,3,6,0,4,51023467,32046157,1810
275,1,3,7,0,16,374,TRAINING,7,7,0,7,50123467,30246157,1567
275,1,3,7,0,16,375,TRAINING,7,7,0,7,51023467,32046157,2438
275,1,3,7,0,16,376,TRAINING,6,5,0,2,51623407,32546107,1460
275,1,3,7,0,16,377,TEST,4,1,1,1,true,2395
275,1,3,7,0,16,378,TEST,5,3,0,0,true,1726
275,1,3,7,0,16,379,TEST,1,2,1,1,true,499
275,1,3,7,0,16,380,TEST,3,6,0,0,true,3123
275,1,3,7,0,16,381,TEST,6,5,0,0,true,1672
275,1,3,7,0,16,382,TEST,0,0,1,1,true,912
275,1,3,7,0,16,383,TEST,7,7,0,0,true,1971
275,1,3,7,0,16,384,TEST,2,4,1,1,true,632
275,1,3,7,0,17,385,TRAINING,0,0,1,4,42530167,14360257,2106
275,1,3,7,0,17,386,TRAINING,5,3,0,2,41530267,12360457,2378
275,1,3,7,0,17,387,TRAINING,5,3,0,2,41530627,12360547,2457
275,1,3,7,0,17,388,TRAINING,2,4,1,6,40531627,10362547,2168
275,1,3,7,0,17,389,TRAINING,0,0,1,4,41530627,12360547,1734
275,1,3,7,0,17,390,TRAINING,7,7,0,7,46530127,15360247,1952
275,1,3,7,0,17,391,TRAINING,6,5,0,1,16530427,25360147,1752
275,1,3,7,0,17,392,TRAINING,3,6,0,4,16503427,25306147,1715
275,1,3,7,0,17,393,TRAINING,1,2,1,2,56103427,35206147,2105
275,1,3,7,0,17,394,TRAINING,2,4,1,6,50163427,30256147,1787
275,1,3,7,0,17,395,TRAINING,3,6,0,4,50173426,30276145,4175
275,1,3,7,0,17,396,TRAINING,4,1,1,5,50713426,30726145,1555
275,1,3,7,0,17,397,TRAINING,4,1,1,5,70513426,70326145,1690
275,1,3,7,0,17,398,TRAINING,1,2,1,3,07513426,07326145,2190
275,1,3,7,0,17,399,TRAINING,7,7,0,1,37510426,67320145,2029
275,1,3,7,0,17,400,TRAINING,6,5,0,7,47510326,17320645,2357
275,1,3,7,0,17,401,TEST,2,4,1,0,false,2773
275,1,3,7,0,17,402,TEST,3,6,0,0,true,3549
275,1,3,7,0,17,403,TEST,4,1,1,1,true,915
275,1,3,7,0,17,404,TEST,7,7,0,1,false,2265
275,1,3,7,0,17,405,TEST,0,0,1,1,true,667
275,1,3,7,0,17,406,TEST,6,5,0,0,true,575
275,1,3,7,0,17,407,TEST,5,3,0,0,true,785
275,1,3,7,0,17,408,TEST,1,2,1,1,true,955
275,1,3,7,0,18,409,TRAINING,6,5,0,1,16237054,25467031,3673
275,1,3,7,0,18,410,TRAINING,2,4,1,2,16247053,25417036,1608
275,1,3,7,0,18,411,TRAINING,0,0,1,4,16240753,25410736,1915
275,1,3,7,0,18,412,TRAINING,5,3,0,0,56240713,35410726,2073
275,1,3,7,0,18,413,TRAINING,1,2,1,6,53240716,36410725,6004
275,1,3,7,0,18,414,TRAINING,7,7,0,5,53204716,36401725,1316
275,1,3,7,0,18,415,TRAINING,3,6,0,1,63204715,56401723,3832
275,1,3,7,0,18,416,TRAINING,6,5,0,2,23604715,46501723,2264
275,1,3,7,0,18,417,TRAINING,1,2,1,6,73604215,76501423,6423
275,1,3,7,0,18,418,TRAINING,3,6,0,1,43607215,16507423,1953
275,1,3,7,0,18,419,TRAINING,2,4,1,0,23607415,46507123,2352
275,1,3,7,0,18,420,TRAINING,5,3,0,7,23617405,46527103,2315
275,1,3,7,0,18,421,TRAINING,7,7,0,4,24617305,41527603,2108
275,1,3,7,0,18,422,TRAINING,4,1,1,1,24167305,41257603,1384
275,1,3,7,0,18,423,TRAINING,0,0,1,6,24157306,41237605,1415
275,1,3,7,0,18,424,TRAINING,4,1,1,1,74152306,71234605,1494
275,1,3,7,0,18,425,TEST,6,5,0,1,false,747
275,1,3,7,0,18,426,TEST,4,1,1,0,false,588
275,1,3,7,0,18,427,TEST,7,7,0,0,true,484
275,1,3,7,0,18,428,TEST,5,3,0,0,true,477
275,1,3,7,0,18,429,TEST,3,6,0,0,true,406
275,1,3,7,0,18,430,TEST,2,4,1,1,true,389
275,1,3,7,0,18,431,TEST,0,0,1,0,false,711
275,1,3,7,0,18,432,TEST,1,2,1,1,true,297
275,1,3,7,0,19,433,TRAINING,4,1,1,3,32145067,64213057,1328
275,1,3,7,0,19,434,TRAINING,7,7,0,2,32745061,64713052,4642
275,1,3,7,0,19,435,TRAINING,7,7,0,2,30745261,60713452,2265
275,1,3,7,0,19,436,TRAINING,0,0,1,4,35740261,63710452,1829
275,1,3,7,0,19,437,TRAINING,6,5,0,6,35710264,63720451,2152
275,1,3,7,0,19,438,TRAINING,2,4,1,5,37510264,67320451,5196
275,1,3,7,0,19,439,TRAINING,1,2,1,3,37410265,67120453,1916
275,1,3,7,0,19,440,TRAINING,3,6,0,0,37510264,67320451,1843
275,1,3,7,0,19,441,TRAINING,4,1,1,7,37015264,67023451,3862
275,1,3,7,0,19,442,TRAINING,5,3,0,4,32015764,64023751,1995
275,1,3,7,0,19,443,TRAINING,2,4,1,1,12035764,24063751,4052
275,1,3,7,0,19,444,TRAINING,6,5,0,6,42035761,14063752,3524
275,1,3,7,0,19,445,TRAINING,0,0,1,2,42075361,14073652,1905
275,1,3,7,0,19,446,TRAINING,5,3,0,4,43075261,16073452,2054
275,1,3,7,0,19,447,TRAINING,3,6,0,1,23075461,46073152,3389
275,1,3,7,0,19,448,TRAINING,1,2,1,3,23015467,46023157,1804
275,1,3,7,0,19,449,TEST,3,6,0,0,true,1230
275,1,3,7,0,19,450,TEST,2,4,1,1,true,2474
275,1,3,7,0,19,451,TEST,0,0,1,1,true,1025
275,1,3,7,0,19,452,TEST,6,5,0,0,true,660
275,1,3,7,0,19,453,TEST,5,3,0,1,false,988
275,1,3,7,0,19,454,TEST,7,7,0,0,true,636
275,1,3,7,0,19,455,TEST,1,2,1,1,true,740
275,1,3,7,0,19,456,TEST,4,1,1,1,true,829
275,1,3,7,0,INSTRUCT,postquestionnaire,0

rulestrategy:I tried to put them in categories but it didn't work. So I had to learn them individually sort of. I still clumped the lined ones together but then distinguished the exceptions and used initials for lined, smooth/rough and yellow/white for them and used my left hand for A and rt hand for B. Keeping track of the exceptions that way. That was still really hard and I thought it was a fluke the first time I got 100% but then I did it again so maybe not. I did take a break in the middle to think about how to do it and that did help a lot. 
howtoimprove:Well it depends on how you mean improve.. it would make it easier to not move them around. I would have been done earlier if you had done that..lol.. I really do not have any comment except it was quite hard for me and that is not usual. 
engagement:10
difficulty:8
physicalaids:no