276,0,4,9,8,INSTRUCT,instruct1,8298
276,0,4,9,8,INSTRUCT,instructCatExample,9758
276,0,4,9,8,INSTRUCT,instructCatColor,3693
276,0,4,9,8,INSTRUCT,instructCatStripe,3014
276,0,4,9,8,INSTRUCT,instructDemoIntro,5416
276,0,4,9,8,INSTRUCT,instructDemo,11428
276,0,4,9,8,INSTRUCT,instructTest,8686
276,0,4,9,8,INSTRUCT,instructTest2,8613
276,0,4,9,8,INSTRUCT,instructDimColor,5319
276,0,4,9,8,INSTRUCT,instructDimBorder,3246
276,0,4,9,8,INSTRUCT,instructDimDots,2719
276,0,4,9,8,INSTRUCT,instructDimStripe,2855
276,0,4,9,8,INSTRUCT,instructDimAll,1903
276,0,4,9,8,INSTRUCT,instructFinal,1774
276,0,4,9,8,1,1,TRAINING,7,15,1,0,74160253,f53d197b,1738
276,0,4,9,8,1,2,TRAINING,4,5,1,1,74150263,f53719db,1260
276,0,4,9,8,1,3,TRAINING,5,7,0,3,74150362,f5371bd9,1746
276,0,4,9,8,1,4,TRAINING,6,13,0,6,24150367,95371bdf,1251
276,0,4,9,8,1,5,TRAINING,0,1,1,4,27150364,9f371bd5,2450
276,0,4,9,8,1,6,TRAINING,4,5,1,7,17250364,3f971bd5,1274
276,0,4,9,8,1,7,TRAINING,3,11,0,5,15270364,379f1bd5,4331
276,0,4,9,8,1,8,TRAINING,2,9,1,2,15276304,379fdb15,2009
276,0,4,9,8,1,9,TRAINING,0,1,1,7,15276340,379fdb51,1427
276,0,4,9,8,1,10,TRAINING,2,9,1,2,16275340,3d9f7b51,2515
276,0,4,9,8,1,11,TRAINING,6,13,0,1,46275310,5d9f7b31,1074
276,0,4,9,8,1,12,TRAINING,7,15,1,0,76245310,fd957b31,1220
276,0,4,9,8,1,13,TRAINING,1,3,0,6,76542310,fd759b31,3225
276,0,4,9,8,1,14,TRAINING,3,11,0,5,76452310,fd579b31,980
276,0,4,9,8,1,15,TRAINING,7,15,1,0,76254310,fd975b31,1275
276,0,4,9,8,1,16,TRAINING,0,1,1,7,76452310,fd579b31,1076
276,0,4,9,8,1,17,TEST,3,11,0,0,true,1354
276,0,4,9,8,1,18,TEST,2,9,1,1,true,1324
276,0,4,9,8,1,19,TEST,0,1,1,0,false,866
276,0,4,9,8,1,20,TEST,4,5,1,1,true,602
276,0,4,9,8,1,21,TEST,7,15,1,0,false,722
276,0,4,9,8,1,22,TEST,1,3,0,1,false,395
276,0,4,9,8,1,23,TEST,5,7,0,0,true,451
276,0,4,9,8,1,24,TEST,6,13,0,1,false,369
276,0,4,9,8,2,25,TRAINING,0,1,1,0,01654327,13d75b9f,1847
276,0,4,9,8,2,26,TRAINING,2,9,1,6,06154327,1d375b9f,2010
276,0,4,9,8,2,27,TRAINING,4,5,1,4,01654327,13d75b9f,2019
276,0,4,9,8,2,28,TRAINING,6,13,0,2,31654027,b3d7519f,1939
276,0,4,9,8,2,29,TRAINING,3,11,0,0,35614027,b7d3519f,7012
276,0,4,9,8,2,30,TRAINING,1,3,0,3,35617024,b7d3f195,1307
276,0,4,9,8,2,31,TRAINING,5,7,0,1,35610724,b7d31f95,1211
276,0,4,9,8,2,32,TRAINING,7,15,1,5,35210764,b7931fd5,1099
276,0,4,9,8,2,33,TRAINING,0,1,1,4,25310764,97b31fd5,1290
276,0,4,9,8,2,34,TRAINING,4,5,1,7,15320764,37b91fd5,1428
276,0,4,9,8,2,35,TRAINING,1,3,0,0,16320754,3db91f75,4107
276,0,4,9,8,2,36,TRAINING,3,11,0,2,16350724,3db71f95,1698
276,0,4,9,8,2,37,TRAINING,6,13,0,1,16320754,3db91f75,1747
276,0,4,9,8,2,38,TRAINING,4,5,1,7,16325704,3db97f15,4899
276,0,4,9,8,2,39,TRAINING,6,13,0,1,16327504,3db9f715,1595
276,0,4,9,8,2,40,TRAINING,7,15,1,5,16325704,3db97f15,1323
276,0,4,9,8,2,41,TEST,3,11,0,0,true,787
276,0,4,9,8,2,42,TEST,4,5,1,0,false,228
276,0,4,9,8,2,43,TEST,0,1,1,0,false,315
276,0,4,9,8,2,44,TEST,1,3,0,0,true,220
276,0,4,9,8,2,45,TEST,6,13,0,0,true,322
276,0,4,9,8,2,46,TEST,7,15,1,0,false,370
276,0,4,9,8,2,47,TEST,2,9,1,0,false,372
276,0,4,9,8,2,48,TEST,5,7,0,0,true,338
276,0,4,9,8,3,49,TRAINING,2,9,1,0,20537416,917bf53d,3397
276,0,4,9,8,3,50,TRAINING,0,1,1,1,20437516,915bf73d,1449
276,0,4,9,8,3,51,TRAINING,6,13,0,2,20637514,91dbf735,3541
276,0,4,9,8,3,52,TRAINING,4,5,1,6,20637541,91dbf753,2097
276,0,4,9,8,3,53,TRAINING,1,3,0,0,10637542,31dbf759,5035
276,0,4,9,8,3,54,TRAINING,3,11,0,3,10736542,31fbd759,2939
276,0,4,9,8,3,55,TRAINING,2,9,1,7,10735642,31fb7d59,2715
276,0,4,9,8,3,56,TRAINING,6,13,0,5,10734652,31fb5d79,1563
276,0,4,9,8,3,57,TRAINING,4,5,1,4,50734612,71fb5d39,2202
276,0,4,9,8,3,58,TRAINING,6,13,0,5,05734612,17fb5d39,2051
276,0,4,9,8,3,59,TRAINING,1,3,0,6,50734612,71fb5d39,1730
276,0,4,9,8,3,60,TRAINING,3,11,0,0,30754612,b1f75d39,1683
276,0,4,9,8,3,61,TRAINING,7,15,1,4,30457612,b157fd39,1521
276,0,4,9,8,3,62,TRAINING,5,7,0,2,30547612,b175fd39,1169
276,0,4,9,8,3,63,TRAINING,7,15,1,4,40537612,517bfd39,1123
276,0,4,9,8,3,64,TRAINING,2,9,1,0,20537614,917bfd35,1716
276,0,4,9,8,3,65,TEST,3,11,0,0,true,881
276,0,4,9,8,3,66,TEST,6,13,0,0,true,330
276,0,4,9,8,3,67,TEST,5,7,0,0,true,243
276,0,4,9,8,3,68,TEST,1,3,0,0,true,370
276,0,4,9,8,3,69,TEST,2,9,1,0,false,386
276,0,4,9,8,3,70,TEST,4,5,1,0,false,290
276,0,4,9,8,3,71,TEST,7,15,1,0,false,395
276,0,4,9,8,3,72,TEST,0,1,1,0,false,795
276,0,4,9,8,4,73,TRAINING,0,1,1,0,02157436,1937f5bd,4908
276,0,4,9,8,4,74,TRAINING,2,9,1,1,02157463,1937f5db,1018
276,0,4,9,8,4,75,TRAINING,1,3,0,2,02154763,19375fdb,3843
276,0,4,9,8,4,76,TRAINING,3,11,0,7,52104763,79315fdb,1252
276,0,4,9,8,4,77,TRAINING,4,5,1,4,52164703,793d5f1b,4498
276,0,4,9,8,4,78,TRAINING,6,13,0,3,51264703,739d5f1b,1260
276,0,4,9,8,4,79,TRAINING,7,15,1,5,15264703,379d5f1b,1690
276,0,4,9,8,4,80,TRAINING,5,7,0,1,45261703,579d3f1b,1027
276,0,4,9,8,4,81,TRAINING,7,15,1,5,25461703,975d3f1b,5860
276,0,4,9,8,4,82,TRAINING,6,13,0,6,25401763,97513fdb,1868
276,0,4,9,8,4,83,TRAINING,4,5,1,3,25041763,97153fdb,1282
276,0,4,9,8,4,84,TRAINING,5,7,0,1,25341760,97b53fd1,1059
276,0,4,9,8,4,85,TRAINING,7,15,1,5,35241760,b7953fd1,1595
276,0,4,9,8,4,86,TRAINING,6,13,0,6,35041762,b7153fd9,1723
276,0,4,9,8,4,87,TRAINING,4,5,1,3,05341762,17b53fd9,1611
276,0,4,9,8,4,88,TRAINING,5,7,0,1,35041762,b7153fd9,1283
276,0,4,9,8,4,89,TEST,6,13,0,1,false,9401
276,0,4,9,8,4,90,TEST,0,1,1,1,true,1705
276,0,4,9,8,4,91,TEST,3,11,0,0,true,1058
276,0,4,9,8,4,92,TEST,7,15,1,0,false,1298
276,0,4,9,8,4,93,TEST,4,5,1,0,false,3889
276,0,4,9,8,4,94,TEST,2,9,1,1,true,1371
276,0,4,9,8,4,95,TEST,5,7,0,1,false,2218
276,0,4,9,8,4,96,TEST,1,3,0,0,true,1315
276,0,4,9,8,5,97,TRAINING,0,1,1,1,10736254,31fbd975,2487
276,0,4,9,8,5,98,TRAINING,2,9,1,5,40736251,51fbd973,3340
276,0,4,9,8,5,99,TRAINING,1,3,0,6,40736215,51fbd937,1315
276,0,4,9,8,5,100,TRAINING,3,11,0,3,46730215,5dfb1937,1035
276,0,4,9,8,5,101,TRAINING,6,13,0,1,46037215,5d1bf937,26848
276,0,4,9,8,5,102,TRAINING,4,5,1,5,26037415,9d1bf537,1820
276,0,4,9,8,5,103,TRAINING,7,15,1,4,26137405,9d3bf517,1971
276,0,4,9,8,5,104,TRAINING,5,7,0,7,62137405,d93bf517,4098
276,0,4,9,8,5,105,TRAINING,2,9,1,1,02137465,193bf5d7,5883
276,0,4,9,8,5,106,TRAINING,0,1,1,0,02317465,19b3f5d7,1867
276,0,4,9,8,5,107,TRAINING,4,5,1,5,02137465,193bf5d7,1148
276,0,4,9,8,5,108,TRAINING,3,11,0,1,03127465,1b39f5d7,1778
276,0,4,9,8,5,109,TRAINING,1,3,0,2,63127405,db39f517,2595
276,0,4,9,8,5,110,TRAINING,7,15,1,0,73126405,fb39d517,1827
276,0,4,9,8,5,111,TRAINING,5,7,0,7,73162405,fb3d9517,2674
276,0,4,9,8,5,112,TRAINING,6,13,0,3,73062415,fb1d9537,916
276,0,4,9,8,5,113,TEST,0,1,1,1,true,2698
276,0,4,9,8,5,114,TEST,6,13,0,0,true,1644
276,0,4,9,8,5,115,TEST,3,11,0,0,true,4786
276,0,4,9,8,5,116,TEST,2,9,1,1,true,819
276,0,4,9,8,5,117,TEST,4,5,1,1,true,2041
276,0,4,9,8,5,118,TEST,5,7,0,0,true,1970
276,0,4,9,8,5,119,TEST,7,15,1,1,true,2459
276,0,4,9,8,5,120,TEST,1,3,0,0,true,3722
276,0,4,9,8,6,121,TRAINING,2,9,1,4,76542310,fd759b31,1566
276,0,4,9,8,6,122,TRAINING,0,1,1,6,76542301,fd759b13,1004
276,0,4,9,8,6,123,TRAINING,3,11,0,5,76512304,fd739b15,907
276,0,4,9,8,6,124,TRAINING,1,3,0,3,26517304,9d73fb15,765
276,0,4,9,8,6,125,TRAINING,7,15,1,1,27516304,9f73db15,2026
276,0,4,9,8,6,126,TRAINING,5,7,0,2,27510364,9f731bd5,2043
276,0,4,9,8,6,127,TRAINING,6,13,0,6,07512364,1f739bd5,1618
276,0,4,9,8,6,128,TRAINING,6,13,0,6,07512463,1f7395db,1635
276,0,4,9,8,6,129,TRAINING,4,5,1,2,07412563,1f5397db,1202
276,0,4,9,8,6,130,TRAINING,4,5,1,2,03412567,1b5397df,1228
276,0,4,9,8,6,131,TRAINING,4,5,1,2,03412657,1b539d7f,3603
276,0,4,9,8,6,132,TRAINING,3,11,0,1,03412756,1b539f7d,1626
276,0,4,9,8,6,133,TRAINING,2,9,1,0,23410756,9b531f7d,1036
276,0,4,9,8,6,134,TRAINING,6,13,0,4,23416750,9b53df71,1643
276,0,4,9,8,6,135,TRAINING,3,11,0,5,27416350,9f53db71,1364
276,0,4,9,8,6,136,TRAINING,3,11,0,5,07416352,1f53db79,2162
276,0,4,9,8,6,137,TEST,3,11,0,0,true,3906
276,0,4,9,8,6,138,TEST,6,13,0,0,true,1698
276,0,4,9,8,6,139,TEST,5,7,0,0,true,2132
276,0,4,9,8,6,140,TEST,4,5,1,1,true,2226
276,0,4,9,8,6,141,TEST,7,15,1,1,true,2891
276,0,4,9,8,6,142,TEST,1,3,0,0,true,3145
276,0,4,9,8,6,143,TEST,0,1,1,1,true,723
276,0,4,9,8,6,144,TEST,2,9,1,1,true,2243
276,0,4,9,8,INSTRUCT,postquestionnaire,1

rulestrategy:I organized the blocks as follows: smooth, dotted, smooth w/line and dotted w/line.  I tried to memorize them and then gave up and took notes on paper.
howtoimprove:
engagement:10
difficulty:8
physicalaids:yes