277,0,5,8,0,INSTRUCT,instruct1,39419
277,0,5,8,0,INSTRUCT,instructCatExample,50588
277,0,5,8,0,INSTRUCT,instructCatColor,14181
277,0,5,8,0,INSTRUCT,instructCatStripe,17769
277,0,5,8,0,INSTRUCT,instructDemoIntro,2238
277,0,5,8,0,INSTRUCT,instructDemo,121438
277,0,5,8,0,INSTRUCT,instructTest,57454
277,0,5,8,0,INSTRUCT,instructTest2,59573
277,0,5,8,0,INSTRUCT,instructDimColor,23398
277,0,5,8,0,INSTRUCT,instructDimBorder,5294
277,0,5,8,0,INSTRUCT,instructDimDots,7406
277,0,5,8,0,INSTRUCT,instructDimStripe,4142
277,0,5,8,0,INSTRUCT,instructDimAll,9102
277,0,5,8,0,INSTRUCT,instructFinal,15389
277,0,5,8,0,1,1,TRAINING,0,0,1,2,21073645,180d954c,6972
277,0,5,8,0,1,2,TRAINING,1,8,0,6,24073615,140d958c,4325
277,0,5,8,0,1,3,TRAINING,7,13,0,3,24076315,140d598c,12767
277,0,5,8,0,1,4,TRAINING,3,9,1,5,24576310,14cd5980,12003
277,0,5,8,0,1,5,TRAINING,2,1,0,6,14576320,84cd5910,37728
277,0,5,8,0,1,6,TRAINING,3,9,1,5,14567320,84c5d910,1353
277,0,5,8,0,1,7,TRAINING,0,0,1,7,64517320,54c8d910,3412
277,0,5,8,0,1,8,TRAINING,4,4,0,0,46517320,45c8d910,11088
277,0,5,8,0,1,9,TRAINING,6,5,1,1,46571320,45cd8910,1067
277,0,5,8,0,1,10,TRAINING,1,8,0,2,46175320,458dc910,8716
277,0,5,8,0,1,11,TRAINING,0,0,1,7,46125370,4581c9d0,1011
277,0,5,8,0,1,12,TRAINING,7,13,0,6,46135270,4589c1d0,5744
277,0,5,8,0,1,13,TRAINING,6,5,1,3,43165270,4985c1d0,1953
277,0,5,8,0,1,14,TRAINING,4,4,0,2,13465270,8945c1d0,33709
277,0,5,8,0,1,15,TRAINING,7,13,0,0,73465210,d945c180,3802
277,0,5,8,0,1,16,TRAINING,5,12,1,4,73405216,d940c185,3408
277,0,5,8,0,1,17,TEST,6,5,1,1,true,6831
277,0,5,8,0,1,18,TEST,2,1,0,0,true,2887
277,0,5,8,0,1,19,TEST,1,8,0,0,true,1031
277,0,5,8,0,1,20,TEST,5,12,1,1,true,973
277,0,5,8,0,1,21,TEST,4,4,0,0,true,3947
277,0,5,8,0,1,22,TEST,0,0,1,0,false,2055
277,0,5,8,0,1,23,TEST,3,9,1,0,false,5072
277,0,5,8,0,1,24,TEST,7,13,0,1,false,1845
277,0,5,8,0,2,25,TRAINING,7,13,0,5,43620751,49510dc8,33468
277,0,5,8,0,2,26,TRAINING,5,12,1,6,42630751,41590dc8,1445
277,0,5,8,0,2,27,TRAINING,6,5,1,2,02634751,01594dc8,1680
277,0,5,8,0,2,28,TRAINING,0,0,1,0,02643751,01549dc8,42392
277,0,5,8,0,2,29,TRAINING,1,8,0,7,02645731,0154cd98,4351
277,0,5,8,0,2,30,TRAINING,5,12,1,4,02675431,015dc498,27927
277,0,5,8,0,2,31,TRAINING,6,5,1,1,06275431,051dc498,6012
277,0,5,8,0,2,32,TRAINING,4,4,0,5,06725431,05d1c498,3626
277,0,5,8,0,2,33,TRAINING,0,0,1,6,36725401,95d1c408,1692
277,0,5,8,0,2,34,TRAINING,1,8,0,7,35726401,9cd15408,1459
277,0,5,8,0,2,35,TRAINING,6,5,1,4,45726301,4cd15908,9595
277,0,5,8,0,2,36,TRAINING,7,13,0,3,45276301,4c1d5908,2238
277,0,5,8,0,2,37,TRAINING,0,0,1,2,45076321,4c0d5918,17428
277,0,5,8,0,2,38,TRAINING,4,4,0,6,25076341,1c0d5948,2701
277,0,5,8,0,2,39,TRAINING,6,5,1,4,27056341,1d0c5948,1183
277,0,5,8,0,2,40,TRAINING,7,13,0,1,57026341,cd015948,1134
277,0,5,8,0,2,41,TEST,3,9,1,0,false,4317
277,0,5,8,0,2,42,TEST,4,4,0,0,true,1785
277,0,5,8,0,2,43,TEST,1,8,0,1,false,1195
277,0,5,8,0,2,44,TEST,6,5,1,1,true,1059
277,0,5,8,0,2,45,TEST,0,0,1,0,false,1667
277,0,5,8,0,2,46,TEST,2,1,0,1,false,2880
277,0,5,8,0,2,47,TEST,7,13,0,1,false,1780
277,0,5,8,0,2,48,TEST,5,12,1,0,false,1193
277,0,5,8,0,3,49,TRAINING,0,0,1,5,41265037,4815c09d,5721
277,0,5,8,0,3,50,TRAINING,1,8,0,1,41265073,4815c0d9,2641
277,0,5,8,0,3,51,TRAINING,5,12,1,6,41267053,4815d0c9,2588
277,0,5,8,0,3,52,TRAINING,2,1,0,5,41067253,4805d1c9,2999
277,0,5,8,0,3,53,TRAINING,3,9,1,2,41367250,4895d1c0,2730
277,0,5,8,0,3,54,TRAINING,5,12,1,4,41365270,4895c1d0,6747
277,0,5,8,0,3,55,TRAINING,7,13,0,6,01365274,0895c1d4,3054
277,0,5,8,0,3,56,TRAINING,6,5,1,3,04365271,0495c1d8,1514
277,0,5,8,0,3,57,TRAINING,4,4,0,1,04165273,0485c1d9,1217
277,0,5,8,0,3,58,TRAINING,2,1,0,4,04162573,04851cd9,1250
277,0,5,8,0,3,59,TRAINING,3,9,1,0,34162570,94851cd0,1991
277,0,5,8,0,3,60,TRAINING,1,8,0,2,35162470,9c8514d0,959
277,0,5,8,0,3,61,TRAINING,7,13,0,7,35162407,9c85140d,1523
277,0,5,8,0,3,62,TRAINING,3,9,1,0,32165407,9185c40d,2741
277,0,5,8,0,3,63,TRAINING,6,5,1,4,32156407,918c540d,1513
277,0,5,8,0,3,64,TRAINING,5,12,1,3,32156704,918c5d04,2428
277,0,5,8,0,3,65,TEST,0,0,1,0,false,9495
277,0,5,8,0,3,66,TEST,4,4,0,1,false,4985
277,0,5,8,0,3,67,TEST,1,8,0,0,true,2328
277,0,5,8,0,3,68,TEST,3,9,1,1,true,1495
277,0,5,8,0,3,69,TEST,2,1,0,0,true,1519
277,0,5,8,0,3,70,TEST,6,5,1,0,false,2425
277,0,5,8,0,3,71,TEST,7,13,0,1,false,865
277,0,5,8,0,3,72,TEST,5,12,1,0,false,829
277,0,5,8,0,4,73,TRAINING,7,13,0,1,17604235,8d50419c,4292
277,0,5,8,0,4,74,TRAINING,6,5,1,2,17604325,8d50491c,1695
277,0,5,8,0,4,75,TRAINING,3,9,1,5,17605324,8d50c914,1686
277,0,5,8,0,4,76,TRAINING,2,1,0,6,14605327,8450c91d,4959
277,0,5,8,0,4,77,TRAINING,7,13,0,7,41605327,4850c91d,4537
277,0,5,8,0,4,78,TRAINING,6,5,1,2,14605327,8450c91d,1359
277,0,5,8,0,4,79,TRAINING,4,4,0,6,12605347,8150c94d,1245
277,0,5,8,0,4,80,TRAINING,3,9,1,4,12603547,81509c4d,4533
277,0,5,8,0,4,81,TRAINING,7,13,0,2,12703546,81d09c45,1239
277,0,5,8,0,4,82,TRAINING,1,8,0,0,12763540,81d59c40,1629
277,0,5,8,0,4,83,TRAINING,5,12,1,5,13762540,89d51c40,1276
277,0,5,8,0,4,84,TRAINING,7,13,0,2,12763540,81d59c40,980
277,0,5,8,0,4,85,TRAINING,1,8,0,0,12764530,81d54c90,1447
277,0,5,8,0,4,86,TRAINING,5,12,1,6,12764350,81d549c0,1306
277,0,5,8,0,4,87,TRAINING,3,9,1,3,12734650,81d945c0,7845
277,0,5,8,0,4,88,TRAINING,2,1,0,1,02734651,01d945c8,1440
277,0,5,8,0,4,89,TEST,4,4,0,1,false,8134
277,0,5,8,0,4,90,TEST,7,13,0,0,true,2136
277,0,5,8,0,4,91,TEST,2,1,0,1,false,4838
277,0,5,8,0,4,92,TEST,5,12,1,0,false,1872
277,0,5,8,0,4,93,TEST,0,0,1,0,false,5416
277,0,5,8,0,4,94,TEST,6,5,1,0,false,2240
277,0,5,8,0,4,95,TEST,1,8,0,1,false,1068
277,0,5,8,0,4,96,TEST,3,9,1,0,false,1132
277,0,5,8,0,5,97,TRAINING,1,8,0,3,06712534,05d81c94,1896
277,0,5,8,0,5,98,TRAINING,5,12,1,5,04712536,04d81c95,1123
277,0,5,8,0,5,99,TRAINING,3,9,1,6,64712530,54d81c90,1192
277,0,5,8,0,5,100,TRAINING,1,8,0,1,61742530,58d41c90,2816
277,0,5,8,0,5,101,TRAINING,5,12,1,5,41762530,48d51c90,2183
277,0,5,8,0,5,102,TRAINING,7,13,0,2,41726530,48d15c90,1239
277,0,5,8,0,5,103,TRAINING,7,13,0,2,41720536,48d10c95,2720
277,0,5,8,0,5,104,TRAINING,1,8,0,1,21740536,18d40c95,3400
277,0,5,8,0,5,105,TRAINING,7,13,0,2,21745036,18d4c095,2197
277,0,5,8,0,5,106,TRAINING,1,8,0,1,31745026,98d4c015,1166
277,0,5,8,0,5,107,TRAINING,7,13,0,2,31754026,98dc4015,1225
277,0,5,8,0,5,108,TRAINING,7,13,0,2,61754023,58dc4019,989
277,0,5,8,0,5,109,TRAINING,7,13,0,2,63754021,59dc4018,1013
277,0,5,8,0,5,110,TRAINING,7,13,0,2,53764021,c9d54018,1106
277,0,5,8,0,5,111,TRAINING,7,13,0,2,43765021,49d5c018,1060
277,0,5,8,0,5,112,TRAINING,7,13,0,2,43765120,49d5c810,1172
277,0,5,8,0,5,113,TEST,0,0,1,1,true,3102
277,0,5,8,0,5,114,TEST,6,5,1,1,true,2672
277,0,5,8,0,5,115,TEST,4,4,0,1,false,8181
277,0,5,8,0,5,116,TEST,2,1,0,0,true,8016
277,0,5,8,0,5,117,TEST,1,8,0,0,true,826
277,0,5,8,0,5,118,TEST,7,13,0,0,true,825
277,0,5,8,0,5,119,TEST,3,9,1,1,true,1336
277,0,5,8,0,5,120,TEST,5,12,1,1,true,1319
277,0,5,8,0,6,121,TRAINING,1,8,0,6,75432610,dc491580,16097
277,0,5,8,0,6,122,TRAINING,5,12,1,1,35472610,9c4d1580,1079
277,0,5,8,0,6,123,TRAINING,3,9,1,0,35274610,9c1d4580,3255
277,0,5,8,0,6,124,TRAINING,7,13,0,3,35174620,9c8d4510,1081
277,0,5,8,0,6,125,TRAINING,0,0,1,6,35174602,9c8d4501,3555
277,0,5,8,0,6,126,TRAINING,3,9,1,5,65174302,5c8d4901,3340
277,0,5,8,0,6,127,TRAINING,7,13,0,2,65714302,5cd84901,2809
277,0,5,8,0,6,128,TRAINING,5,12,1,1,25714306,1cd84905,1186
277,0,5,8,0,6,129,TRAINING,1,8,0,3,35714206,9cd84105,1011
277,0,5,8,0,6,130,TRAINING,7,13,0,2,35714602,9cd84501,1006
277,0,5,8,0,6,131,TRAINING,1,8,0,3,35714206,9cd84105,1292
277,0,5,8,0,6,132,TRAINING,7,13,0,2,65714203,5cd84109,1061
277,0,5,8,0,6,133,TRAINING,7,13,0,2,65713204,5cd89104,980
277,0,5,8,0,6,134,TRAINING,7,13,0,2,65713024,5cd89014,968
277,0,5,8,0,6,135,TRAINING,7,13,0,2,05713624,0cd89514,1028
277,0,5,8,0,6,136,TRAINING,7,13,0,2,45713620,4cd89510,1046
277,0,5,8,0,6,137,TEST,6,5,1,1,true,4063
277,0,5,8,0,6,138,TEST,4,4,0,0,true,10022
277,0,5,8,0,6,139,TEST,3,9,1,1,true,3633
277,0,5,8,0,6,140,TEST,1,8,0,0,true,1254
277,0,5,8,0,6,141,TEST,7,13,0,0,true,692
277,0,5,8,0,6,142,TEST,5,12,1,1,true,877
277,0,5,8,0,6,143,TEST,0,0,1,1,true,1801
277,0,5,8,0,6,144,TEST,2,1,0,1,false,1083
277,0,5,8,0,7,145,TRAINING,1,8,0,4,35061274,9c0581d4,5879
277,0,5,8,0,7,146,TRAINING,7,13,0,6,35601274,9c5081d4,1977
277,0,5,8,0,7,147,TRAINING,3,9,1,0,32601574,91508cd4,1460
277,0,5,8,0,7,148,TRAINING,5,12,1,5,34601572,94508cd1,1020
277,0,5,8,0,7,149,TRAINING,4,4,0,1,34610572,94580cd1,1234
277,0,5,8,0,7,150,TRAINING,0,0,1,6,34617502,9458dc01,1654
277,0,5,8,0,7,151,TRAINING,2,1,0,7,34167502,9485dc01,3045
277,0,5,8,0,7,152,TRAINING,3,9,1,0,34157602,948cd501,1967
277,0,5,8,0,7,153,TRAINING,2,1,0,7,31457602,984cd501,917
277,0,5,8,0,7,154,TRAINING,2,1,0,7,31407652,9840d5c1,1730
277,0,5,8,0,7,155,TRAINING,3,9,1,5,61407352,5840d9c1,1711
277,0,5,8,0,7,156,TRAINING,7,13,0,4,16407352,8540d9c1,999
277,0,5,8,0,7,157,TRAINING,1,8,0,0,15407362,8c40d951,1560
277,0,5,8,0,7,158,TRAINING,5,12,1,1,15467302,8c45d901,1416
277,0,5,8,0,7,159,TRAINING,3,9,1,5,15764302,8cd54901,1209
277,0,5,8,0,7,160,TRAINING,0,0,1,6,15746302,8cd45901,1343
277,0,5,8,0,7,161,TEST,2,1,0,0,true,7847
277,0,5,8,0,7,162,TEST,6,5,1,1,true,1531
277,0,5,8,0,7,163,TEST,0,0,1,1,true,943
277,0,5,8,0,7,164,TEST,7,13,0,0,true,802
277,0,5,8,0,7,165,TEST,4,4,0,1,false,1320
277,0,5,8,0,7,166,TEST,3,9,1,1,true,2881
277,0,5,8,0,7,167,TEST,5,12,1,1,true,849
277,0,5,8,0,7,168,TEST,1,8,0,0,true,586
277,0,5,8,0,8,169,TRAINING,3,9,1,2,47305126,4d90c815,5626
277,0,5,8,0,8,170,TRAINING,2,1,0,6,40375126,409dc815,1150
277,0,5,8,0,8,171,TRAINING,7,13,0,3,50374126,c09d4815,989
277,0,5,8,0,8,172,TRAINING,6,5,1,7,50174326,c08d4915,1675
277,0,5,8,0,8,173,TRAINING,1,8,0,2,53174026,c98d4015,2084
277,0,5,8,0,8,174,TRAINING,2,1,0,3,53124076,c98140d5,1745
277,0,5,8,0,8,175,TRAINING,5,12,1,1,35124076,9c8140d5,1202
277,0,5,8,0,8,176,TRAINING,3,9,1,0,35126074,9c8150d4,1300
277,0,5,8,0,8,177,TRAINING,6,5,1,4,35146072,9c8450d1,1126
277,0,5,8,0,8,178,TRAINING,7,13,0,6,35126074,9c8150d4,1027
277,0,5,8,0,8,179,TRAINING,6,5,1,4,31526074,98c150d4,1230
277,0,5,8,0,8,180,TRAINING,7,13,0,6,34526071,94c150d8,1013
277,0,5,8,0,8,181,TRAINING,6,5,1,4,34526170,94c158d0,1918
277,0,5,8,0,8,182,TRAINING,7,13,0,6,31526470,98c154d0,2099
277,0,5,8,0,8,183,TRAINING,1,8,0,3,32516470,91c854d0,1943
277,0,5,8,0,8,184,TRAINING,5,12,1,2,62513470,51c894d0,1129
277,0,5,8,0,8,185,TEST,5,12,1,1,true,3313
277,0,5,8,0,8,186,TEST,3,9,1,1,true,1713
277,0,5,8,0,8,187,TEST,1,8,0,0,true,884
277,0,5,8,0,8,188,TEST,7,13,0,0,true,567
277,0,5,8,0,8,189,TEST,2,1,0,0,true,3442
277,0,5,8,0,8,190,TEST,6,5,1,0,false,2069
277,0,5,8,0,8,191,TEST,4,4,0,0,true,3812
277,0,5,8,0,8,192,TEST,0,0,1,1,true,2156
277,0,5,8,0,9,193,TRAINING,4,4,0,5,10573462,80cd9451,989
277,0,5,8,0,9,194,TRAINING,4,4,0,5,50173462,c08d9451,1025
277,0,5,8,0,9,195,TRAINING,4,4,0,5,10573462,80cd9451,1071
277,0,5,8,0,9,196,TRAINING,6,5,1,6,10523467,80c1945d,1045
277,0,5,8,0,9,197,TRAINING,6,5,1,6,30521467,90c1845d,1139
277,0,5,8,0,9,198,TRAINING,6,5,1,6,30527461,90c1d458,1150
277,0,5,8,0,9,199,TRAINING,6,5,1,6,32507461,91c0d458,999
277,0,5,8,0,9,200,TRAINING,6,5,1,6,32705461,91d0c458,1230
277,0,5,8,0,9,201,TRAINING,6,5,1,6,23705461,19d0c458,1184
277,0,5,8,0,9,202,TRAINING,6,5,1,6,21705463,18d0c459,967
277,0,5,8,0,9,203,TRAINING,6,5,1,6,01725463,08d1c459,960
277,0,5,8,0,9,204,TRAINING,6,5,1,6,71025463,d801c459,1088
277,0,5,8,0,9,205,TRAINING,6,5,1,6,71045263,d804c159,1091
277,0,5,8,0,9,206,TRAINING,6,5,1,6,31045267,9804c15d,1025
277,0,5,8,0,9,207,TRAINING,6,5,1,6,31745260,98d4c150,1090
277,0,5,8,0,9,208,TRAINING,6,5,1,6,13745260,89d4c150,953
277,0,5,8,0,9,209,TEST,7,13,0,0,true,1252
277,0,5,8,0,9,210,TEST,5,12,1,1,true,1438
277,0,5,8,0,9,211,TEST,1,8,0,0,true,675
277,0,5,8,0,9,212,TEST,2,1,0,0,true,3125
277,0,5,8,0,9,213,TEST,4,4,0,0,true,4274
277,0,5,8,0,9,214,TEST,3,9,1,1,true,2534
277,0,5,8,0,9,215,TEST,0,0,1,1,true,939
277,0,5,8,0,9,216,TEST,6,5,1,1,true,2599
277,0,5,8,0,10,217,TRAINING,7,13,0,6,52063174,c10598d4,1523
277,0,5,8,0,10,218,TRAINING,3,9,1,4,52463170,c14598d0,960
277,0,5,8,0,10,219,TRAINING,1,8,0,5,62453170,514c98d0,1689
277,0,5,8,0,10,220,TRAINING,4,4,0,6,62753140,51dc9840,1095
277,0,5,8,0,10,221,TRAINING,4,4,0,6,62703145,51d0984c,1160
277,0,5,8,0,10,222,TRAINING,4,4,0,6,72603145,d150984c,1115
277,0,5,8,0,10,223,TRAINING,4,4,0,6,32607145,9150d84c,1090
277,0,5,8,0,10,224,TRAINING,4,4,0,6,32067145,9105d84c,989
277,0,5,8,0,10,225,TRAINING,4,4,0,6,12067345,8105d94c,1127
277,0,5,8,0,10,226,TRAINING,4,4,0,6,21067345,1805d94c,931
277,0,5,8,0,10,227,TRAINING,4,4,0,6,21057346,180cd945,1083
277,0,5,8,0,10,228,TRAINING,4,4,0,6,51027346,c801d945,1045
277,0,5,8,0,10,229,TRAINING,4,4,0,6,51627340,c851d940,984
277,0,5,8,0,10,230,TRAINING,4,4,0,6,01627345,0851d94c,1139
277,0,5,8,0,10,231,TRAINING,4,4,0,6,01625347,0851c94d,1018
277,0,5,8,0,10,232,TRAINING,4,4,0,6,01652347,085c194d,1173
277,0,5,8,0,10,233,TEST,7,13,0,0,true,2090
277,0,5,8,0,10,234,TEST,2,1,0,0,true,3367
277,0,5,8,0,10,235,TEST,6,5,1,1,true,3608
277,0,5,8,0,10,236,TEST,0,0,1,1,true,883
277,0,5,8,0,10,237,TEST,3,9,1,1,true,421
277,0,5,8,0,10,238,TEST,4,4,0,1,false,5269
277,0,5,8,0,10,239,TEST,1,8,0,0,true,2069
277,0,5,8,0,10,240,TEST,5,12,1,1,true,1679
277,0,5,8,0,11,241,TRAINING,6,5,1,6,57243160,cd149850,1092
277,0,5,8,0,11,242,TRAINING,4,4,0,5,57213460,cd189450,1061
277,0,5,8,0,11,243,TRAINING,4,4,0,5,07213465,0d18945c,1010
277,0,5,8,0,11,244,TRAINING,4,4,0,5,01273465,081d945c,910
277,0,5,8,0,11,245,TRAINING,4,4,0,5,01273465,081d945c,1120
277,0,5,8,0,11,246,TRAINING,4,4,0,5,65273401,5c1d9408,843
277,0,5,8,0,11,247,TRAINING,4,4,0,5,65273401,5c1d9408,1063
277,0,5,8,0,11,248,TRAINING,4,4,0,5,65231407,5c19840d,951
277,0,5,8,0,11,249,TRAINING,4,4,0,5,65271403,5c1d8409,976
277,0,5,8,0,11,250,TRAINING,4,4,0,5,56271403,c51d8409,953
277,0,5,8,0,11,251,TRAINING,4,4,0,5,50271463,c01d8459,919
277,0,5,8,0,11,252,TRAINING,4,4,0,5,50271463,c01d8459,1173
277,0,5,8,0,11,253,TRAINING,4,4,0,5,57261403,cd158409,867
277,0,5,8,0,11,254,TRAINING,4,4,0,5,57261403,cd158409,1097
277,0,5,8,0,11,255,TRAINING,4,4,0,5,57201436,cd108495,701
277,0,5,8,0,11,256,TRAINING,4,4,0,5,57201436,cd108495,920
277,0,5,8,0,11,257,TRAINING,4,4,0,5,57201436,cd108495,1116
277,0,5,8,0,11,258,TEST,7,13,0,0,true,975
277,0,5,8,0,11,259,TEST,0,0,1,1,true,2505
277,0,5,8,0,11,260,TEST,2,1,0,0,true,2354
277,0,5,8,0,11,261,TEST,3,9,1,1,true,2118
277,0,5,8,0,11,262,TEST,6,5,1,1,true,1927
277,0,5,8,0,11,263,TEST,1,8,0,0,true,858
277,0,5,8,0,11,264,TEST,4,4,0,0,true,2129
277,0,5,8,0,11,265,TEST,5,12,1,1,true,1611
277,0,5,8,0,12,266,TRAINING,2,1,0,1,52036714,c1095d84,3401
277,0,5,8,0,12,267,TRAINING,2,1,0,1,52136704,c1895d04,931
277,0,5,8,0,12,268,TRAINING,2,1,0,1,52163704,c1859d04,951
277,0,5,8,0,12,269,TRAINING,2,1,0,1,52063714,c1059d84,1117
277,0,5,8,0,12,270,TRAINING,2,1,0,1,12063754,81059dc4,1219
277,0,5,8,0,12,271,TRAINING,2,1,0,1,32061754,91058dc4,991
277,0,5,8,0,12,272,TRAINING,2,1,0,1,32061574,91058cd4,943
277,0,5,8,0,12,273,TRAINING,2,1,0,1,32016574,91085cd4,1131
277,0,5,8,0,12,274,TRAINING,2,1,0,1,32015674,9108c5d4,1023
277,0,5,8,0,12,275,TRAINING,2,1,0,1,32065174,9105c8d4,1715
277,0,5,8,0,12,276,TRAINING,2,1,0,1,42065173,4105c8d9,918
277,0,5,8,0,12,277,TRAINING,2,1,0,1,42065173,4105c8d9,1114
277,0,5,8,0,12,278,TRAINING,2,1,0,1,42065173,4105c8d9,752
277,0,5,8,0,12,279,TRAINING,2,1,0,1,42065173,4105c8d9,960
277,0,5,8,0,12,280,TRAINING,2,1,0,1,42756103,41dc5809,1887
277,0,5,8,0,12,281,TRAINING,2,1,0,1,42736105,41d9580c,954
277,0,5,8,0,12,282,TEST,3,9,1,1,true,3012
277,0,5,8,0,12,283,TEST,0,0,1,0,false,1320
277,0,5,8,0,12,284,TEST,2,1,0,0,true,2607
277,0,5,8,0,12,285,TEST,4,4,0,0,true,2572
277,0,5,8,0,12,286,TEST,7,13,0,0,true,3319
277,0,5,8,0,12,287,TEST,5,12,1,1,true,965
277,0,5,8,0,12,288,TEST,6,5,1,1,true,2379
277,0,5,8,0,12,289,TEST,1,8,0,0,true,734
277,0,5,8,0,13,290,TRAINING,7,13,0,2,05713246,0cd89145,3923
277,0,5,8,0,13,291,TRAINING,7,13,0,2,50713246,c0d89145,977
277,0,5,8,0,13,292,TRAINING,7,13,0,2,50713264,c0d89154,917
277,0,5,8,0,13,293,TRAINING,7,13,0,2,50713264,c0d89154,1137
277,0,5,8,0,13,294,TRAINING,7,13,0,2,46713205,45d8910c,886
277,0,5,8,0,13,295,TRAINING,7,13,0,2,46713205,45d8910c,1082
277,0,5,8,0,13,296,TRAINING,7,13,0,2,46735201,45d9c108,741
277,0,5,8,0,13,297,TRAINING,7,13,0,2,46735201,45d9c108,1018
277,0,5,8,0,13,298,TRAINING,7,13,0,2,64753201,54dc9108,654
277,0,5,8,0,13,299,TRAINING,7,13,0,2,64753201,54dc9108,1058
277,0,5,8,0,13,300,TRAINING,7,13,0,2,65703241,5cd09148,578
277,0,5,8,0,13,301,TRAINING,7,13,0,2,65703241,5cd09148,1051
277,0,5,8,0,13,302,TRAINING,7,13,0,2,15704236,8cd04195,634
277,0,5,8,0,13,303,TRAINING,7,13,0,2,15704236,8cd04195,922
277,0,5,8,0,13,304,TRAINING,7,13,0,2,03714256,09d841c5,705
277,0,5,8,0,13,305,TRAINING,7,13,0,2,03714256,09d841c5,1120
277,0,5,8,0,13,306,TEST,7,13,0,0,true,1111
277,0,5,8,0,13,307,TEST,3,9,1,1,true,2117
277,0,5,8,0,13,308,TEST,1,8,0,0,true,1680
277,0,5,8,0,13,309,TEST,4,4,0,0,true,4501
277,0,5,8,0,13,310,TEST,6,5,1,1,true,1482
277,0,5,8,0,13,311,TEST,0,0,1,1,true,1729
277,0,5,8,0,13,312,TEST,5,12,1,1,true,2253
277,0,5,8,0,13,313,TEST,2,1,0,0,true,3440
277,0,5,8,0,14,314,TRAINING,0,0,1,6,25136407,1c89540d,1170
277,0,5,8,0,14,315,TRAINING,0,0,1,6,25316407,1c98540d,1237
277,0,5,8,0,14,316,TRAINING,0,0,1,6,24316507,14985c0d,1097
277,0,5,8,0,14,317,TRAINING,0,0,1,6,64312507,54981c0d,1095
277,0,5,8,0,14,318,TRAINING,0,0,1,6,64312705,54981d0c,964
277,0,5,8,0,14,319,TRAINING,0,0,1,6,34612705,94581d0c,987
277,0,5,8,0,14,320,TRAINING,0,0,1,6,35612704,9c581d04,918
277,0,5,8,0,14,321,TRAINING,0,0,1,6,35612704,9c581d04,1308
277,0,5,8,0,14,322,TRAINING,0,0,1,6,65321704,5c918d04,679
277,0,5,8,0,14,323,TRAINING,0,0,1,6,65321704,5c918d04,1132
277,0,5,8,0,14,324,TRAINING,0,0,1,6,75324601,dc914508,643
277,0,5,8,0,14,325,TRAINING,0,0,1,6,75324601,dc914508,1148
277,0,5,8,0,14,326,TRAINING,0,0,1,6,76324105,d591480c,1308
277,0,5,8,0,14,327,TRAINING,0,0,1,6,76234105,d519480c,1251
277,0,5,8,0,14,328,TRAINING,0,0,1,6,74236105,d419580c,1026
277,0,5,8,0,14,329,TRAINING,0,0,1,6,24736105,14d9580c,5678
277,0,5,8,0,14,330,TEST,0,0,1,1,true,3334
277,0,5,8,0,14,331,TEST,6,5,1,1,true,3505
277,0,5,8,0,14,332,TEST,4,4,0,0,true,1781
277,0,5,8,0,14,333,TEST,3,9,1,1,true,2522
277,0,5,8,0,14,334,TEST,7,13,0,0,true,1719
277,0,5,8,0,14,335,TEST,2,1,0,0,true,1419
277,0,5,8,0,14,336,TEST,1,8,0,0,true,1101
277,0,5,8,0,14,337,TEST,5,12,1,1,true,1054
277,0,5,8,0,INSTRUCT,postquestionnaire,1

rulestrategy:just go by one color with one letter. on blue you had two that were a and two that were b. 
howtoimprove:I don't understand why the squares move when you click on them. I'm sure there is some reason, but if not you should take that out.
engagement:10
difficulty:8
physicalaids:no