279,1,4,12,4,INSTRUCT,instruct1,10610
279,1,4,12,4,INSTRUCT,instructCatExample,8801
279,1,4,12,4,INSTRUCT,instructCatColor,6351
279,1,4,12,4,INSTRUCT,instructCatStripe,8614
279,1,4,12,4,INSTRUCT,instructDemoIntro,19968
279,1,4,12,4,INSTRUCT,instructDemo,17976
279,1,4,12,4,INSTRUCT,instructTest,15301
279,1,4,12,4,INSTRUCT,instructTest2,5978
279,1,4,12,4,INSTRUCT,instructDimColor,8024
279,1,4,12,4,INSTRUCT,instructDimBorder,5626
279,1,4,12,4,INSTRUCT,instructDimDots,2639
279,1,4,12,4,INSTRUCT,instructDimStripe,2237
279,1,4,12,4,INSTRUCT,instructDimAll,8227
279,1,4,12,4,INSTRUCT,instructFinal,10538
279,1,4,12,4,1,1,TRAINING,2,3,1,4,14652073,902831ab,3825
279,1,4,12,4,1,2,TRAINING,3,11,0,7,14602573,902138ab,2495
279,1,4,12,4,1,3,TRAINING,0,1,1,3,41602573,092138ab,2612
279,1,4,12,4,1,4,TRAINING,0,1,1,3,61402573,290138ab,1757
279,1,4,12,4,1,5,TRAINING,1,9,0,1,61302574,29b138a0,1584
279,1,4,12,4,1,6,TRAINING,4,0,1,7,61502374,29813ba0,1560
279,1,4,12,4,1,7,TRAINING,7,10,1,6,61302574,29b138a0,1438
279,1,4,12,4,1,8,TRAINING,2,3,1,5,61305274,29b183a0,1825
279,1,4,12,4,1,9,TRAINING,1,9,0,1,31605274,b92183a0,1684
279,1,4,12,4,1,10,TRAINING,6,2,0,2,71605234,a92183b0,1560
279,1,4,12,4,1,11,TRAINING,7,10,1,5,21605734,39218ab0,3607
279,1,4,12,4,1,12,TRAINING,3,11,0,6,24605731,30218ab9,1632
279,1,4,12,4,1,13,TRAINING,5,8,0,4,24615730,30298ab1,1977
279,1,4,12,4,1,14,TRAINING,5,8,0,4,04615732,10298ab3,8162
279,1,4,12,4,1,15,TRAINING,6,2,0,2,04615237,102983ba,3566
279,1,4,12,4,1,16,TRAINING,4,0,1,1,04635217,102b839a,1623
279,1,4,12,4,1,17,TEST,3,11,0,1,false,3218
279,1,4,12,4,1,18,TEST,5,8,0,0,true,1133
279,1,4,12,4,1,19,TEST,0,1,1,0,false,1658
279,1,4,12,4,1,20,TEST,6,2,0,1,false,5170
279,1,4,12,4,1,21,TEST,1,9,0,1,false,5450
279,1,4,12,4,1,22,TEST,4,0,1,0,false,957
279,1,4,12,4,1,23,TEST,7,10,1,0,false,1134
279,1,4,12,4,1,24,TEST,2,3,1,1,true,840
279,1,4,12,4,2,25,TRAINING,2,3,1,5,74031256,a01b9382,1146
279,1,4,12,4,2,26,TRAINING,1,9,0,1,71034256,a91b0382,6606
279,1,4,12,4,2,27,TRAINING,0,1,1,6,71534206,a98b0312,1500
279,1,4,12,4,2,28,TRAINING,7,10,1,0,71536204,a98b2310,1594
279,1,4,12,4,2,29,TRAINING,3,11,0,3,71536402,a98b2013,3778
279,1,4,12,4,2,30,TRAINING,5,8,0,2,70536412,a18b2093,2989
279,1,4,12,4,2,31,TRAINING,0,1,1,1,70532416,a18b3092,2571
279,1,4,12,4,2,32,TRAINING,6,2,0,5,70532614,a18b3290,1737
279,1,4,12,4,2,33,TRAINING,5,8,0,2,30572614,b18a3290,1817
279,1,4,12,4,2,34,TRAINING,2,3,1,1,32570614,b38a1290,1363
279,1,4,12,4,2,35,TRAINING,3,11,0,0,32570416,b38a1092,1619
279,1,4,12,4,2,36,TRAINING,7,10,1,3,32571406,b38a9012,4218
279,1,4,12,4,2,37,TRAINING,4,0,1,5,32570416,b38a1092,4946
279,1,4,12,4,2,38,TRAINING,6,2,0,7,52370416,83ba1092,3568
279,1,4,12,4,2,39,TRAINING,4,0,1,5,12370456,93ba1082,1997
279,1,4,12,4,2,40,TRAINING,1,9,0,3,72310456,a3b91082,2518
279,1,4,12,4,2,41,TEST,6,2,0,1,false,5504
279,1,4,12,4,2,42,TEST,5,8,0,0,true,990
279,1,4,12,4,2,43,TEST,1,9,0,0,true,1134
279,1,4,12,4,2,44,TEST,4,0,1,1,true,1227
279,1,4,12,4,2,45,TEST,3,11,0,0,true,1097
279,1,4,12,4,2,46,TEST,0,1,1,1,true,657
279,1,4,12,4,2,47,TEST,2,3,1,0,false,721
279,1,4,12,4,2,48,TEST,7,10,1,1,true,338
279,1,4,12,4,3,49,TRAINING,5,8,0,3,16254073,923801ab,8182
279,1,4,12,4,3,50,TRAINING,5,8,0,3,17254063,9a38012b,2216
279,1,4,12,4,3,51,TRAINING,2,3,1,1,12754063,93a8012b,2689
279,1,4,12,4,3,52,TRAINING,7,10,1,2,42751063,03a8912b,2928
279,1,4,12,4,3,53,TRAINING,2,3,1,1,42751036,03a891b2,4895
279,1,4,12,4,3,54,TRAINING,3,11,0,4,42753016,03a8b192,5262
279,1,4,12,4,3,55,TRAINING,4,0,1,5,02753416,13a8b092,6201
279,1,4,12,4,3,56,TRAINING,0,1,1,6,12753406,93a8b012,3735
279,1,4,12,4,3,57,TRAINING,7,10,1,2,21753406,39a8b012,2046
279,1,4,12,4,3,58,TRAINING,6,2,0,1,26753401,32a8b019,4967
279,1,4,12,4,3,59,TRAINING,3,11,0,6,26750431,32a810b9,5583
279,1,4,12,4,3,60,TRAINING,6,2,0,1,46750231,02a813b9,4016
279,1,4,12,4,3,61,TRAINING,0,1,1,4,76450231,a20813b9,2437
279,1,4,12,4,3,62,TRAINING,1,9,0,7,26450731,32081ab9,2472
279,1,4,12,4,3,63,TRAINING,4,0,1,2,26450371,32081ba9,3676
279,1,4,12,4,3,64,TRAINING,1,9,0,7,06452371,12083ba9,2153
279,1,4,12,4,3,65,TEST,0,1,1,0,false,6124
279,1,4,12,4,3,66,TEST,5,8,0,0,true,1429
279,1,4,12,4,3,67,TEST,2,3,1,0,false,477
279,1,4,12,4,3,68,TEST,4,0,1,1,true,1355
279,1,4,12,4,3,69,TEST,1,9,0,0,true,4009
279,1,4,12,4,3,70,TEST,7,10,1,1,true,915
279,1,4,12,4,3,71,TEST,6,2,0,0,true,1598
279,1,4,12,4,3,72,TEST,3,11,0,0,true,757
279,1,4,12,4,4,73,TRAINING,2,3,1,1,52106347,83912b0a,26168
279,1,4,12,4,4,74,TRAINING,0,1,1,3,42106357,03912b8a,12573
279,1,4,12,4,4,75,TRAINING,6,2,0,4,42106375,03912ba8,8364
279,1,4,12,4,4,76,TRAINING,4,0,1,7,52106374,83912ba0,8214
279,1,4,12,4,4,77,TRAINING,3,11,0,5,51206374,89312ba0,7154
279,1,4,12,4,4,78,TRAINING,1,9,0,6,57206314,8a312b90,3019
279,1,4,12,4,4,79,TRAINING,2,3,1,2,57204316,8a310b92,18872
279,1,4,12,4,4,80,TRAINING,4,0,1,0,47205316,0a318b92,2700
279,1,4,12,4,4,81,TRAINING,5,8,0,5,47203516,0a31b892,10469
279,1,4,12,4,4,82,TRAINING,1,9,0,1,41203576,0931b8a2,1809
279,1,4,12,4,4,83,TRAINING,7,10,1,6,41206573,093128ab,14234
279,1,4,12,4,4,84,TRAINING,3,11,0,7,21406573,390128ab,9382
279,1,4,12,4,4,85,TRAINING,7,10,1,6,25406173,380129ab,8804
279,1,4,12,4,4,86,TRAINING,5,8,0,1,25401673,380192ab,7558
279,1,4,12,4,4,87,TRAINING,0,1,1,3,45201673,083192ab,8352
279,1,4,12,4,4,88,TRAINING,6,2,0,6,45201763,08319a2b,8717
279,1,4,12,4,4,89,TEST,5,8,0,0,true,4548
279,1,4,12,4,4,90,TEST,4,0,1,1,true,5720
279,1,4,12,4,4,91,TEST,3,11,0,0,true,7788
279,1,4,12,4,4,92,TEST,1,9,0,0,true,3087
279,1,4,12,4,4,93,TEST,2,3,1,1,true,5496
279,1,4,12,4,4,94,TEST,7,10,1,1,true,7504
279,1,4,12,4,4,95,TEST,6,2,0,0,true,4386
279,1,4,12,4,4,96,TEST,0,1,1,1,true,5150
279,1,4,12,4,5,97,TRAINING,2,3,1,4,65102734,28913ab0,7479
279,1,4,12,4,5,98,TRAINING,0,1,1,3,67102534,2a9138b0,3082
279,1,4,12,4,5,99,TRAINING,2,3,1,4,67502134,2a8139b0,2332
279,1,4,12,4,5,100,TRAINING,3,11,0,0,37502164,ba813920,1734
279,1,4,12,4,5,101,TRAINING,7,10,1,1,37602154,ba213980,1559
279,1,4,12,4,5,102,TRAINING,6,2,0,2,37604152,ba210983,6338
279,1,4,12,4,5,103,TRAINING,1,9,0,5,37654102,ba280913,3021
279,1,4,12,4,5,104,TRAINING,1,9,0,5,37652104,ba283910,1720
279,1,4,12,4,5,105,TRAINING,4,0,1,7,73652104,ab283910,2094
279,1,4,12,4,5,106,TRAINING,7,10,1,1,37652104,ba283910,4704
279,1,4,12,4,5,107,TRAINING,6,2,0,2,17652304,9a283b10,2726
279,1,4,12,4,5,108,TRAINING,3,11,0,0,37652104,ba283910,4216
279,1,4,12,4,5,109,TRAINING,5,8,0,1,35672104,b82a3910,2202
279,1,4,12,4,5,110,TRAINING,4,0,1,7,35612704,b8293a10,2152
279,1,4,12,4,5,111,TRAINING,5,8,0,1,35012764,b8193a20,2468
279,1,4,12,4,5,112,TRAINING,0,1,1,2,35012674,b81932a0,2422
279,1,4,12,4,5,113,TEST,3,11,0,0,true,1271
279,1,4,12,4,5,114,TEST,6,2,0,1,false,1334
279,1,4,12,4,5,115,TEST,2,3,1,1,true,689
279,1,4,12,4,5,116,TEST,7,10,1,1,true,1835
279,1,4,12,4,5,117,TEST,1,9,0,0,true,641
279,1,4,12,4,5,118,TEST,5,8,0,0,true,738
279,1,4,12,4,5,119,TEST,4,0,1,1,true,1049
279,1,4,12,4,5,120,TEST,0,1,1,0,false,971
279,1,4,12,4,6,121,TRAINING,6,2,0,7,71520346,a9831b02,10763
279,1,4,12,4,6,122,TRAINING,0,1,1,4,71520436,a98310b2,9614
279,1,4,12,4,6,123,TRAINING,6,2,0,7,71420536,a90318b2,6608
279,1,4,12,4,6,124,TRAINING,1,9,0,0,17420536,9a0318b2,7690
279,1,4,12,4,6,125,TRAINING,5,8,0,5,13420576,9b0318a2,7446
279,1,4,12,4,6,126,TRAINING,2,3,1,2,13240576,9b3018a2,10641
279,1,4,12,4,6,127,TRAINING,1,9,0,0,14230576,903b18a2,7671
279,1,4,12,4,6,128,TRAINING,2,3,1,2,13240576,9b3018a2,5274
279,1,4,12,4,6,129,TRAINING,0,1,1,4,14230576,903b18a2,5786
279,1,4,12,4,6,130,TRAINING,4,0,1,6,17230546,9a3b1802,15197
279,1,4,12,4,6,131,TRAINING,7,10,1,1,57230146,8a3b1902,11672
279,1,4,12,4,6,132,TRAINING,3,11,0,5,57210346,8a391b02,10594
279,1,4,12,4,6,133,TRAINING,5,8,0,0,57120346,8a931b02,7111
279,1,4,12,4,6,134,TRAINING,3,11,0,5,57124306,8a930b12,5924
279,1,4,12,4,6,135,TRAINING,7,10,1,1,57214306,8a390b12,5071
279,1,4,12,4,6,136,TRAINING,4,0,1,0,47215306,0a398b12,3871
279,1,4,12,4,6,137,TEST,3,11,0,0,true,4081
279,1,4,12,4,6,138,TEST,0,1,1,1,true,3351
279,1,4,12,4,6,139,TEST,1,9,0,0,true,3575
279,1,4,12,4,6,140,TEST,5,8,0,0,true,4534
279,1,4,12,4,6,141,TEST,7,10,1,1,true,3664
279,1,4,12,4,6,142,TEST,6,2,0,0,true,7907
279,1,4,12,4,6,143,TEST,2,3,1,1,true,3074
279,1,4,12,4,6,144,TEST,4,0,1,1,true,7145
279,1,4,12,4,7,145,TRAINING,4,0,1,3,62147503,2390a81b,13163
279,1,4,12,4,7,146,TRAINING,1,9,0,2,62143507,2390b81a,5682
279,1,4,12,4,7,147,TRAINING,3,11,0,4,62143570,2390b8a1,1780
279,1,4,12,4,7,148,TRAINING,6,2,0,0,62143507,2390b81a,1554
279,1,4,12,4,7,149,TRAINING,1,9,0,3,62413507,2309b81a,1420
279,1,4,12,4,7,150,TRAINING,2,3,1,1,62513407,2389b01a,1370
279,1,4,12,4,7,151,TRAINING,5,8,0,2,62513704,2389ba10,1442
279,1,4,12,4,7,152,TRAINING,7,10,1,3,62573104,238ab910,1375
279,1,4,12,4,7,153,TRAINING,4,0,1,7,60573124,218ab930,1492
279,1,4,12,4,7,154,TRAINING,7,10,1,3,60573214,218ab390,2260
279,1,4,12,4,7,155,TRAINING,6,2,0,0,60173254,219ab380,1526
279,1,4,12,4,7,156,TRAINING,0,1,1,1,60273154,213ab980,1428
279,1,4,12,4,7,157,TRAINING,0,1,1,1,60473152,210ab983,5112
279,1,4,12,4,7,158,TRAINING,5,8,0,6,60743152,21a0b983,4903
279,1,4,12,4,7,159,TRAINING,2,3,1,7,60143752,2190ba83,4878
279,1,4,12,4,7,160,TRAINING,3,11,0,4,40163752,0192ba83,1682
279,1,4,12,4,7,161,TEST,7,10,1,1,true,5778
279,1,4,12,4,7,162,TEST,1,9,0,0,true,3356
279,1,4,12,4,7,163,TEST,2,3,1,1,true,2506
279,1,4,12,4,7,164,TEST,4,0,1,1,true,4740
279,1,4,12,4,7,165,TEST,3,11,0,0,true,5001
279,1,4,12,4,7,166,TEST,5,8,0,0,true,3293
279,1,4,12,4,7,167,TEST,0,1,1,1,true,4414
279,1,4,12,4,7,168,TEST,6,2,0,0,true,2923
279,1,4,12,4,INSTRUCT,postquestionnaire,2

rulestrategy:Memorization
howtoimprove:
engagement:6
difficulty:8
physicalaids:no