280,0,0,21,15,INSTRUCT,instruct1,10975
280,0,0,21,15,INSTRUCT,instructCatExample,7205
280,0,0,21,15,INSTRUCT,instructCatColor,3920
280,0,0,21,15,INSTRUCT,instructCatStripe,6398
280,0,0,21,15,INSTRUCT,instructDemoIntro,11214
280,0,0,21,15,INSTRUCT,instructDemo,36386
280,0,0,21,15,INSTRUCT,instructTest,21199
280,0,0,21,15,INSTRUCT,instructTest2,21530
280,0,0,21,15,INSTRUCT,instructDimColor,7992
280,0,0,21,15,INSTRUCT,instructDimBorder,3377
280,0,0,21,15,INSTRUCT,instructDimDots,2180
280,0,0,21,15,INSTRUCT,instructDimStripe,2651
280,0,0,21,15,INSTRUCT,instructDimAll,6551
280,0,0,21,15,INSTRUCT,instructFinal,18399
280,0,0,21,15,1,1,TRAINING,1,14,1,0,14703265,eb2f673a,3886
280,0,0,21,15,1,2,TRAINING,3,6,1,4,14753260,eb2a673f,6249
280,0,0,21,15,1,3,TRAINING,2,7,0,5,16753240,e32a67bf,2702
280,0,0,21,15,1,4,TRAINING,6,3,0,3,15763240,ea2367bf,2765
280,0,0,21,15,1,5,TRAINING,7,2,1,1,17563240,e2a367bf,4534
280,0,0,21,15,1,6,TRAINING,4,11,0,6,37561240,62a3e7bf,1626
280,0,0,21,15,1,7,TRAINING,1,14,1,7,37560241,62a3f7be,3309
280,0,0,21,15,1,8,TRAINING,5,10,1,1,35760241,6a23f7be,1512
280,0,0,21,15,1,9,TRAINING,7,2,1,5,35260741,6a73f2be,1403
280,0,0,21,15,1,10,TRAINING,3,6,1,2,25360741,7a63f2be,1866
280,0,0,21,15,1,11,TRAINING,4,11,0,4,25364701,7a63b2fe,3782
280,0,0,21,15,1,12,TRAINING,6,3,0,5,25374601,7a62b3fe,1361
280,0,0,21,15,1,13,TRAINING,3,6,1,2,75324601,2a67b3fe,1533
280,0,0,21,15,1,14,TRAINING,2,7,0,3,57324601,a267b3fe,1343
280,0,0,21,15,1,15,TRAINING,5,10,1,0,57321604,a267e3fb,3583
280,0,0,21,15,1,16,TRAINING,7,2,1,6,50321674,af67e32b,2223
280,0,0,21,15,1,17,TEST,4,11,0,0,true,13851
280,0,0,21,15,1,18,TEST,3,6,1,1,true,1650
280,0,0,21,15,1,19,TEST,6,3,0,0,true,1082
280,0,0,21,15,1,20,TEST,2,7,0,0,true,689
280,0,0,21,15,1,21,TEST,7,2,1,1,true,839
280,0,0,21,15,1,22,TEST,5,10,1,1,true,1069
280,0,0,21,15,1,23,TEST,0,15,0,0,true,778
280,0,0,21,15,1,24,TEST,1,14,1,1,true,1272
280,0,0,21,15,2,25,TRAINING,6,3,0,4,20536174,7fa63e2b,3814
280,0,0,21,15,2,26,TRAINING,4,11,0,5,20536471,7fa63b2e,2437
280,0,0,21,15,2,27,TRAINING,7,2,1,6,50236471,af763b2e,3619
280,0,0,21,15,2,28,TRAINING,1,14,1,7,56230471,a376fb2e,2322
280,0,0,21,15,2,29,TRAINING,3,6,1,5,56240371,a37bf62e,2275
280,0,0,21,15,2,30,TRAINING,6,3,0,1,56740321,a32bf67e,1224
280,0,0,21,15,2,31,TRAINING,0,15,0,0,06745321,f32ba67e,1564
280,0,0,21,15,2,32,TRAINING,7,2,1,2,06715324,f32ea67b,1098
280,0,0,21,15,2,33,TRAINING,1,14,1,3,06712354,f32e76ab,1214
280,0,0,21,15,2,34,TRAINING,2,7,0,4,03712654,f62e73ab,1928
280,0,0,21,15,2,35,TRAINING,4,11,0,6,03712645,f62e73ba,1697
280,0,0,21,15,2,36,TRAINING,6,3,0,1,06712345,f32e76ba,1055
280,0,0,21,15,2,37,TRAINING,5,10,1,7,06312745,f36e72ba,1347
280,0,0,21,15,2,38,TRAINING,3,6,1,6,06412735,f3be726a,1182
280,0,0,21,15,2,39,TRAINING,4,11,0,5,06712435,f32e7b6a,1141
280,0,0,21,15,2,40,TRAINING,0,15,0,0,06752431,f32a7b6e,1912
280,0,0,21,15,2,41,TEST,4,11,0,0,true,2258
280,0,0,21,15,2,42,TEST,7,2,1,1,true,715
280,0,0,21,15,2,43,TEST,5,10,1,1,true,542
280,0,0,21,15,2,44,TEST,6,3,0,0,true,1416
280,0,0,21,15,2,45,TEST,3,6,1,1,true,655
280,0,0,21,15,2,46,TEST,1,14,1,1,true,623
280,0,0,21,15,2,47,TEST,2,7,0,0,true,802
280,0,0,21,15,2,48,TEST,0,15,0,0,true,712
280,0,0,21,15,INSTRUCT,postquestionnaire,2

rulestrategy:White border is A, yellow border is B
howtoimprove:
engagement:10
difficulty:2
physicalaids:no