282,0,4,23,6,INSTRUCT,instruct1,19527
282,0,4,23,6,INSTRUCT,instructCatExample,15066
282,0,4,23,6,INSTRUCT,instructCatColor,16998
282,0,4,23,6,INSTRUCT,instructCatStripe,19950
282,0,4,23,6,INSTRUCT,instructDemoIntro,24769
282,0,4,23,6,INSTRUCT,instructDemo,20953
282,0,4,23,6,INSTRUCT,instructTest,48535
282,0,4,23,6,INSTRUCT,instructTest2,54232
282,0,4,23,6,INSTRUCT,instructDimColor,19119
282,0,4,23,6,INSTRUCT,instructDimBorder,5722
282,0,4,23,6,INSTRUCT,instructDimDots,7273
282,0,4,23,6,INSTRUCT,instructDimStripe,5852
282,0,4,23,6,INSTRUCT,instructDimAll,13416
282,0,4,23,6,INSTRUCT,instructFinal,45616
282,0,4,23,6,1,1,TRAINING,3,5,0,4,41563027,27305641,11376
282,0,4,23,6,1,2,TRAINING,6,0,0,0,61543027,07325641,15266
282,0,4,23,6,1,3,TRAINING,6,0,0,0,61543072,07325614,6753
282,0,4,23,6,1,4,TRAINING,7,1,1,4,61547032,07321654,2899
282,0,4,23,6,1,5,TRAINING,3,5,0,6,61527034,07341652,4175
282,0,4,23,6,1,6,TRAINING,5,3,0,2,62517034,04371652,3031
282,0,4,23,6,1,7,TRAINING,0,6,1,5,42517036,24371650,4994
282,0,4,23,6,1,8,TRAINING,2,4,1,1,42517063,24371605,3428
282,0,4,23,6,1,9,TRAINING,5,3,0,2,12547063,74321605,2681
282,0,4,23,6,1,10,TRAINING,1,7,0,0,12547360,74321506,6557
282,0,4,23,6,1,11,TRAINING,5,3,0,2,10547362,76321504,16334
282,0,4,23,6,1,12,TRAINING,4,2,1,3,10547326,76321540,2495
282,0,4,23,6,1,13,TRAINING,0,6,1,1,10547623,76321045,2129
282,0,4,23,6,1,14,TRAINING,5,3,0,2,10547326,76321540,2378
282,0,4,23,6,1,15,TRAINING,7,1,1,4,20547316,46321570,3522
282,0,4,23,6,1,16,TRAINING,5,3,0,2,20567314,46301572,2462
282,0,4,23,6,1,17,TEST,3,5,0,0,true,6071
282,0,4,23,6,1,18,TEST,6,0,0,0,true,8322
282,0,4,23,6,1,19,TEST,4,2,1,1,true,2719
282,0,4,23,6,1,20,TEST,1,7,0,1,false,3379
282,0,4,23,6,1,21,TEST,2,4,1,0,false,2643
282,0,4,23,6,1,22,TEST,5,3,0,1,false,1757
282,0,4,23,6,1,23,TEST,0,6,1,1,true,2028
282,0,4,23,6,1,24,TEST,7,1,1,0,false,1140
282,0,4,23,6,2,25,TRAINING,0,6,1,0,02531647,64357021,8522
282,0,4,23,6,2,26,TRAINING,2,4,1,1,02561347,64307521,2213
282,0,4,23,6,2,27,TRAINING,3,5,0,5,02461357,64207531,2152
282,0,4,23,6,2,28,TRAINING,0,6,1,4,12460357,74206531,3470
282,0,4,23,6,2,29,TRAINING,1,7,0,7,72460351,14206537,2568
282,0,4,23,6,2,30,TRAINING,6,0,0,3,73460251,15206437,1306
282,0,4,23,6,2,31,TRAINING,4,2,1,1,74360251,12506437,5931
282,0,4,23,6,2,32,TRAINING,2,4,1,5,14360257,72506431,2073
282,0,4,23,6,2,33,TRAINING,1,7,0,0,14760253,72106435,2978
282,0,4,23,6,2,34,TRAINING,0,6,1,4,14670253,72016435,5111
282,0,4,23,6,2,35,TRAINING,6,0,0,2,13670254,75016432,3793
282,0,4,23,6,2,36,TRAINING,0,6,1,4,13650274,75036412,2501
282,0,4,23,6,2,37,TRAINING,6,0,0,2,14650273,72036415,2041
282,0,4,23,6,2,38,TRAINING,3,5,0,3,14630275,72056413,2078
282,0,4,23,6,2,39,TRAINING,1,7,0,0,14630257,72056431,4729
282,0,4,23,6,2,40,TRAINING,4,2,1,1,14630752,72056134,2695
282,0,4,23,6,2,41,TEST,3,5,0,0,true,4693
282,0,4,23,6,2,42,TEST,5,3,0,1,false,3849
282,0,4,23,6,2,43,TEST,6,0,0,1,false,2194
282,0,4,23,6,2,44,TEST,0,6,1,1,true,12511
282,0,4,23,6,2,45,TEST,1,7,0,0,true,3788
282,0,4,23,6,2,46,TEST,7,1,1,0,false,1802
282,0,4,23,6,2,47,TEST,4,2,1,1,true,2068
282,0,4,23,6,2,48,TEST,2,4,1,0,false,2228
282,0,4,23,6,3,49,TRAINING,7,1,1,0,70145236,16723450,3734
282,0,4,23,6,3,50,TRAINING,7,1,1,0,70135246,16753420,8362
282,0,4,23,6,3,51,TRAINING,2,4,1,5,70134256,16752430,1908
282,0,4,23,6,3,52,TRAINING,2,4,1,5,71034256,17652430,8590
282,0,4,23,6,3,53,TRAINING,0,6,1,2,61034257,07652431,4042
282,0,4,23,6,3,54,TRAINING,4,2,1,4,65034217,03652471,2203
282,0,4,23,6,3,55,TRAINING,6,0,0,0,62034517,04652371,1438
282,0,4,23,6,3,56,TRAINING,7,1,1,7,61034527,07652341,2652
282,0,4,23,6,3,57,TRAINING,0,6,1,2,61034257,07652431,1279
282,0,4,23,6,3,58,TRAINING,3,5,0,3,61034527,07652341,1563
282,0,4,23,6,3,59,TRAINING,4,2,1,4,65034127,03652741,2741
282,0,4,23,6,3,60,TRAINING,2,4,1,6,05634127,63052741,6034
282,0,4,23,6,3,61,TRAINING,5,3,0,2,06534127,60352741,3358
282,0,4,23,6,3,62,TRAINING,7,1,1,3,06574123,60312745,11577
282,0,4,23,6,3,63,TRAINING,1,7,0,7,06574321,60312547,2426
282,0,4,23,6,3,64,TRAINING,2,4,1,1,02574361,64312507,8000
282,0,4,23,6,3,65,TEST,4,2,1,1,true,2778
282,0,4,23,6,3,66,TEST,3,5,0,0,true,3086
282,0,4,23,6,3,67,TEST,1,7,0,1,false,3169
282,0,4,23,6,3,68,TEST,7,1,1,1,true,3623
282,0,4,23,6,3,69,TEST,2,4,1,0,false,5344
282,0,4,23,6,3,70,TEST,0,6,1,1,true,1985
282,0,4,23,6,3,71,TEST,6,0,0,1,false,1977
282,0,4,23,6,3,72,TEST,5,3,0,0,true,2039
282,0,4,23,6,4,73,TRAINING,4,2,1,0,47065123,21603745,3239
282,0,4,23,6,4,74,TRAINING,5,3,0,4,47065213,21603475,1239
282,0,4,23,6,4,75,TRAINING,7,1,1,1,47605213,21063475,19476
282,0,4,23,6,4,76,TRAINING,6,0,0,2,47605312,21063574,11148
282,0,4,23,6,4,77,TRAINING,3,5,0,4,47603512,21065374,2442
282,0,4,23,6,4,78,TRAINING,0,6,1,3,47603215,21065473,5099
282,0,4,23,6,4,79,TRAINING,4,2,1,0,41603275,27065413,16155
282,0,4,23,6,4,80,TRAINING,0,6,1,3,41203675,27465013,2481
282,0,4,23,6,4,81,TRAINING,3,5,0,2,41302675,27564013,1821
282,0,4,23,6,4,82,TRAINING,6,0,0,7,41302576,27564310,1617
282,0,4,23,6,4,83,TRAINING,7,1,1,6,42301576,24567310,2023
282,0,4,23,6,4,84,TRAINING,0,6,1,0,02341576,64527310,1957
282,0,4,23,6,4,85,TRAINING,4,2,1,1,04321576,62547310,1418
282,0,4,23,6,4,86,TRAINING,3,5,0,2,04321675,62547013,4771
282,0,4,23,6,4,87,TRAINING,6,0,0,6,04321765,62547103,1493
282,0,4,23,6,4,88,TRAINING,7,1,1,5,01324765,67542103,6108
282,0,4,23,6,4,89,TEST,3,5,0,1,false,1645
282,0,4,23,6,4,90,TEST,4,2,1,1,true,981
282,0,4,23,6,4,91,TEST,6,0,0,1,false,1819
282,0,4,23,6,4,92,TEST,7,1,1,0,false,1000
282,0,4,23,6,4,93,TEST,1,7,0,0,true,875
282,0,4,23,6,4,94,TEST,5,3,0,1,false,1994
282,0,4,23,6,4,95,TEST,2,4,1,0,false,3410
282,0,4,23,6,4,96,TEST,0,6,1,0,false,2733
282,0,4,23,6,5,97,TRAINING,2,4,1,0,20154736,46732150,3273
282,0,4,23,6,5,98,TRAINING,6,0,0,4,20156734,46730152,2554
282,0,4,23,6,5,99,TRAINING,0,6,1,1,20456731,46230157,1987
282,0,4,23,6,5,100,TRAINING,3,5,0,0,30456721,56230147,4434
282,0,4,23,6,5,101,TRAINING,1,7,0,2,30156724,56730142,3746
282,0,4,23,6,5,102,TRAINING,4,2,1,7,37156024,51730642,1589
282,0,4,23,6,5,103,TRAINING,6,0,0,4,32156074,54730612,1965
282,0,4,23,6,5,104,TRAINING,5,3,0,3,37156024,51730642,1389
282,0,4,23,6,5,105,TRAINING,4,2,1,7,31756024,57130642,1332
282,0,4,23,6,5,106,TRAINING,2,4,1,6,30756124,56130742,1259
282,0,4,23,6,5,107,TRAINING,0,6,1,1,30751624,56137042,1507
282,0,4,23,6,5,108,TRAINING,5,3,0,2,30571624,56317042,4389
282,0,4,23,6,5,109,TRAINING,3,5,0,0,30576124,56310742,1221
282,0,4,23,6,5,110,TRAINING,5,3,0,2,37506124,51360742,2391
282,0,4,23,6,5,111,TRAINING,6,0,0,4,31506724,57360142,1159
282,0,4,23,6,5,112,TRAINING,7,1,1,3,31576024,57310642,1521
282,0,4,23,6,5,113,TEST,2,4,1,1,true,1967
282,0,4,23,6,5,114,TEST,5,3,0,0,true,2764
282,0,4,23,6,5,115,TEST,0,6,1,1,true,1004
282,0,4,23,6,5,116,TEST,4,2,1,1,true,1803
282,0,4,23,6,5,117,TEST,6,0,0,0,true,3639
282,0,4,23,6,5,118,TEST,7,1,1,1,true,837
282,0,4,23,6,5,119,TEST,3,5,0,0,true,1074
282,0,4,23,6,5,120,TEST,1,7,0,0,true,942
282,0,4,23,6,6,121,TRAINING,5,3,0,0,57203416,31465270,1482
282,0,4,23,6,6,122,TRAINING,5,3,0,0,57230416,31456270,26451
282,0,4,23,6,6,123,TRAINING,1,7,0,1,51230476,37456210,1885
282,0,4,23,6,6,124,TRAINING,3,5,0,2,51320476,37546210,1774
282,0,4,23,6,6,125,TRAINING,2,4,1,3,51320746,37546120,1269
282,0,4,23,6,6,126,TRAINING,6,0,0,7,51327046,37541620,7889
282,0,4,23,6,6,127,TRAINING,7,1,1,4,50327146,36541720,3518
282,0,4,23,6,6,128,TRAINING,3,5,0,2,50317246,36571420,4018
282,0,4,23,6,6,129,TRAINING,6,0,0,7,40317256,26571430,1648
282,0,4,23,6,6,130,TRAINING,5,3,0,6,70314256,16572430,1107
282,0,4,23,6,6,131,TRAINING,3,5,0,2,74310256,12576430,945
282,0,4,23,6,6,132,TRAINING,1,7,0,3,04317256,62571430,1177
282,0,4,23,6,6,133,TRAINING,7,1,1,7,04316257,62570431,15164
282,0,4,23,6,6,134,TRAINING,6,0,0,0,64310257,02576431,2419
282,0,4,23,6,6,135,TRAINING,1,7,0,3,64210357,02476531,4689
282,0,4,23,6,6,136,TRAINING,3,5,0,5,64210375,02476513,4329
282,0,4,23,6,6,137,TEST,3,5,0,0,true,2556
282,0,4,23,6,6,138,TEST,4,2,1,1,true,1823
282,0,4,23,6,6,139,TEST,1,7,0,0,true,1348
282,0,4,23,6,6,140,TEST,0,6,1,1,true,1219
282,0,4,23,6,6,141,TEST,7,1,1,1,true,5238
282,0,4,23,6,6,142,TEST,2,4,1,0,false,1066
282,0,4,23,6,6,143,TEST,6,0,0,1,false,1996
282,0,4,23,6,6,144,TEST,5,3,0,0,true,3461
282,0,4,23,6,7,145,TRAINING,2,4,1,0,23517460,45371206,1364
282,0,4,23,6,7,146,TRAINING,3,5,0,1,23514760,45372106,1664
282,0,4,23,6,7,147,TRAINING,6,0,0,4,23516740,45370126,1304
282,0,4,23,6,7,148,TRAINING,7,1,1,5,03516742,65370124,1186
282,0,4,23,6,7,149,TRAINING,1,7,0,2,03156742,65730124,1162
282,0,4,23,6,7,150,TRAINING,5,3,0,3,03152746,65734120,1003
282,0,4,23,6,7,151,TRAINING,3,5,0,1,63152740,05734126,1821
282,0,4,23,6,7,152,TRAINING,6,0,0,4,23156740,45730126,1152
282,0,4,23,6,7,153,TRAINING,3,5,0,1,13256740,75430126,1099
282,0,4,23,6,7,154,TRAINING,1,7,0,0,13756240,75130426,1075
282,0,4,23,6,7,155,TRAINING,6,0,0,7,13750246,75136420,1619
282,0,4,23,6,7,156,TRAINING,5,3,0,3,17350246,71536420,1001
282,0,4,23,6,7,157,TRAINING,3,5,0,4,17053246,71635420,1403
282,0,4,23,6,7,158,TRAINING,1,7,0,1,71053246,17635420,1217
282,0,4,23,6,7,159,TRAINING,6,0,0,2,71653240,17035426,1288
282,0,4,23,6,7,160,TRAINING,5,3,0,3,71653204,17035462,1051
282,0,4,23,6,7,161,TEST,0,6,1,1,true,1442
282,0,4,23,6,7,162,TEST,6,0,0,0,true,1483
282,0,4,23,6,7,163,TEST,4,2,1,1,true,1380
282,0,4,23,6,7,164,TEST,7,1,1,1,true,5335
282,0,4,23,6,7,165,TEST,3,5,0,0,true,877
282,0,4,23,6,7,166,TEST,2,4,1,1,true,1707
282,0,4,23,6,7,167,TEST,1,7,0,0,true,814
282,0,4,23,6,7,168,TEST,5,3,0,0,true,738
282,0,4,23,6,8,169,TRAINING,6,0,0,0,61703254,07165432,11053
282,0,4,23,6,8,170,TRAINING,4,2,1,2,61403257,07265431,3155
282,0,4,23,6,8,171,TRAINING,6,0,0,0,61423057,07245631,2295
282,0,4,23,6,8,172,TRAINING,2,4,1,3,63421057,05247631,3014
282,0,4,23,6,8,173,TRAINING,4,2,1,2,63421750,05247136,2161
282,0,4,23,6,8,174,TRAINING,2,4,1,3,61423750,07245136,4577
282,0,4,23,6,8,175,TRAINING,2,4,1,3,63421750,05247136,2096
282,0,4,23,6,8,176,TRAINING,6,0,0,0,60421753,06247135,7441
282,0,4,23,6,8,177,TRAINING,7,1,1,1,67421053,01247635,1428
282,0,4,23,6,8,178,TRAINING,3,5,0,2,67321054,01547632,1395
282,0,4,23,6,8,179,TRAINING,5,3,0,3,67351024,01537642,1371
282,0,4,23,6,8,180,TRAINING,1,7,0,7,67354021,01532647,1412
282,0,4,23,6,8,181,TRAINING,5,3,0,3,67254031,01432657,1371
282,0,4,23,6,8,182,TRAINING,3,5,0,1,63254071,05432617,1328
282,0,4,23,6,8,183,TRAINING,6,0,0,0,63054271,05632417,1235
282,0,4,23,6,8,184,TRAINING,6,0,0,0,63024571,05642317,2707
282,0,4,23,6,8,185,TEST,2,4,1,1,true,8413
282,0,4,23,6,8,186,TEST,5,3,0,0,true,2731
282,0,4,23,6,8,187,TEST,1,7,0,0,true,1549
282,0,4,23,6,8,188,TEST,3,5,0,0,true,1935
282,0,4,23,6,8,189,TEST,6,0,0,0,true,1788
282,0,4,23,6,8,190,TEST,7,1,1,1,true,4548
282,0,4,23,6,8,191,TEST,4,2,1,0,false,999
282,0,4,23,6,8,192,TEST,0,6,1,1,true,1127
282,0,4,23,6,9,193,TRAINING,5,3,0,0,52164730,34702156,2142
282,0,4,23,6,9,194,TRAINING,7,1,1,5,52461730,34207156,1048
282,0,4,23,6,9,195,TRAINING,5,3,0,0,52416730,34270156,1170
282,0,4,23,6,9,196,TRAINING,1,7,0,3,52410736,34276150,1167
282,0,4,23,6,9,197,TRAINING,3,5,0,6,52416730,34270156,945
282,0,4,23,6,9,198,TRAINING,6,0,0,4,25416730,43270156,2312
282,0,4,23,6,9,199,TRAINING,5,3,0,1,45216730,23470156,1103
282,0,4,23,6,9,200,TRAINING,3,5,0,2,45316720,23570146,1138
282,0,4,23,6,9,201,TRAINING,1,7,0,3,45317620,23571046,1033
282,0,4,23,6,9,202,TRAINING,3,5,0,2,45317602,23571064,920
282,0,4,23,6,9,203,TRAINING,5,3,0,5,46317502,20571364,1212
282,0,4,23,6,9,204,TRAINING,7,1,1,4,46307512,20561374,1049
282,0,4,23,6,9,205,TRAINING,6,0,0,7,42307516,24561370,1792
282,0,4,23,6,9,206,TRAINING,3,5,0,0,32407516,54261370,1644
282,0,4,23,6,9,207,TRAINING,5,3,0,5,37402516,51264370,1202
282,0,4,23,6,9,208,TRAINING,3,5,0,0,31402576,57264310,1435
282,0,4,23,6,9,209,TEST,3,5,0,0,true,1242
282,0,4,23,6,9,210,TEST,1,7,0,0,true,1106
282,0,4,23,6,9,211,TEST,5,3,0,0,true,1267
282,0,4,23,6,9,212,TEST,4,2,1,1,true,1666
282,0,4,23,6,9,213,TEST,6,0,0,0,true,1369
282,0,4,23,6,9,214,TEST,2,4,1,1,true,1880
282,0,4,23,6,9,215,TEST,7,1,1,1,true,1050
282,0,4,23,6,9,216,TEST,0,6,1,1,true,714
282,0,4,23,6,10,217,TRAINING,3,5,0,0,30214657,56472031,1930
282,0,4,23,6,10,218,TRAINING,1,7,0,3,30215647,56473021,1505
282,0,4,23,6,10,219,TRAINING,5,3,0,1,35210647,53476021,1240
282,0,4,23,6,10,220,TRAINING,7,1,1,7,35214607,53472061,1133
282,0,4,23,6,10,221,TRAINING,6,0,0,0,65214307,03472561,1231
282,0,4,23,6,10,222,TRAINING,5,3,0,1,65234107,03452761,1095
282,0,4,23,6,10,223,TRAINING,1,7,0,7,65234701,03452167,1919
282,0,4,23,6,10,224,TRAINING,3,5,0,3,65034721,03652147,1040
282,0,4,23,6,10,225,TRAINING,5,3,0,1,65734021,03152647,1147
282,0,4,23,6,10,226,TRAINING,6,0,0,0,65734012,03152674,1062
282,0,4,23,6,10,227,TRAINING,1,7,0,4,65731042,03157624,1373
282,0,4,23,6,10,228,TRAINING,6,0,0,0,65731240,03157426,1597
282,0,4,23,6,10,229,TRAINING,5,3,0,7,60731245,06157423,1487
282,0,4,23,6,10,230,TRAINING,7,1,1,2,63701245,05167423,1166
282,0,4,23,6,10,231,TRAINING,6,0,0,0,63710245,05176423,949
282,0,4,23,6,10,232,TRAINING,3,5,0,4,60713245,06175423,1247
282,0,4,23,6,10,233,TEST,5,3,0,0,true,2806
282,0,4,23,6,10,234,TEST,1,7,0,0,true,707
282,0,4,23,6,10,235,TEST,0,6,1,1,true,1620
282,0,4,23,6,10,236,TEST,7,1,1,1,true,3601
282,0,4,23,6,10,237,TEST,2,4,1,1,true,3091
282,0,4,23,6,10,238,TEST,4,2,1,1,true,2515
282,0,4,23,6,10,239,TEST,3,5,0,0,true,1796
282,0,4,23,6,10,240,TEST,6,0,0,0,true,978
282,0,4,23,6,INSTRUCT,postquestionnaire,5

rulestrategy:I distinguished them mostly by their border color, Almost all A's are yellow except the blank of each type. So blank purple white border block is A but all the other yellow border blocks are A. For B it is vice versa
howtoimprove:N/A
engagement:8
difficulty:5
physicalaids:no