283,0,2,2,7,INSTRUCT,instruct1,14835
283,0,2,2,7,INSTRUCT,instructCatExample,13823
283,0,2,2,7,INSTRUCT,instructCatColor,2264
283,0,2,2,7,INSTRUCT,instructCatStripe,4968
283,0,2,2,7,INSTRUCT,instructDemoIntro,13436
283,0,2,2,7,INSTRUCT,instructDemo,87134
283,0,2,2,7,INSTRUCT,instructTest,23811
283,0,2,2,7,INSTRUCT,instructTest2,3384
283,0,2,2,7,INSTRUCT,instructDimColor,16237
283,0,2,2,7,INSTRUCT,instructDimBorder,2056
283,0,2,2,7,INSTRUCT,instructDimDots,1633
283,0,2,2,7,INSTRUCT,instructDimStripe,1501
283,0,2,2,7,INSTRUCT,instructDimAll,3566
283,0,2,2,7,INSTRUCT,instructFinal,2505
283,0,2,2,7,1,1,TRAINING,2,12,1,0,21036574,c9d84105,10238
283,0,2,2,7,1,2,TRAINING,1,9,0,1,21036547,c9d84150,1275
283,0,2,2,7,1,3,TRAINING,0,13,1,2,21036574,c9d84105,4903
283,0,2,2,7,1,4,TRAINING,6,4,0,3,21063574,c9d48105,4594
283,0,2,2,7,1,5,TRAINING,7,0,0,6,21063475,c9d48501,6397
283,0,2,2,7,1,6,TRAINING,4,5,1,5,20163475,cd948501,1281
283,0,2,2,7,1,7,TRAINING,2,12,1,0,20153476,cd918504,3734
283,0,2,2,7,1,8,TRAINING,3,8,0,4,20163475,cd948501,1650
283,0,2,2,7,1,9,TRAINING,6,4,0,5,20143675,cd958401,1116
283,0,2,2,7,1,10,TRAINING,4,5,1,1,24103675,c59d8401,1791
283,0,2,2,7,1,11,TRAINING,2,12,1,0,24013675,c5d98401,1049
283,0,2,2,7,1,12,TRAINING,1,9,0,3,24613075,c5498d01,1421
283,0,2,2,7,1,13,TRAINING,5,1,1,7,24613705,c54980d1,1494
283,0,2,2,7,1,14,TRAINING,6,4,0,4,24316705,c58940d1,16249
283,0,2,2,7,1,15,TRAINING,7,0,0,5,14326705,958c40d1,1404
283,0,2,2,7,1,16,TRAINING,0,13,1,6,12346705,9c8540d1,3664
283,0,2,2,7,1,17,TEST,5,1,1,1,true,4632
283,0,2,2,7,1,18,TEST,7,0,0,0,true,4243
283,0,2,2,7,1,19,TEST,2,12,1,0,false,1425
283,0,2,2,7,1,20,TEST,1,9,0,1,false,868
283,0,2,2,7,1,21,TEST,3,8,0,0,true,703
283,0,2,2,7,1,22,TEST,4,5,1,1,true,768
283,0,2,2,7,1,23,TEST,6,4,0,0,true,1432
283,0,2,2,7,1,24,TEST,0,13,1,1,true,828
283,0,2,2,7,2,25,TRAINING,5,1,1,0,51762403,1904c5d8,7143
283,0,2,2,7,2,26,TRAINING,7,0,0,2,51702463,190dc548,1124
283,0,2,2,7,2,27,TRAINING,1,9,0,1,51702364,190dc845,2743
283,0,2,2,7,2,28,TRAINING,3,8,0,5,41702365,590dc841,3144
283,0,2,2,7,2,29,TRAINING,3,8,0,5,41706325,590d48c1,5593
283,0,2,2,7,2,30,TRAINING,7,0,0,2,41760325,5904d8c1,1097
283,0,2,2,7,2,31,TRAINING,1,9,0,1,61740325,4905d8c1,1124
283,0,2,2,7,2,32,TRAINING,1,9,0,1,51740326,1905d8c4,1048
283,0,2,2,7,2,33,TRAINING,1,9,0,1,51740362,1905d84c,927
283,0,2,2,7,2,34,TRAINING,1,9,0,1,51760342,1904d85c,957
283,0,2,2,7,2,35,TRAINING,5,1,1,3,61750342,4901d85c,1842
283,0,2,2,7,2,36,TRAINING,4,5,1,4,61754302,490158dc,1689
283,0,2,2,7,2,37,TRAINING,0,13,1,6,71654302,094158dc,9195
283,0,2,2,7,2,38,TRAINING,2,12,1,7,71354602,098154dc,2103
283,0,2,2,7,2,39,TRAINING,3,8,0,2,61354702,498150dc,1492
283,0,2,2,7,2,40,TRAINING,7,0,0,0,71354602,098154dc,8223
283,0,2,2,7,2,41,TEST,1,9,0,1,false,2326
283,0,2,2,7,2,42,TEST,4,5,1,0,false,1422
283,0,2,2,7,2,43,TEST,7,0,0,0,true,1404
283,0,2,2,7,2,44,TEST,2,12,1,1,true,1577
283,0,2,2,7,2,45,TEST,5,1,1,0,false,2403
283,0,2,2,7,2,46,TEST,3,8,0,0,true,1153
283,0,2,2,7,2,47,TEST,0,13,1,1,true,517
283,0,2,2,7,2,48,TEST,6,4,0,1,false,473
283,0,2,2,7,3,49,TRAINING,7,0,0,1,67420351,405cd819,5119
283,0,2,2,7,3,50,TRAINING,3,8,0,5,67450321,4051d8c9,975
283,0,2,2,7,3,51,TRAINING,2,12,1,2,67250341,40c1d859,1273
283,0,2,2,7,3,52,TRAINING,6,4,0,0,67205341,40cd1859,1165
283,0,2,2,7,3,53,TRAINING,1,9,0,7,67250341,40c1d859,1727
283,0,2,2,7,3,54,TRAINING,3,8,0,6,67250431,40c1d589,2030
283,0,2,2,7,3,55,TRAINING,0,13,1,4,27650431,c041d589,2177
283,0,2,2,7,3,56,TRAINING,2,12,1,0,21650437,c941d580,987
283,0,2,2,7,3,57,TRAINING,4,5,1,5,25610437,c149d580,3701
283,0,2,2,7,3,58,TRAINING,6,4,0,6,25310467,c189d540,943
283,0,2,2,7,3,59,TRAINING,2,12,1,0,25317460,c189054d,3401
283,0,2,2,7,3,60,TRAINING,6,4,0,6,21357460,c981054d,1317
283,0,2,2,7,3,61,TRAINING,3,8,0,2,21375460,c980154d,2404
283,0,2,2,7,3,62,TRAINING,1,9,0,4,25371460,c180954d,1092
283,0,2,2,7,3,63,TRAINING,0,13,1,5,25371064,c1809d45,1036
283,0,2,2,7,3,64,TRAINING,4,5,1,2,25471063,c1509d48,7032
283,0,2,2,7,3,65,TEST,2,12,1,1,true,1005
283,0,2,2,7,3,66,TEST,3,8,0,0,true,497
283,0,2,2,7,3,67,TEST,0,13,1,1,true,511
283,0,2,2,7,3,68,TEST,1,9,0,0,true,553
283,0,2,2,7,3,69,TEST,5,1,1,0,false,3151
283,0,2,2,7,3,70,TEST,7,0,0,0,true,2966
283,0,2,2,7,3,71,TEST,6,4,0,1,false,779
283,0,2,2,7,3,72,TEST,4,5,1,0,false,776
283,0,2,2,7,4,73,TRAINING,5,1,1,2,46503712,541d809c,5705
283,0,2,2,7,4,74,TRAINING,1,9,0,6,47503612,501d849c,2010
283,0,2,2,7,4,75,TRAINING,0,13,1,3,27503614,c01d8495,1328
283,0,2,2,7,4,76,TRAINING,2,12,1,0,27506314,c01d4895,1538
283,0,2,2,7,4,77,TRAINING,4,5,1,4,27504316,c01d5894,1758
283,0,2,2,7,4,78,TRAINING,6,4,0,3,27564310,c014589d,936
283,0,2,2,7,4,79,TRAINING,5,1,1,7,27064315,c0d45891,3882
283,0,2,2,7,4,80,TRAINING,4,5,1,0,47062315,50d4c891,28513
283,0,2,2,7,4,81,TRAINING,7,0,0,1,47362015,5084cd91,7284
283,0,2,2,7,4,82,TRAINING,3,8,0,2,47362105,5084c9d1,9013
283,0,2,2,7,4,83,TRAINING,1,9,0,3,47312605,5089c4d1,6053
283,0,2,2,7,4,84,TRAINING,2,12,1,4,74312605,0589c4d1,8344
283,0,2,2,7,4,85,TRAINING,0,13,1,5,74312065,0589cd41,14371
283,0,2,2,7,4,86,TRAINING,6,4,0,6,74512063,0519cd48,10187
283,0,2,2,7,4,87,TRAINING,4,5,1,3,71542063,0915cd48,26558
283,0,2,2,7,4,88,TRAINING,5,1,1,4,71245063,09c51d48,10410
283,0,2,2,7,4,89,TEST,0,13,1,0,false,5513
283,0,2,2,7,4,90,TEST,3,8,0,0,true,3226
283,0,2,2,7,4,91,TEST,1,9,0,0,true,1999
283,0,2,2,7,4,92,TEST,4,5,1,1,true,2833
283,0,2,2,7,4,93,TEST,2,12,1,1,true,3217
283,0,2,2,7,4,94,TEST,5,1,1,1,true,2700
283,0,2,2,7,4,95,TEST,7,0,0,0,true,5488
283,0,2,2,7,4,96,TEST,6,4,0,0,true,6002
283,0,2,2,7,5,97,TRAINING,5,1,1,0,51072364,19d0c845,55041
283,0,2,2,7,5,98,TRAINING,1,9,0,1,51032764,19d8c045,3715
283,0,2,2,7,5,99,TRAINING,0,13,1,2,51036724,19d840c5,2528
283,0,2,2,7,5,100,TRAINING,4,5,1,7,21036754,c9d84015,3077
283,0,2,2,7,5,101,TRAINING,7,0,0,5,23016754,c8d94015,2131
283,0,2,2,7,5,102,TRAINING,3,8,0,4,26013754,c4d98015,1938
283,0,2,2,7,5,103,TRAINING,2,12,1,0,21063754,c9d48015,7060
283,0,2,2,7,5,104,TRAINING,6,4,0,3,20163754,cd948015,5540
283,0,2,2,7,5,105,TRAINING,3,8,0,4,27163054,c0948d15,3695
283,0,2,2,7,5,106,TRAINING,2,12,1,0,27063154,c0d48915,2865
283,0,2,2,7,5,107,TRAINING,7,0,0,5,21063754,c9d48015,3943
283,0,2,2,7,5,108,TRAINING,2,12,1,0,21360754,c984d015,924
283,0,2,2,7,5,109,TRAINING,4,5,1,7,21350764,c981d045,1484
283,0,2,2,7,5,110,TRAINING,3,8,0,2,20351764,cd819045,1519
283,0,2,2,7,5,111,TRAINING,7,0,0,5,20361754,cd849015,1111
283,0,2,2,7,5,112,TRAINING,4,5,1,7,20316754,cd894015,1288
283,0,2,2,7,5,113,TEST,2,12,1,1,true,17870
283,0,2,2,7,5,114,TEST,6,4,0,0,true,4542
283,0,2,2,7,5,115,TEST,4,5,1,1,true,4992
283,0,2,2,7,5,116,TEST,0,13,1,1,true,5165
283,0,2,2,7,5,117,TEST,3,8,0,0,true,4734
283,0,2,2,7,5,118,TEST,7,0,0,0,true,13963
283,0,2,2,7,5,119,TEST,5,1,1,1,true,5885
283,0,2,2,7,5,120,TEST,1,9,0,0,true,3372
283,0,2,2,7,6,121,TRAINING,6,4,0,2,53614720,184950cd,48387
283,0,2,2,7,6,122,TRAINING,7,0,0,5,53624710,184c509d,1758
283,0,2,2,7,6,123,TRAINING,5,1,1,0,54623710,154c809d,2895
283,0,2,2,7,6,124,TRAINING,4,5,1,1,54603712,154d809c,3535
283,0,2,2,7,6,125,TRAINING,5,1,1,0,54203716,15cd8094,4152
283,0,2,2,7,6,126,TRAINING,2,12,1,5,54703216,150d8c94,3069
283,0,2,2,7,6,127,TRAINING,3,8,0,3,54730216,1508dc94,5001
283,0,2,2,7,6,128,TRAINING,0,13,1,4,57430216,1058dc94,5087
283,0,2,2,7,6,129,TRAINING,1,9,0,6,47530216,5018dc94,1473
283,0,2,2,7,6,130,TRAINING,5,1,1,3,47350216,5081dc94,5302
283,0,2,2,7,6,131,TRAINING,4,5,1,4,07354216,d0815c94,1204
283,0,2,2,7,6,132,TRAINING,6,4,0,7,27354016,c0815d94,1245
283,0,2,2,7,6,133,TRAINING,1,9,0,6,37254016,80c15d94,1077
283,0,2,2,7,6,134,TRAINING,7,0,0,1,37452016,8051cd94,949
283,0,2,2,7,6,135,TRAINING,0,13,1,4,37450216,8051dc94,1036
283,0,2,2,7,6,136,TRAINING,4,5,1,2,37450612,8051d49c,1088
283,0,2,2,7,6,137,TEST,3,8,0,0,true,8189
283,0,2,2,7,6,138,TEST,4,5,1,1,true,4196
283,0,2,2,7,6,139,TEST,0,13,1,1,true,3371
283,0,2,2,7,6,140,TEST,5,1,1,1,true,4570
283,0,2,2,7,6,141,TEST,6,4,0,0,true,3929
283,0,2,2,7,6,142,TEST,2,12,1,1,true,3998
283,0,2,2,7,6,143,TEST,7,0,0,0,true,6067
283,0,2,2,7,6,144,TEST,1,9,0,0,true,4044
283,0,2,2,7,INSTRUCT,postquestionnaire,2

rulestrategy:I used a pen and paper and made a chart
howtoimprove:
engagement:8
difficulty:8
physicalaids:yes