284,0,1,2,0,INSTRUCT,instruct1,11978
284,0,1,2,0,INSTRUCT,instructCatExample,10110
284,0,1,2,0,INSTRUCT,instructCatColor,9426
284,0,1,2,0,INSTRUCT,instructCatStripe,2151
284,0,1,2,0,INSTRUCT,instructDemoIntro,1535
284,0,1,2,0,INSTRUCT,instructDemo,84654
284,0,1,2,0,INSTRUCT,instructTest,11796
284,0,1,2,0,INSTRUCT,instructTest2,13384
284,0,1,2,0,INSTRUCT,instructDimColor,3329
284,0,1,2,0,INSTRUCT,instructDimBorder,2922
284,0,1,2,0,INSTRUCT,instructDimDots,1745
284,0,1,2,0,INSTRUCT,instructDimStripe,3390
284,0,1,2,0,INSTRUCT,instructDimAll,10112
284,0,1,2,0,INSTRUCT,instructFinal,4175
284,0,1,2,0,1,1,TRAINING,7,13,0,1,37452601,5d8c1904,9668
284,0,1,2,0,1,2,TRAINING,4,8,0,2,37452061,5d8c1094,12593
284,0,1,2,0,1,3,TRAINING,1,4,1,7,27453061,1d8c5094,1323
284,0,1,2,0,1,4,TRAINING,5,12,1,6,27463051,1d8950c4,2972
284,0,1,2,0,1,5,TRAINING,7,13,0,3,26473051,198d50c4,1706
284,0,1,2,0,1,6,TRAINING,6,9,1,1,26073451,190d58c4,2455
284,0,1,2,0,1,7,TRAINING,2,1,1,0,26073415,190d584c,2837
284,0,1,2,0,1,8,TRAINING,0,0,0,4,26370415,195d084c,6733
284,0,1,2,0,1,9,TRAINING,5,12,1,7,26370145,195d048c,3809
284,0,1,2,0,1,10,TRAINING,6,9,1,1,26310745,19540d8c,1448
284,0,1,2,0,1,11,TRAINING,1,4,1,2,26130745,19450d8c,1373
284,0,1,2,0,1,12,TRAINING,0,0,0,3,26103745,19405d8c,3047
284,0,1,2,0,1,13,TRAINING,2,1,1,0,25103746,1c405d89,1115
284,0,1,2,0,1,14,TRAINING,4,8,0,6,25106743,1c409d85,1767
284,0,1,2,0,1,15,TRAINING,6,9,1,4,25106347,1c40958d,1522
284,0,1,2,0,1,16,TRAINING,0,0,0,0,05126347,0c41958d,3069
284,0,1,2,0,1,17,TEST,6,9,1,0,false,6208
284,0,1,2,0,1,18,TEST,5,12,1,1,true,2701
284,0,1,2,0,1,19,TEST,7,13,0,1,false,954
284,0,1,2,0,1,20,TEST,1,4,1,1,true,589
284,0,1,2,0,1,21,TEST,0,0,0,1,false,2137
284,0,1,2,0,1,22,TEST,3,5,0,1,false,1286
284,0,1,2,0,1,23,TEST,4,8,0,0,true,812
284,0,1,2,0,1,24,TEST,2,1,1,1,true,1459
284,0,1,2,0,2,25,TRAINING,4,8,0,3,50341276,c05841d9,3646
284,0,1,2,0,2,26,TRAINING,0,0,0,1,50641273,c09841d5,1361
284,0,1,2,0,2,27,TRAINING,2,1,1,5,50643271,c09851d4,1154
284,0,1,2,0,2,28,TRAINING,6,9,1,2,10643275,409851dc,1929
284,0,1,2,0,2,29,TRAINING,1,4,1,0,13640275,459801dc,1373
284,0,1,2,0,2,30,TRAINING,6,9,1,2,12640375,419805dc,2518
284,0,1,2,0,2,31,TRAINING,7,13,0,6,13640275,459801dc,2689
284,0,1,2,0,2,32,TRAINING,5,12,1,7,12640375,419805dc,4680
284,0,1,2,0,2,33,TRAINING,1,4,1,0,12460375,418905dc,3425
284,0,1,2,0,2,34,TRAINING,3,5,0,1,13460275,458901dc,1841
284,0,1,2,0,2,35,TRAINING,2,1,1,5,13470265,458d019c,4779
284,0,1,2,0,2,36,TRAINING,7,13,0,3,13570264,45cd0198,1339
284,0,1,2,0,2,37,TRAINING,6,9,1,6,13470265,458d019c,1373
284,0,1,2,0,2,38,TRAINING,0,0,0,4,23470165,158d049c,1080
284,0,1,2,0,2,39,TRAINING,5,12,1,7,73420165,d581049c,1484
284,0,1,2,0,2,40,TRAINING,7,13,0,2,43720165,85d1049c,8085
284,0,1,2,0,2,41,TEST,7,13,0,0,true,1206
284,0,1,2,0,2,42,TEST,6,9,1,1,true,1093
284,0,1,2,0,2,43,TEST,4,8,0,1,false,1054
284,0,1,2,0,2,44,TEST,0,0,0,0,true,576
284,0,1,2,0,2,45,TEST,1,4,1,0,false,479
284,0,1,2,0,2,46,TEST,5,12,1,1,true,1472
284,0,1,2,0,2,47,TEST,2,1,1,0,false,1830
284,0,1,2,0,2,48,TEST,3,5,0,0,true,979
284,0,1,2,0,3,49,TRAINING,6,9,1,3,41562073,84c910d5,3339
284,0,1,2,0,3,50,TRAINING,2,1,1,0,21564073,14c980d5,2545
284,0,1,2,0,3,51,TRAINING,4,8,0,4,25164073,1c4980d5,979
284,0,1,2,0,3,52,TRAINING,7,13,0,6,25614073,1c9480d5,4052
284,0,1,2,0,3,53,TRAINING,2,1,1,7,35614072,5c9480d1,4115
284,0,1,2,0,3,54,TRAINING,3,5,0,0,30614572,50948cd1,1351
284,0,1,2,0,3,55,TRAINING,4,8,0,5,30615472,5094c8d1,6241
284,0,1,2,0,3,56,TRAINING,1,4,1,3,30215476,5014c8d9,2578
284,0,1,2,0,3,57,TRAINING,0,0,0,1,70215436,d014c859,1154
284,0,1,2,0,3,58,TRAINING,5,12,1,6,70213456,d01458c9,1264
284,0,1,2,0,3,59,TRAINING,6,9,1,7,70123456,d04158c9,2813
284,0,1,2,0,3,60,TRAINING,3,5,0,4,70143256,d04851c9,1127
284,0,1,2,0,3,61,TRAINING,7,13,0,0,70413256,d08451c9,4054
284,0,1,2,0,3,62,TRAINING,2,1,1,7,70413652,d08459c1,2567
284,0,1,2,0,3,63,TRAINING,0,0,0,1,70453612,d08c5941,1917
284,0,1,2,0,3,64,TRAINING,1,4,1,6,70354612,d05c8941,2910
284,0,1,2,0,3,65,TEST,5,12,1,0,false,5016
284,0,1,2,0,3,66,TEST,1,4,1,1,true,1166
284,0,1,2,0,3,67,TEST,4,8,0,0,true,2146
284,0,1,2,0,3,68,TEST,7,13,0,0,true,406
284,0,1,2,0,3,69,TEST,0,0,0,1,false,342
284,0,1,2,0,3,70,TEST,3,5,0,1,false,341
284,0,1,2,0,3,71,TEST,6,9,1,0,false,182
284,0,1,2,0,3,72,TEST,2,1,1,0,false,244
284,0,1,2,0,4,73,TRAINING,3,5,0,2,75306124,dc509418,1227
284,0,1,2,0,4,74,TRAINING,1,4,1,7,75306421,dc509814,1731
284,0,1,2,0,4,75,TRAINING,7,13,0,0,75326401,dc519804,1533
284,0,1,2,0,4,76,TRAINING,6,9,1,4,75026431,dc019854,2555
284,0,1,2,0,4,77,TRAINING,2,1,1,5,75046231,dc089154,4061
284,0,1,2,0,4,78,TRAINING,5,12,1,1,75406231,dc809154,1116
284,0,1,2,0,4,79,TRAINING,0,0,0,6,75436201,dc859104,1154
284,0,1,2,0,4,80,TRAINING,2,1,1,5,75416203,dc849105,1078
284,0,1,2,0,4,81,TRAINING,6,9,1,4,75436201,dc859104,1472
284,0,1,2,0,4,82,TRAINING,7,13,0,3,35476201,5c8d9104,1558
284,0,1,2,0,4,83,TRAINING,1,4,1,7,53476201,c58d9104,7702
284,0,1,2,0,4,84,TRAINING,5,12,1,0,50476231,c08d9154,1582
284,0,1,2,0,4,85,TRAINING,3,5,0,6,54076231,c80d9154,3045
284,0,1,2,0,4,86,TRAINING,7,13,0,3,54276031,c81d9054,2577
284,0,1,2,0,4,87,TRAINING,0,0,0,7,54276130,c81d9450,7321
284,0,1,2,0,4,88,TRAINING,4,8,0,1,64275130,981dc450,1448
284,0,1,2,0,4,89,TEST,6,9,1,1,true,2446
284,0,1,2,0,4,90,TEST,0,0,0,1,false,1547
284,0,1,2,0,4,91,TEST,4,8,0,1,false,1165
284,0,1,2,0,4,92,TEST,3,5,0,0,true,1903
284,0,1,2,0,4,93,TEST,7,13,0,0,true,1840
284,0,1,2,0,4,94,TEST,1,4,1,1,true,2221
284,0,1,2,0,4,95,TEST,5,12,1,1,true,648
284,0,1,2,0,4,96,TEST,2,1,1,0,false,1092
284,0,1,2,0,5,97,TRAINING,6,9,1,2,07643125,0d98541c,3635
284,0,1,2,0,5,98,TRAINING,0,0,0,6,27643105,1d98540c,1756
284,0,1,2,0,5,99,TRAINING,4,8,0,3,72643105,d198540c,1007
284,0,1,2,0,5,100,TRAINING,1,4,1,0,12643705,41985d0c,2047
284,0,1,2,0,5,101,TRAINING,7,13,0,5,12346705,41589d0c,3416
284,0,1,2,0,5,102,TRAINING,0,0,0,7,12346750,41589dc0,5120
284,0,1,2,0,5,103,TRAINING,3,5,0,4,12643750,41985dc0,1508
284,0,1,2,0,5,104,TRAINING,5,12,1,6,12673450,419d58c0,1402
284,0,1,2,0,5,105,TRAINING,1,4,1,0,10673452,409d58c1,2304
284,0,1,2,0,5,106,TRAINING,0,0,0,1,10673254,409d51c8,1608
284,0,1,2,0,5,107,TRAINING,4,8,0,7,10637254,4095d1c8,1166
284,0,1,2,0,5,108,TRAINING,7,13,0,4,10627354,4091d5c8,1140
284,0,1,2,0,5,109,TRAINING,0,0,0,1,10627534,4091dc58,1141
284,0,1,2,0,5,110,TRAINING,6,9,1,2,10627354,4091d5c8,2001
284,0,1,2,0,5,111,TRAINING,3,5,0,5,40627351,8091d5c4,907
284,0,1,2,0,5,112,TRAINING,5,12,1,6,42607351,8190d5c4,837
284,0,1,2,0,5,113,TEST,0,0,0,0,true,2373
284,0,1,2,0,5,114,TEST,2,1,1,0,false,2626
284,0,1,2,0,5,115,TEST,6,9,1,1,true,771
284,0,1,2,0,5,116,TEST,4,8,0,1,false,1215
284,0,1,2,0,5,117,TEST,3,5,0,0,true,1276
284,0,1,2,0,5,118,TEST,1,4,1,0,false,563
284,0,1,2,0,5,119,TEST,5,12,1,1,true,857
284,0,1,2,0,5,120,TEST,7,13,0,1,false,392
284,0,1,2,0,6,121,TRAINING,0,0,0,1,70164325,d049851c,1237
284,0,1,2,0,6,122,TRAINING,2,1,1,6,70614325,d094851c,1327
284,0,1,2,0,6,123,TRAINING,1,4,1,7,70654321,d09c8514,1250
284,0,1,2,0,6,124,TRAINING,5,12,1,3,73654021,d59c8014,1017
284,0,1,2,0,6,125,TRAINING,7,13,0,1,37654021,5d9c8014,1127
284,0,1,2,0,6,126,TRAINING,4,8,0,4,17654023,4d9c8015,1251
284,0,1,2,0,6,127,TRAINING,2,1,1,6,17604523,4d908c15,1288
284,0,1,2,0,6,128,TRAINING,5,12,1,5,17064523,4d098c15,1055
284,0,1,2,0,6,129,TRAINING,7,13,0,1,67014523,9d048c15,1040
284,0,1,2,0,6,130,TRAINING,2,1,1,7,67014532,9d048c51,1264
284,0,1,2,0,6,131,TRAINING,6,9,1,0,67015432,9d04c851,1743
284,0,1,2,0,6,132,TRAINING,1,4,1,3,60715432,90d4c851,1079
284,0,1,2,0,6,133,TRAINING,7,13,0,2,60712435,90d4185c,1092
284,0,1,2,0,6,134,TRAINING,3,5,0,6,40712635,80d4195c,992
284,0,1,2,0,6,135,TRAINING,5,12,1,7,40762135,80d9145c,1965
284,0,1,2,0,6,136,TRAINING,0,0,0,1,40726135,80d1945c,1336
284,0,1,2,0,6,137,TEST,6,9,1,1,true,1232
284,0,1,2,0,6,138,TEST,3,5,0,1,false,2184
284,0,1,2,0,6,139,TEST,7,13,0,0,true,1107
284,0,1,2,0,6,140,TEST,4,8,0,1,false,707
284,0,1,2,0,6,141,TEST,2,1,1,0,false,589
284,0,1,2,0,6,142,TEST,5,12,1,0,false,2111
284,0,1,2,0,6,143,TEST,1,4,1,1,true,1547
284,0,1,2,0,6,144,TEST,0,0,0,0,true,551
284,0,1,2,0,7,145,TRAINING,2,1,1,6,40536721,80c59d14,39857
284,0,1,2,0,7,146,TRAINING,0,0,0,1,70536421,d0c59814,1276
284,0,1,2,0,7,147,TRAINING,1,4,1,7,70635421,d095c814,1104
284,0,1,2,0,7,148,TRAINING,5,12,1,4,30675421,509dc814,1140
284,0,1,2,0,7,149,TRAINING,2,1,1,1,32675401,519dc804,2664
284,0,1,2,0,7,150,TRAINING,3,5,0,2,62375401,915dc804,1215
284,0,1,2,0,7,151,TRAINING,1,4,1,7,72365401,d159c804,1399
284,0,1,2,0,7,152,TRAINING,4,8,0,5,72305461,d150c894,1032
284,0,1,2,0,7,153,TRAINING,2,1,1,1,72306451,d15098c4,1585
284,0,1,2,0,7,154,TRAINING,3,5,0,2,72360451,d15908c4,1385
284,0,1,2,0,7,155,TRAINING,7,13,0,0,72360154,d15904c8,1277
284,0,1,2,0,7,156,TRAINING,1,4,1,5,72350164,d15c0498,921
284,0,1,2,0,7,157,TRAINING,5,12,1,2,72530164,d1c50498,8280
284,0,1,2,0,7,158,TRAINING,1,4,1,5,32570164,51cd0498,1080
284,0,1,2,0,7,159,TRAINING,0,0,0,4,32560174,51c904d8,1571
284,0,1,2,0,7,160,TRAINING,6,9,1,3,34560172,58c904d1,1731
284,0,1,2,0,7,161,TEST,1,4,1,0,false,1722
284,0,1,2,0,7,162,TEST,3,5,0,1,false,1116
284,0,1,2,0,7,163,TEST,7,13,0,1,false,1302
284,0,1,2,0,7,164,TEST,6,9,1,0,false,1487
284,0,1,2,0,7,165,TEST,5,12,1,1,true,1141
284,0,1,2,0,7,166,TEST,4,8,0,0,true,1670
284,0,1,2,0,7,167,TEST,0,0,0,0,true,676
284,0,1,2,0,7,168,TEST,2,1,1,1,true,1092
284,0,1,2,0,8,169,TRAINING,1,4,1,2,56137240,c945d180,1495
284,0,1,2,0,8,170,TRAINING,5,12,1,0,50137246,c045d189,247075
284,0,1,2,0,8,171,TRAINING,2,1,1,5,50134276,c04581d9,8725
284,0,1,2,0,8,172,TRAINING,0,0,0,1,50431276,c08541d9,5911
284,0,1,2,0,8,173,TRAINING,7,13,0,6,50436271,c08591d4,6600
284,0,1,2,0,8,174,TRAINING,6,9,1,2,50634271,c09581d4,6352
284,0,1,2,0,8,175,TRAINING,3,5,0,3,05634271,0c9581d4,11988
284,0,1,2,0,8,176,TRAINING,1,4,1,0,15634270,4c9581d0,8111
284,0,1,2,0,8,177,TRAINING,0,0,0,7,16534270,49c581d0,7066
284,0,1,2,0,8,178,TRAINING,0,0,0,7,16354270,495c81d0,57996
284,0,1,2,0,8,179,TRAINING,1,4,1,0,16354720,495c8d10,3893
284,0,1,2,0,8,180,TRAINING,3,5,0,2,16357420,495cd810,1326
284,0,1,2,0,8,181,TRAINING,6,9,1,6,12357460,415cd890,1082
284,0,1,2,0,8,182,TRAINING,7,13,0,1,17352460,4d5c1890,1142
284,0,1,2,0,8,183,TRAINING,6,9,1,6,17302465,4d50189c,1807
284,0,1,2,0,8,184,TRAINING,0,0,0,3,17402365,4d80159c,1288
284,0,1,2,0,8,185,TEST,7,13,0,0,true,4380
284,0,1,2,0,8,186,TEST,5,12,1,1,true,2728
284,0,1,2,0,8,187,TEST,4,8,0,0,true,3576
284,0,1,2,0,8,188,TEST,0,0,0,0,true,5063
284,0,1,2,0,8,189,TEST,1,4,1,1,true,3233
284,0,1,2,0,8,190,TEST,2,1,1,1,true,2114
284,0,1,2,0,8,191,TEST,3,5,0,0,true,4094
284,0,1,2,0,8,192,TEST,6,9,1,1,true,1877
284,0,1,2,0,9,193,TRAINING,7,13,0,1,57243610,cd185940,2570
284,0,1,2,0,9,194,TRAINING,6,9,1,2,57643210,cd985140,8737
284,0,1,2,0,9,195,TRAINING,5,12,1,0,57643201,cd985104,2617
284,0,1,2,0,9,196,TRAINING,0,0,0,6,57641203,cd984105,1305
284,0,1,2,0,9,197,TRAINING,4,8,0,3,51647203,c498d105,1339
284,0,1,2,0,9,198,TRAINING,3,5,0,7,51247603,c418d905,944
284,0,1,2,0,9,199,TRAINING,2,1,1,4,51742603,c4d81905,3234
284,0,1,2,0,9,200,TRAINING,5,12,1,0,57142603,cd481905,921
284,0,1,2,0,9,201,TRAINING,6,9,1,5,57412603,cd841905,1202
284,0,1,2,0,9,202,TRAINING,4,8,0,1,54712603,c8d41905,1379
284,0,1,2,0,9,203,TRAINING,5,12,1,0,54312607,c854190d,1620
284,0,1,2,0,9,204,TRAINING,7,13,0,7,54312067,c854109d,1215
284,0,1,2,0,9,205,TRAINING,6,9,1,6,53412067,c584109d,1216
284,0,1,2,0,9,206,TRAINING,0,0,0,5,13452067,458c109d,1020
284,0,1,2,0,9,207,TRAINING,4,8,0,2,15432067,4c85109d,1804
284,0,1,2,0,9,208,TRAINING,3,5,0,3,15432076,4c8510d9,935
284,0,1,2,0,9,209,TEST,1,4,1,1,true,3492
284,0,1,2,0,9,210,TEST,4,8,0,0,true,4586
284,0,1,2,0,9,211,TEST,3,5,0,1,false,2890
284,0,1,2,0,9,212,TEST,2,1,1,1,true,2442
284,0,1,2,0,9,213,TEST,7,13,0,0,true,992
284,0,1,2,0,9,214,TEST,5,12,1,1,true,2030
284,0,1,2,0,9,215,TEST,6,9,1,0,false,2199
284,0,1,2,0,9,216,TEST,0,0,0,1,false,3540
284,0,1,2,0,10,217,TRAINING,4,8,0,0,40752631,80dc1954,2062
284,0,1,2,0,10,218,TRAINING,5,12,1,7,40712635,80d4195c,1021
284,0,1,2,0,10,219,TRAINING,7,13,0,3,40172635,804d195c,2298
284,0,1,2,0,10,220,TRAINING,2,1,1,4,43172605,854d190c,920
284,0,1,2,0,10,221,TRAINING,6,9,1,5,43572601,85cd1904,2028
284,0,1,2,0,10,222,TRAINING,5,12,1,6,43072651,850d19c4,63157
284,0,1,2,0,10,223,TRAINING,6,9,1,5,43702651,85d019c4,1524
284,0,1,2,0,10,224,TRAINING,0,0,0,3,43701652,85d049c1,31618
284,0,1,2,0,10,225,TRAINING,4,8,0,0,43705612,85d0c941,1364
284,0,1,2,0,10,226,TRAINING,0,0,0,3,46705312,89d0c541,1931
284,0,1,2,0,10,227,TRAINING,4,8,0,0,46703512,89d05c41,2754
284,0,1,2,0,10,228,TRAINING,7,13,0,7,46203517,89105c4d,4866
284,0,1,2,0,10,229,TRAINING,3,5,0,4,46503217,89c0514d,1734
284,0,1,2,0,10,230,TRAINING,2,1,1,5,45603217,8c90514d,2728
284,0,1,2,0,10,231,TRAINING,6,9,1,0,65403217,9c80514d,1387
284,0,1,2,0,10,232,TRAINING,7,13,0,7,65304217,9c50814d,1685
284,0,1,2,0,10,233,TEST,7,13,0,0,true,4712
284,0,1,2,0,10,234,TEST,5,12,1,1,true,2434
284,0,1,2,0,10,235,TEST,2,1,1,1,true,2950
284,0,1,2,0,10,236,TEST,0,0,0,0,true,7425
284,0,1,2,0,10,237,TEST,4,8,0,0,true,2386
284,0,1,2,0,10,238,TEST,1,4,1,1,true,2482
284,0,1,2,0,10,239,TEST,3,5,0,0,true,1795
284,0,1,2,0,10,240,TEST,6,9,1,1,true,1180
284,0,1,2,0,11,241,TRAINING,7,13,0,7,62431507,91854c0d,7854
284,0,1,2,0,11,242,TRAINING,2,1,1,1,62431057,918540cd,1008
284,0,1,2,0,11,243,TRAINING,0,0,0,5,62341057,915840cd,2704
284,0,1,2,0,11,244,TRAINING,3,5,0,6,62541037,91c8405d,1006
284,0,1,2,0,11,245,TRAINING,4,8,0,4,62514037,91c4805d,2496
284,0,1,2,0,11,246,TRAINING,5,12,1,0,52614037,c194805d,4647
284,0,1,2,0,11,247,TRAINING,1,4,1,2,52164037,c149805d,2104
284,0,1,2,0,11,248,TRAINING,1,4,1,2,52160437,c149085d,4817
284,0,1,2,0,11,249,TRAINING,0,0,0,4,25160437,1c49085d,3322
284,0,1,2,0,11,250,TRAINING,4,8,0,5,25130467,1c45089d,5137
284,0,1,2,0,11,251,TRAINING,6,9,1,2,25630417,1c95084d,1341
284,0,1,2,0,11,252,TRAINING,5,12,1,3,23650417,159c084d,1241
284,0,1,2,0,11,253,TRAINING,7,13,0,7,23650147,159c048d,943
284,0,1,2,0,11,254,TRAINING,4,8,0,6,23056147,150c948d,1353
284,0,1,2,0,11,255,TRAINING,1,4,1,1,21056347,140c958d,1770
284,0,1,2,0,11,256,TRAINING,6,9,1,3,21065347,1409c58d,1340
284,0,1,2,0,11,257,TEST,4,8,0,0,true,4599
284,0,1,2,0,11,258,TEST,6,9,1,1,true,2189
284,0,1,2,0,11,259,TEST,0,0,0,0,true,3316
284,0,1,2,0,11,260,TEST,2,1,1,1,true,2902
284,0,1,2,0,11,261,TEST,1,4,1,0,false,5262
284,0,1,2,0,11,262,TEST,3,5,0,0,true,6983
284,0,1,2,0,11,263,TEST,7,13,0,0,true,2913
284,0,1,2,0,11,264,TEST,5,12,1,1,true,26183
284,0,1,2,0,12,265,TRAINING,7,13,0,5,05364721,0c598d14,1141
284,0,1,2,0,12,266,TRAINING,6,9,1,3,05364712,0c598d41,1342
284,0,1,2,0,12,267,TRAINING,3,5,0,2,05364721,0c598d14,919
284,0,1,2,0,12,268,TRAINING,4,8,0,7,05361724,0c594d18,1032
284,0,1,2,0,12,269,TRAINING,1,4,1,4,05361274,0c5941d8,1206
284,0,1,2,0,12,270,TRAINING,0,0,0,0,05371264,0c5d4198,1684
284,0,1,2,0,12,271,TRAINING,2,1,1,5,05671234,0c9d4158,1056
284,0,1,2,0,12,272,TRAINING,6,9,1,2,01675234,049dc158,997
284,0,1,2,0,12,273,TRAINING,1,4,1,7,04675231,089dc154,1144
284,0,1,2,0,12,274,TRAINING,3,5,0,6,04657231,089cd154,984
284,0,1,2,0,12,275,TRAINING,2,1,1,5,04567231,08c9d154,1326
284,0,1,2,0,12,276,TRAINING,7,13,0,4,40567231,80c9d154,1167
284,0,1,2,0,12,277,TRAINING,0,0,0,1,40537261,80c5d194,923
284,0,1,2,0,12,278,TRAINING,5,12,1,2,30547261,50c8d194,923
284,0,1,2,0,12,279,TRAINING,1,4,1,7,30574261,50cd8194,1131
284,0,1,2,0,12,280,TRAINING,3,5,0,3,70534261,d0c58194,1009
284,0,1,2,0,12,281,TEST,5,12,1,1,true,5154
284,0,1,2,0,12,282,TEST,2,1,1,1,true,3184
284,0,1,2,0,12,283,TEST,3,5,0,0,true,2274
284,0,1,2,0,12,284,TEST,4,8,0,0,true,2324
284,0,1,2,0,12,285,TEST,0,0,0,0,true,2360
284,0,1,2,0,12,286,TEST,6,9,1,1,true,2298
284,0,1,2,0,12,287,TEST,7,13,0,0,true,6174
284,0,1,2,0,12,288,TEST,1,4,1,1,true,5618
284,0,1,2,0,13,289,TRAINING,4,8,0,6,21735640,14d5c980,1057
284,0,1,2,0,13,290,TRAINING,5,12,1,4,27135640,1d45c980,923
284,0,1,2,0,13,291,TRAINING,2,1,1,0,27315640,1d54c980,1080
284,0,1,2,0,13,292,TRAINING,4,8,0,5,27315460,1d54c890,947
284,0,1,2,0,13,293,TRAINING,6,9,1,6,20315467,1054c89d,2015
284,0,1,2,0,13,294,TRAINING,3,5,0,2,50312467,c054189d,1402
284,0,1,2,0,13,295,TRAINING,1,4,1,3,50317462,c054d891,1267
284,0,1,2,0,13,296,TRAINING,6,9,1,0,60317452,9054d8c1,947
284,0,1,2,0,13,297,TRAINING,4,8,0,5,60713452,90d458c1,6097
284,0,1,2,0,13,298,TRAINING,7,13,0,4,60317452,9054d8c1,2840
284,0,1,2,0,13,299,TRAINING,0,0,0,6,65317402,9c54d801,1721
284,0,1,2,0,13,300,TRAINING,3,5,0,2,56317402,c954d801,2152
284,0,1,2,0,13,301,TRAINING,5,12,1,0,56347102,c958d401,3170
284,0,1,2,0,13,302,TRAINING,1,4,1,5,52347106,c158d409,1303
284,0,1,2,0,13,303,TRAINING,6,9,1,7,57342106,cd581409,3935
284,0,1,2,0,13,304,TRAINING,2,1,1,4,50342176,c05814d9,1007
284,0,1,2,0,13,305,TEST,3,5,0,0,true,2609
284,0,1,2,0,13,306,TEST,2,1,1,1,true,2273
284,0,1,2,0,13,307,TEST,6,9,1,1,true,3184
284,0,1,2,0,13,308,TEST,1,4,1,1,true,8851
284,0,1,2,0,13,309,TEST,0,0,0,0,true,2863
284,0,1,2,0,13,310,TEST,7,13,0,0,true,3306
284,0,1,2,0,13,311,TEST,5,12,1,1,true,3663
284,0,1,2,0,13,312,TEST,4,8,0,0,true,1757
284,0,1,2,0,INSTRUCT,postquestionnaire,2

rulestrategy:Yellow border w/slash = a
white border w/slash = b

white border noslash = a
yellow border noslash =b

howtoimprove:
engagement:4
difficulty:10
physicalaids:yes