285,0,3,2,15,INSTRUCT,instruct1,20324
285,0,3,2,15,INSTRUCT,instructCatExample,58761
285,0,3,2,15,INSTRUCT,instructCatColor,13402
285,0,3,2,15,INSTRUCT,instructCatStripe,28510
285,0,3,2,15,INSTRUCT,instructDemoIntro,113225
285,0,3,2,15,INSTRUCT,instructDemo,21786
285,0,3,2,15,INSTRUCT,instructTest,41026
285,0,3,2,15,INSTRUCT,instructTest2,44241
285,0,3,2,15,INSTRUCT,instructDimColor,16421
285,0,3,2,15,INSTRUCT,instructDimBorder,4932
285,0,3,2,15,INSTRUCT,instructDimDots,7565
285,0,3,2,15,INSTRUCT,instructDimStripe,10581
285,0,3,2,15,INSTRUCT,instructDimAll,24419
285,0,3,2,15,INSTRUCT,instructFinal,73278
285,0,3,2,15,1,1,TRAINING,2,14,1,0,23617054,ea6b2f37,6261
285,0,3,2,15,1,2,TRAINING,6,6,0,7,23417056,ea7b2f36,3785
285,0,3,2,15,1,3,TRAINING,4,7,1,2,20417356,ef7b2a36,2353
285,0,3,2,15,1,4,TRAINING,3,10,0,5,20471356,ef72ba36,6519
285,0,3,2,15,1,5,TRAINING,1,11,1,4,20451376,ef73ba26,6863
285,0,3,2,15,1,6,TRAINING,3,10,0,5,70451326,2f73bae6,5850
285,0,3,2,15,1,7,TRAINING,5,3,0,2,70541326,2f37bae6,1608
285,0,3,2,15,1,8,TRAINING,0,15,1,0,07541326,f237bae6,2338
285,0,3,2,15,1,9,TRAINING,6,6,0,6,07541362,f237ba6e,1114
285,0,3,2,15,1,10,TRAINING,2,14,1,7,07531462,f23ab76e,1023
285,0,3,2,15,1,11,TRAINING,0,15,1,5,47531062,723abf6e,4985
285,0,3,2,15,1,12,TRAINING,6,6,0,2,47631052,726abf3e,1654
285,0,3,2,15,1,13,TRAINING,4,7,1,3,37641052,a267bf3e,1944
285,0,3,2,15,1,14,TRAINING,1,11,1,4,37641502,a267b3fe,6469
285,0,3,2,15,1,15,TRAINING,2,14,1,0,27641503,e267b3fa,2112
285,0,3,2,15,1,16,TRAINING,6,6,0,2,25641703,e367b2fa,4338
285,0,3,2,15,1,17,TEST,6,6,0,0,true,2506
285,0,3,2,15,1,18,TEST,5,3,0,1,false,2033
285,0,3,2,15,1,19,TEST,7,2,0,1,false,2547
285,0,3,2,15,1,20,TEST,0,15,1,0,false,1410
285,0,3,2,15,1,21,TEST,2,14,1,1,true,2507
285,0,3,2,15,1,22,TEST,3,10,0,0,true,2315
285,0,3,2,15,1,23,TEST,4,7,1,0,false,4647
285,0,3,2,15,1,24,TEST,1,11,1,0,false,4113
285,0,3,2,15,2,25,TRAINING,6,6,0,1,26371540,e6a2b37f,2002
285,0,3,2,15,2,26,TRAINING,2,14,1,0,26375140,e6a23b7f,2223
285,0,3,2,15,2,27,TRAINING,5,3,0,4,26475130,e6723baf,2129
285,0,3,2,15,2,28,TRAINING,1,11,1,5,23475160,ea723b6f,1057
285,0,3,2,15,2,29,TRAINING,4,7,1,2,26475130,e6723baf,1864
285,0,3,2,15,2,30,TRAINING,3,10,0,6,27465130,e2763baf,1559
285,0,3,2,15,2,31,TRAINING,0,15,1,7,25467130,e3762baf,1082
285,0,3,2,15,2,32,TRAINING,1,11,1,5,25476130,e3726baf,1793
285,0,3,2,15,2,33,TRAINING,5,3,0,1,65472130,6372ebaf,1184
285,0,3,2,15,2,34,TRAINING,4,7,1,2,05472136,f372eba6,7087
285,0,3,2,15,2,35,TRAINING,5,3,0,1,05462137,f376eba2,1714
285,0,3,2,15,2,36,TRAINING,6,6,0,0,65402137,637feba2,1665
285,0,3,2,15,2,37,TRAINING,7,2,0,7,65204137,63ef7ba2,1864
285,0,3,2,15,2,38,TRAINING,3,10,0,5,65204317,63ef7ab2,2193
285,0,3,2,15,2,39,TRAINING,1,11,1,4,65201347,63efba72,2457
285,0,3,2,15,2,40,TRAINING,0,15,1,1,60251347,6fe3ba72,2528
285,0,3,2,15,2,41,TEST,1,11,1,0,false,1475
285,0,3,2,15,2,42,TEST,4,7,1,1,true,1028
285,0,3,2,15,2,43,TEST,6,6,0,1,false,656
285,0,3,2,15,2,44,TEST,0,15,1,1,true,1176
285,0,3,2,15,2,45,TEST,3,10,0,0,true,603
285,0,3,2,15,2,46,TEST,2,14,1,1,true,636
285,0,3,2,15,2,47,TEST,5,3,0,0,true,650
285,0,3,2,15,2,48,TEST,7,2,0,0,true,591
285,0,3,2,15,3,49,TRAINING,7,2,0,0,71403562,2b7fa36e,2334
285,0,3,2,15,3,50,TRAINING,3,10,0,4,74103562,27bfa36e,2161
285,0,3,2,15,3,51,TRAINING,5,3,0,5,74103526,27bfa3e6,1784
285,0,3,2,15,3,52,TRAINING,1,11,1,6,74203516,27efa3b6,1249
285,0,3,2,15,3,53,TRAINING,0,15,1,1,70243516,2fe7a3b6,7744
285,0,3,2,15,3,54,TRAINING,4,7,1,3,70245316,2fe73ab6,2477
285,0,3,2,15,3,55,TRAINING,2,14,1,2,60245317,6fe73ab2,2272
285,0,3,2,15,3,56,TRAINING,6,6,0,7,70245316,2fe73ab6,2754
285,0,3,2,15,3,57,TRAINING,6,6,0,7,70254316,2fe37ab6,1621
285,0,3,2,15,3,58,TRAINING,3,10,0,5,70251346,2fe3ba76,2010
285,0,3,2,15,3,59,TRAINING,7,2,0,0,75201346,23efba76,1544
285,0,3,2,15,3,60,TRAINING,5,3,0,1,75401326,237fbae6,1881
285,0,3,2,15,3,61,TRAINING,1,11,1,2,75104326,23bf7ae6,1562
285,0,3,2,15,3,62,TRAINING,4,7,1,3,75140326,23b7fae6,4082
285,0,3,2,15,3,63,TRAINING,0,15,1,4,76140325,26b7fae3,1495
285,0,3,2,15,3,64,TRAINING,2,14,1,6,76140523,26b7f3ea,3224
285,0,3,2,15,3,65,TEST,1,11,1,1,true,3639
285,0,3,2,15,3,66,TEST,7,2,0,0,true,1170
285,0,3,2,15,3,67,TEST,0,15,1,1,true,1353
285,0,3,2,15,3,68,TEST,3,10,0,0,true,719
285,0,3,2,15,3,69,TEST,4,7,1,1,true,675
285,0,3,2,15,3,70,TEST,6,6,0,1,false,858
285,0,3,2,15,3,71,TEST,5,3,0,1,false,2177
285,0,3,2,15,3,72,TEST,2,14,1,1,true,2058
285,0,3,2,15,4,73,TRAINING,7,2,0,2,21750643,eb23f67a,3205
285,0,3,2,15,4,74,TRAINING,3,10,0,4,21753640,eb23a67f,1601
285,0,3,2,15,4,75,TRAINING,5,3,0,1,25713640,e32ba67f,5680
285,0,3,2,15,4,76,TRAINING,1,11,1,3,25713046,e32baf76,3089
285,0,3,2,15,4,77,TRAINING,5,3,0,1,25713064,e32baf67,7303
285,0,3,2,15,4,78,TRAINING,0,15,1,5,75213064,23ebaf67,3895
285,0,3,2,15,4,79,TRAINING,4,7,1,7,75613024,236bafe7,1739
285,0,3,2,15,4,80,TRAINING,2,14,1,6,57613024,326bafe7,2064
285,0,3,2,15,4,81,TRAINING,6,6,0,2,50613724,3f6ba2e7,1312
285,0,3,2,15,4,82,TRAINING,5,3,0,5,70613524,2f6ba3e7,35280
285,0,3,2,15,4,83,TRAINING,0,15,1,1,70643521,2f67a3eb,8034
285,0,3,2,15,4,84,TRAINING,4,7,1,3,70243561,2fe7a36b,1097
285,0,3,2,15,4,85,TRAINING,6,6,0,6,70543261,2f37ae6b,5303
285,0,3,2,15,4,86,TRAINING,2,14,1,5,07543261,f237ae6b,1792
285,0,3,2,15,4,87,TRAINING,6,6,0,6,07534261,f23a7e6b,8039
285,0,3,2,15,4,88,TRAINING,2,14,1,5,70534261,2f3a7e6b,1472
285,0,3,2,15,4,89,TEST,0,15,1,1,true,4968
285,0,3,2,15,4,90,TEST,4,7,1,0,false,2015
285,0,3,2,15,4,91,TEST,3,10,0,0,true,1199
285,0,3,2,15,4,92,TEST,6,6,0,0,true,8409
285,0,3,2,15,4,93,TEST,2,14,1,1,true,3386
285,0,3,2,15,4,94,TEST,7,2,0,0,true,2382
285,0,3,2,15,4,95,TEST,5,3,0,0,true,8587
285,0,3,2,15,4,96,TEST,1,11,1,1,true,986
285,0,3,2,15,5,97,TRAINING,4,7,1,0,42316507,7eab63f2,2634
285,0,3,2,15,5,98,TRAINING,7,2,0,7,42310567,7eabf362,2750
285,0,3,2,15,5,99,TRAINING,3,10,0,2,41320567,7baef362,1386
285,0,3,2,15,5,100,TRAINING,1,11,1,1,41350267,7ba3fe62,3848
285,0,3,2,15,5,101,TRAINING,5,3,0,3,01354267,fba37e62,1270
285,0,3,2,15,5,102,TRAINING,4,7,1,4,21354067,eba37f62,6857
285,0,3,2,15,5,103,TRAINING,0,15,1,5,27354061,e2a37f6b,1562
285,0,3,2,15,5,104,TRAINING,6,6,0,6,27314065,e2ab7f63,2634
285,0,3,2,15,5,105,TRAINING,2,14,1,1,72314065,2eab7f63,1729
285,0,3,2,15,5,106,TRAINING,5,3,0,7,72134065,2eba7f63,5208
285,0,3,2,15,5,107,TRAINING,1,11,1,4,72431065,2e7abf63,1697
285,0,3,2,15,5,108,TRAINING,2,14,1,1,72431605,2e7ab6f3,3152
285,0,3,2,15,5,109,TRAINING,6,6,0,5,72401635,2e7fb6a3,1458
285,0,3,2,15,5,110,TRAINING,4,7,1,2,72401653,2e7fb63a,1409
285,0,3,2,15,5,111,TRAINING,0,15,1,1,70421653,2f7eb63a,1777
285,0,3,2,15,5,112,TRAINING,4,7,1,2,70431652,2f7ab63e,1840
285,0,3,2,15,5,113,TEST,0,15,1,1,true,8539
285,0,3,2,15,5,114,TEST,6,6,0,0,true,4019
285,0,3,2,15,5,115,TEST,4,7,1,1,true,2508
285,0,3,2,15,5,116,TEST,2,14,1,1,true,3033
285,0,3,2,15,5,117,TEST,1,11,1,1,true,1962
285,0,3,2,15,5,118,TEST,5,3,0,1,false,634
285,0,3,2,15,5,119,TEST,7,2,0,0,true,1139
285,0,3,2,15,5,120,TEST,3,10,0,0,true,2154
285,0,3,2,15,6,121,TRAINING,1,11,1,2,02156473,feb3672a,8579
285,0,3,2,15,6,122,TRAINING,5,3,0,3,42156073,7eb36f2a,5473
285,0,3,2,15,6,123,TRAINING,3,10,0,7,42156703,7eb362fa,2096
285,0,3,2,15,6,124,TRAINING,7,2,0,5,24156703,e7b362fa,1624
285,0,3,2,15,6,125,TRAINING,1,11,1,2,24150763,e7b3f26a,1812
285,0,3,2,15,6,126,TRAINING,5,3,0,6,24160753,e7b6f23a,1319
285,0,3,2,15,6,127,TRAINING,6,6,0,3,04162753,f7b6e23a,1095
285,0,3,2,15,6,128,TRAINING,2,14,1,4,04362751,f7a6e23b,1585
285,0,3,2,15,6,129,TRAINING,4,7,1,1,04362715,f7a6e2b3,1360
285,0,3,2,15,6,130,TRAINING,0,15,1,0,04362517,f7a6e3b2,985
285,0,3,2,15,6,131,TRAINING,1,11,1,7,04362571,f7a6e32b,4704
285,0,3,2,15,6,132,TRAINING,3,10,0,5,04562371,f736ea2b,3511
285,0,3,2,15,6,133,TRAINING,1,11,1,7,05462371,f376ea2b,1464
285,0,3,2,15,6,134,TRAINING,6,6,0,3,07462351,f276ea3b,3448
285,0,3,2,15,6,135,TRAINING,2,14,1,6,07465321,f2763aeb,1160
285,0,3,2,15,6,136,TRAINING,1,11,1,7,04765321,f7263aeb,7344
285,0,3,2,15,6,137,TEST,1,11,1,1,true,5087
285,0,3,2,15,6,138,TEST,5,3,0,0,true,2015
285,0,3,2,15,6,139,TEST,7,2,0,0,true,807
285,0,3,2,15,6,140,TEST,3,10,0,0,true,590
285,0,3,2,15,6,141,TEST,6,6,0,0,true,7920
285,0,3,2,15,6,142,TEST,4,7,1,1,true,1201
285,0,3,2,15,6,143,TEST,0,15,1,1,true,578
285,0,3,2,15,6,144,TEST,2,14,1,1,true,2028
285,0,3,2,15,7,145,TRAINING,3,10,0,5,64275310,67e23abf,2184
285,0,3,2,15,7,146,TRAINING,7,2,0,3,64271350,67e2ba3f,2535
285,0,3,2,15,7,147,TRAINING,5,3,0,6,64270351,67e2fa3b,4569
285,0,3,2,15,7,148,TRAINING,1,11,1,7,64370251,67a2fe3b,1777
285,0,3,2,15,7,149,TRAINING,4,7,1,2,63470251,6a72fe3b,4969
285,0,3,2,15,7,150,TRAINING,0,15,1,4,67430251,627afe3b,1001
285,0,3,2,15,7,151,TRAINING,6,6,0,0,67420351,627efa3b,2217
285,0,3,2,15,7,152,TRAINING,2,14,1,3,67120354,62befa37,3992
285,0,3,2,15,7,153,TRAINING,6,6,0,0,67520314,623efab7,2673
285,0,3,2,15,7,154,TRAINING,2,14,1,3,67521304,623ebaf7,1292
285,0,3,2,15,7,155,TRAINING,1,11,1,4,64521307,673ebaf2,3254
285,0,3,2,15,7,156,TRAINING,5,3,0,1,65421307,637ebaf2,3592
285,0,3,2,15,7,157,TRAINING,3,10,0,5,25461307,e376baf2,10506
285,0,3,2,15,7,158,TRAINING,1,11,1,4,65421307,637ebaf2,2744
285,0,3,2,15,7,159,TRAINING,5,3,0,7,67421305,627ebaf3,2554
285,0,3,2,15,7,160,TRAINING,2,14,1,3,63421705,6a7eb2f3,2567
285,0,3,2,15,7,161,TEST,3,10,0,0,true,3943
285,0,3,2,15,7,162,TEST,0,15,1,1,true,5144
285,0,3,2,15,7,163,TEST,5,3,0,0,true,8057
285,0,3,2,15,7,164,TEST,7,2,0,0,true,1384
285,0,3,2,15,7,165,TEST,2,14,1,1,true,3002
285,0,3,2,15,7,166,TEST,1,11,1,1,true,5161
285,0,3,2,15,7,167,TEST,4,7,1,1,true,2803
285,0,3,2,15,7,168,TEST,6,6,0,0,true,3791
285,0,3,2,15,INSTRUCT,postquestionnaire,5

rulestrategy:I didn't use any paper or anything. I figured it all out inside of my head.

First I learned what the plain with white background ones were (they were both A's)

then I tried the plain with yellow backgrounds (i found that purple with yellow background is an A, and blue with a yellow background is B.

Then I learned that both blue and purple with lines and a yellow background were both B's.

Finally I figured out that purple with a line and white background was an A and blue with a line and white background is a B.

I did this by telling myself that Blue stood for B (B stands for Blue). This helped me out since both colors with a yellow background meant that purple was A and Blue was B. It was the same thing for when both had a line going down them but with a white background, purple was A and Blue was B.
howtoimprove:No, I thought this was a very fun and great task! Thank you!
engagement:10
difficulty:6
physicalaids:no