287,0,2,0,6,INSTRUCT,instruct1,7609
287,0,2,0,6,INSTRUCT,instructCatExample,11816
287,0,2,0,6,INSTRUCT,instructCatColor,3142
287,0,2,0,6,INSTRUCT,instructCatStripe,3224
287,0,2,0,6,INSTRUCT,instructDemoIntro,11943
287,0,2,0,6,INSTRUCT,instructDemo,15678
287,0,2,0,6,INSTRUCT,instructTest,13327
287,0,2,0,6,INSTRUCT,instructTest2,23329
287,0,2,0,6,INSTRUCT,instructDimColor,14374
287,0,2,0,6,INSTRUCT,instructDimBorder,4092
287,0,2,0,6,INSTRUCT,instructDimDots,3643
287,0,2,0,6,INSTRUCT,instructDimStripe,4495
287,0,2,0,6,INSTRUCT,instructDimAll,13159
287,0,2,0,6,INSTRUCT,instructFinal,25767
287,0,2,0,6,1,1,TRAINING,7,8,0,0,73126450,8ab20193,5856
287,0,2,0,6,1,2,TRAINING,3,10,0,4,76123450,80b2a193,2097
287,0,2,0,6,1,3,TRAINING,2,2,1,1,72163450,82b0a193,1420
287,0,2,0,6,1,4,TRAINING,4,1,1,5,52163470,92b0a183,1544
287,0,2,0,6,1,5,TRAINING,7,8,0,6,32165470,a2b09183,2053
287,0,2,0,6,1,6,TRAINING,1,11,0,2,35162470,a9b02183,1842
287,0,2,0,6,1,7,TRAINING,6,0,0,3,34162570,a1b02983,1232
287,0,2,0,6,1,8,TRAINING,7,8,0,6,54162370,91b02a83,1438
287,0,2,0,6,1,9,TRAINING,0,3,1,7,54261370,9120ba83,1022
287,0,2,0,6,1,10,TRAINING,3,10,0,2,54361270,91a0b283,1053
287,0,2,0,6,1,11,TRAINING,2,2,1,5,64351270,01a9b283,1563
287,0,2,0,6,1,12,TRAINING,1,11,0,6,64357210,01a982b3,1638
287,0,2,0,6,1,13,TRAINING,5,9,1,3,64057213,013982ba,1198
287,0,2,0,6,1,14,TRAINING,3,10,0,7,04657213,310982ba,1219
287,0,2,0,6,1,15,TRAINING,1,11,0,6,64057213,013982ba,1286
287,0,2,0,6,1,16,TRAINING,0,3,1,2,24057613,213980ba,1336
287,0,2,0,6,1,17,TEST,6,0,0,1,false,4678
287,0,2,0,6,1,18,TEST,3,10,0,0,true,704
287,0,2,0,6,1,19,TEST,0,3,1,1,true,968
287,0,2,0,6,1,20,TEST,2,2,1,1,true,2121
287,0,2,0,6,1,21,TEST,5,9,1,0,false,2603
287,0,2,0,6,1,22,TEST,7,8,0,0,true,694
287,0,2,0,6,1,23,TEST,4,1,1,1,true,494
287,0,2,0,6,1,24,TEST,1,11,0,0,true,1071
287,0,2,0,6,2,25,TRAINING,3,10,0,0,35146072,a9b10382,3006
287,0,2,0,6,2,26,TRAINING,5,9,1,1,35140672,a9b13082,1324
287,0,2,0,6,2,27,TRAINING,1,11,0,7,35240671,a921308b,1105
287,0,2,0,6,2,28,TRAINING,4,1,1,5,35260471,a920318b,1710
287,0,2,0,6,2,29,TRAINING,3,10,0,0,35267401,a920813b,1576
287,0,2,0,6,2,30,TRAINING,2,2,1,2,35260471,a920318b,991
287,0,2,0,6,2,31,TRAINING,0,3,1,4,36250471,a029318b,1135
287,0,2,0,6,2,32,TRAINING,6,0,0,1,36270451,a028319b,1358
287,0,2,0,6,2,33,TRAINING,1,11,0,2,36170452,a0b83192,944
287,0,2,0,6,2,34,TRAINING,5,9,1,5,36170542,a0b83912,1279
287,0,2,0,6,2,35,TRAINING,4,1,1,6,30176542,a3b80912,1250
287,0,2,0,6,2,36,TRAINING,3,10,0,0,30671542,a308b912,1242
287,0,2,0,6,2,37,TRAINING,1,11,0,1,31670542,ab083912,2028
287,0,2,0,6,2,38,TRAINING,0,3,1,4,31570642,ab983012,1241
287,0,2,0,6,2,39,TRAINING,2,2,1,7,51370642,9ba83012,1406
287,0,2,0,6,2,40,TRAINING,3,10,0,2,51370462,9ba83102,1022
287,0,2,0,6,2,41,TEST,4,1,1,0,false,2779
287,0,2,0,6,2,42,TEST,7,8,0,1,false,2401
287,0,2,0,6,2,43,TEST,5,9,1,1,true,454
287,0,2,0,6,2,44,TEST,1,11,0,0,true,627
287,0,2,0,6,2,45,TEST,2,2,1,0,false,1913
287,0,2,0,6,2,46,TEST,6,0,0,1,false,453
287,0,2,0,6,2,47,TEST,0,3,1,1,true,610
287,0,2,0,6,2,48,TEST,3,10,0,0,true,1882
287,0,2,0,6,3,49,TRAINING,5,9,1,0,57160324,98b03a21,1825
287,0,2,0,6,3,50,TRAINING,1,11,0,2,52160374,92b03a81,1579
287,0,2,0,6,3,51,TRAINING,4,1,1,3,52140376,92b13a80,3015
287,0,2,0,6,3,52,TRAINING,3,10,0,7,52140673,92b1308a,1277
287,0,2,0,6,3,53,TRAINING,0,3,1,4,12540673,b291308a,1449
287,0,2,0,6,3,54,TRAINING,1,11,0,3,42510673,129b308a,2499
287,0,2,0,6,3,55,TRAINING,0,3,1,4,42510763,129b380a,1490
287,0,2,0,6,3,56,TRAINING,4,1,1,0,42310765,12ab3809,920
287,0,2,0,6,3,57,TRAINING,2,2,1,1,42130765,12ba3809,984
287,0,2,0,6,3,58,TRAINING,6,0,0,6,42137065,12ba8309,1256
287,0,2,0,6,3,59,TRAINING,7,8,0,7,42135067,12ba9308,1546
287,0,2,0,6,3,60,TRAINING,3,10,0,3,24135067,21ba9308,1240
287,0,2,0,6,3,61,TRAINING,2,2,1,0,26135047,20ba9318,967
287,0,2,0,6,3,62,TRAINING,6,0,0,1,26130547,20ba3918,990
287,0,2,0,6,3,63,TRAINING,7,8,0,7,26135047,20ba9318,969
287,0,2,0,6,3,64,TRAINING,5,9,1,4,26315047,20ab9318,1063
287,0,2,0,6,3,65,TEST,4,1,1,1,true,1528
287,0,2,0,6,3,66,TEST,3,10,0,0,true,421
287,0,2,0,6,3,67,TEST,2,2,1,0,false,394
287,0,2,0,6,3,68,TEST,5,9,1,1,true,464
287,0,2,0,6,3,69,TEST,1,11,0,1,false,474
287,0,2,0,6,3,70,TEST,0,3,1,1,true,395
287,0,2,0,6,3,71,TEST,7,8,0,0,true,405
287,0,2,0,6,3,72,TEST,6,0,0,0,true,405
287,0,2,0,6,4,73,TRAINING,6,0,0,0,64201753,0123b89a,2635
287,0,2,0,6,4,74,TRAINING,7,8,0,2,64701253,0183b29a,1308
287,0,2,0,6,4,75,TRAINING,5,9,1,6,64731250,018ab293,1450
287,0,2,0,6,4,76,TRAINING,2,2,1,5,04731256,318ab290,1055
287,0,2,0,6,4,77,TRAINING,0,3,1,0,04137256,31ba8290,1295
287,0,2,0,6,4,78,TRAINING,7,8,0,7,04136257,31ba0298,1163
287,0,2,0,6,4,79,TRAINING,2,2,1,5,04163257,31b0a298,1344
287,0,2,0,6,4,80,TRAINING,1,11,0,2,04136257,31ba0298,1349
287,0,2,0,6,4,81,TRAINING,3,10,0,3,06134257,30ba1298,3731
287,0,2,0,6,4,82,TRAINING,2,2,1,5,04136257,31ba0298,1511
287,0,2,0,6,4,83,TRAINING,0,3,1,0,04135267,31ba9208,1168
287,0,2,0,6,4,84,TRAINING,5,9,1,4,04175263,31b8920a,1212
287,0,2,0,6,4,85,TRAINING,4,1,1,1,04275163,31289b0a,3171
287,0,2,0,6,4,86,TRAINING,6,0,0,6,04375162,31a89b02,967
287,0,2,0,6,4,87,TRAINING,2,2,1,2,04275163,31289b0a,983
287,0,2,0,6,4,88,TRAINING,1,11,0,5,04273165,3128ab09,1207
287,0,2,0,6,4,89,TEST,4,1,1,0,false,3937
287,0,2,0,6,4,90,TEST,6,0,0,0,true,442
287,0,2,0,6,4,91,TEST,1,11,0,1,false,456
287,0,2,0,6,4,92,TEST,7,8,0,0,true,376
287,0,2,0,6,4,93,TEST,0,3,1,1,true,602
287,0,2,0,6,4,94,TEST,5,9,1,0,false,482
287,0,2,0,6,4,95,TEST,2,2,1,1,true,430
287,0,2,0,6,4,96,TEST,3,10,0,1,false,584
287,0,2,0,6,5,97,TRAINING,7,8,0,3,32675041,a208931b,2180
287,0,2,0,6,5,98,TRAINING,6,0,0,1,36275041,a028931b,1953
287,0,2,0,6,5,99,TRAINING,4,1,1,6,36275140,a0289b13,1546
287,0,2,0,6,5,100,TRAINING,0,3,1,7,36175240,a0b89213,1584
287,0,2,0,6,5,101,TRAINING,2,2,1,5,76135240,80ba9213,1537
287,0,2,0,6,5,102,TRAINING,3,10,0,3,71635240,8b0a9213,1390
287,0,2,0,6,5,103,TRAINING,5,9,1,4,17635240,b80a9213,975
287,0,2,0,6,5,104,TRAINING,1,11,0,0,12635740,b20a9813,1403
287,0,2,0,6,5,105,TRAINING,2,2,1,1,12435760,b21a9803,1531
287,0,2,0,6,5,106,TRAINING,7,8,0,5,12453760,b219a803,921
287,0,2,0,6,5,107,TRAINING,6,0,0,6,12354760,b2a91803,1262
287,0,2,0,6,5,108,TRAINING,0,3,1,7,52314760,92ab1803,1876
287,0,2,0,6,5,109,TRAINING,3,10,0,4,52413760,921ba803,1172
287,0,2,0,6,5,110,TRAINING,2,2,1,1,52463710,9210a8b3,1693
287,0,2,0,6,5,111,TRAINING,7,8,0,2,52763410,9280a1b3,1500
287,0,2,0,6,5,112,TRAINING,6,0,0,7,52703416,9283a1b0,1350
287,0,2,0,6,5,113,TEST,4,1,1,0,false,1068
287,0,2,0,6,5,114,TEST,7,8,0,0,true,529
287,0,2,0,6,5,115,TEST,3,10,0,1,false,806
287,0,2,0,6,5,116,TEST,5,9,1,0,false,506
287,0,2,0,6,5,117,TEST,6,0,0,0,true,687
287,0,2,0,6,5,118,TEST,1,11,0,1,false,688
287,0,2,0,6,5,119,TEST,2,2,1,1,true,570
287,0,2,0,6,5,120,TEST,0,3,1,0,false,365
287,0,2,0,6,6,121,TRAINING,5,9,1,0,57302461,98a3210b,2325
287,0,2,0,6,6,122,TRAINING,4,1,1,5,52307461,92a3810b,1408
287,0,2,0,6,6,123,TRAINING,6,0,0,3,52367401,92a0813b,1093
287,0,2,0,6,6,124,TRAINING,0,3,1,1,50367421,93a0812b,1553
287,0,2,0,6,6,125,TRAINING,1,11,0,7,70365421,83a0912b,1446
287,0,2,0,6,6,126,TRAINING,5,9,1,4,70365241,83a0921b,1490
287,0,2,0,6,6,127,TRAINING,2,2,1,5,74365201,81a0923b,1092
287,0,2,0,6,6,128,TRAINING,0,3,1,6,71365204,8ba09231,1029
287,0,2,0,6,6,129,TRAINING,6,0,0,0,61375204,0ba89231,1077
287,0,2,0,6,6,130,TRAINING,3,10,0,2,61345207,0ba19238,1125
287,0,2,0,6,6,131,TRAINING,4,1,1,3,61347205,0ba18239,1123
287,0,2,0,6,6,132,TRAINING,1,11,0,1,51347206,9ba18230,1413
287,0,2,0,6,6,133,TRAINING,3,10,0,2,61347205,0ba18239,1438
287,0,2,0,6,6,134,TRAINING,7,8,0,4,61357204,0ba98231,1217
287,0,2,0,6,6,135,TRAINING,6,0,0,0,61347205,0ba18239,951
287,0,2,0,6,6,136,TRAINING,2,2,1,1,62347105,02a18b39,1002
287,0,2,0,6,6,137,TEST,2,2,1,1,true,554
287,0,2,0,6,6,138,TEST,6,0,0,0,true,491
287,0,2,0,6,6,139,TEST,0,3,1,1,true,476
287,0,2,0,6,6,140,TEST,1,11,0,1,false,382
287,0,2,0,6,6,141,TEST,3,10,0,1,false,376
287,0,2,0,6,6,142,TEST,4,1,1,0,false,941
287,0,2,0,6,6,143,TEST,5,9,1,0,false,367
287,0,2,0,6,6,144,TEST,7,8,0,0,true,803
287,0,2,0,6,7,145,TRAINING,7,8,0,0,74163025,81b0a329,2585
287,0,2,0,6,7,146,TRAINING,4,1,1,1,74361025,81a0b329,1286
287,0,2,0,6,7,147,TRAINING,3,10,0,5,74061325,8130ba29,1038
287,0,2,0,6,7,148,TRAINING,5,9,1,7,74021365,8132ba09,1484
287,0,2,0,6,7,149,TRAINING,1,11,0,4,74621305,8102ba39,1128
287,0,2,0,6,7,150,TRAINING,0,3,1,6,76421305,8012ba39,1327
287,0,2,0,6,7,151,TRAINING,4,1,1,2,36421705,a012b839,1154
287,0,2,0,6,7,152,TRAINING,2,2,1,3,35421706,a912b830,1241
287,0,2,0,6,7,153,TRAINING,3,10,0,0,37421506,a812b930,1524
287,0,2,0,6,7,154,TRAINING,0,3,1,7,37421560,a812b903,1029
287,0,2,0,6,7,155,TRAINING,4,1,1,2,37461520,a810b923,1716
287,0,2,0,6,7,156,TRAINING,7,8,0,1,67431520,081ab923,1464
287,0,2,0,6,7,157,TRAINING,5,9,1,5,07431526,381ab920,1286
287,0,2,0,6,7,158,TRAINING,1,11,0,4,37401526,a813b920,1601
287,0,2,0,6,7,159,TRAINING,3,10,0,0,37401562,a813b902,1633
287,0,2,0,6,7,160,TRAINING,1,11,0,4,37421560,a812b903,2216
287,0,2,0,6,7,161,TEST,0,3,1,1,true,1200
287,0,2,0,6,7,162,TEST,5,9,1,0,false,398
287,0,2,0,6,7,163,TEST,1,11,0,0,true,354
287,0,2,0,6,7,164,TEST,3,10,0,0,true,810
287,0,2,0,6,7,165,TEST,7,8,0,1,false,638
287,0,2,0,6,7,166,TEST,6,0,0,1,false,866
287,0,2,0,6,7,167,TEST,2,2,1,1,true,454
287,0,2,0,6,7,168,TEST,4,1,1,0,false,963
287,0,2,0,6,8,169,TRAINING,5,9,1,3,67152340,08b92a13,2399
287,0,2,0,6,8,170,TRAINING,4,1,1,6,60152347,03b92a18,1427
287,0,2,0,6,8,171,TRAINING,6,0,0,0,62150347,02b93a18,1633
287,0,2,0,6,8,172,TRAINING,2,2,1,7,67150342,08b93a12,1450
287,0,2,0,6,8,173,TRAINING,3,10,0,1,63150742,0ab93812,1006
287,0,2,0,6,8,174,TRAINING,0,3,1,0,03156742,3ab90812,1125
287,0,2,0,6,8,175,TRAINING,1,11,0,2,03156724,3ab90821,993
287,0,2,0,6,8,176,TRAINING,7,8,0,5,03165724,3ab09821,1208
287,0,2,0,6,8,177,TRAINING,4,1,1,6,03165742,3ab09812,1296
287,0,2,0,6,8,178,TRAINING,1,11,0,2,53160742,9ab03812,1309
287,0,2,0,6,8,179,TRAINING,2,2,1,1,52160743,92b0381a,1459
287,0,2,0,6,8,180,TRAINING,7,8,0,4,52167043,92b0831a,1347
287,0,2,0,6,8,181,TRAINING,6,0,0,3,02167543,32b0891a,1404
287,0,2,0,6,8,182,TRAINING,0,3,1,0,02167345,32b08a19,2117
287,0,2,0,6,8,183,TRAINING,2,2,1,5,03167245,3ab08219,1208
287,0,2,0,6,8,184,TRAINING,7,8,0,1,07163245,38b0a219,1202
287,0,2,0,6,8,185,TEST,5,9,1,0,false,585
287,0,2,0,6,8,186,TEST,1,11,0,1,false,976
287,0,2,0,6,8,187,TEST,0,3,1,1,true,493
287,0,2,0,6,8,188,TEST,3,10,0,0,true,681
287,0,2,0,6,8,189,TEST,6,0,0,1,false,437
287,0,2,0,6,8,190,TEST,7,8,0,0,true,403
287,0,2,0,6,8,191,TEST,2,2,1,1,true,400
287,0,2,0,6,8,192,TEST,4,1,1,0,false,407
287,0,2,0,6,9,193,TRAINING,0,3,1,0,05421637,3912b0a8,2197
287,0,2,0,6,9,194,TRAINING,5,9,1,1,05423617,3912a0b8,2199
287,0,2,0,6,9,195,TRAINING,4,1,1,2,05423167,3912ab08,998
287,0,2,0,6,9,196,TRAINING,1,11,0,5,25403167,2913ab08,921
287,0,2,0,6,9,197,TRAINING,3,10,0,6,25406137,29130ba8,1109
287,0,2,0,6,9,198,TRAINING,2,2,1,1,52406137,92130ba8,1012
287,0,2,0,6,9,199,TRAINING,7,8,0,7,52046137,92310ba8,982
287,0,2,0,6,9,200,TRAINING,5,9,1,2,02546137,32910ba8,1210
287,0,2,0,6,9,201,TRAINING,0,3,1,4,62540137,02913ba8,1984
287,0,2,0,6,9,202,TRAINING,4,1,1,1,64520137,01923ba8,1200
287,0,2,0,6,9,203,TRAINING,6,0,0,0,64530127,019a3b28,1452
287,0,2,0,6,9,204,TRAINING,1,11,0,3,64510327,019b3a28,1482
287,0,2,0,6,9,205,TRAINING,2,2,1,6,64710325,018b3a29,1270
287,0,2,0,6,9,206,TRAINING,5,9,1,5,64710523,018b392a,1114
287,0,2,0,6,9,207,TRAINING,7,8,0,1,67410523,081b392a,1156
287,0,2,0,6,9,208,TRAINING,6,0,0,0,67310524,08ab3921,1169
287,0,2,0,6,9,209,TEST,1,11,0,0,true,5547
287,0,2,0,6,9,210,TEST,5,9,1,1,true,575
287,0,2,0,6,9,211,TEST,7,8,0,0,true,390
287,0,2,0,6,9,212,TEST,3,10,0,0,true,383
287,0,2,0,6,9,213,TEST,2,2,1,1,true,1696
287,0,2,0,6,9,214,TEST,0,3,1,1,true,1084
287,0,2,0,6,9,215,TEST,4,1,1,1,true,1021
287,0,2,0,6,9,216,TEST,6,0,0,0,true,380
287,0,2,0,6,10,217,TRAINING,2,2,1,0,27016354,283b0a91,1433
287,0,2,0,6,10,218,TRAINING,6,0,0,1,26017354,203b8a91,929
287,0,2,0,6,10,219,TRAINING,4,1,1,7,26517304,209b8a31,2240
287,0,2,0,6,10,220,TRAINING,0,3,1,5,26517034,209b83a1,1539
287,0,2,0,6,10,221,TRAINING,7,8,0,0,76512034,809b23a1,1810
287,0,2,0,6,10,222,TRAINING,3,10,0,4,76513024,809ba321,1043
287,0,2,0,6,10,223,TRAINING,5,9,1,3,76153024,80b9a321,1390
287,0,2,0,6,10,224,TRAINING,1,11,0,2,70153624,83b9a021,2603
287,0,2,0,6,10,225,TRAINING,6,0,0,4,70156324,83b90a21,1294
287,0,2,0,6,10,226,TRAINING,5,9,1,3,74156320,81b90a23,1941
287,0,2,0,6,10,227,TRAINING,6,0,0,4,74256310,81290ab3,1111
287,0,2,0,6,10,228,TRAINING,6,0,0,4,34256710,a12908b3,7000
287,0,2,0,6,10,229,TRAINING,0,3,1,7,32456710,a21908b3,1567
287,0,2,0,6,10,230,TRAINING,3,10,0,2,42356710,12a908b3,1387
287,0,2,0,6,10,231,TRAINING,2,2,1,1,72356410,82a901b3,1300
287,0,2,0,6,10,232,TRAINING,6,0,0,4,72356014,82a903b1,1920
287,0,2,0,6,10,233,TEST,1,11,0,0,true,5568
287,0,2,0,6,10,234,TEST,3,10,0,0,true,1107
287,0,2,0,6,10,235,TEST,5,9,1,1,true,1146
287,0,2,0,6,10,236,TEST,7,8,0,0,true,1701
287,0,2,0,6,10,237,TEST,6,0,0,0,true,2380
287,0,2,0,6,10,238,TEST,2,2,1,1,true,445
287,0,2,0,6,10,239,TEST,0,3,1,1,true,371
287,0,2,0,6,10,240,TEST,4,1,1,1,true,543
287,0,2,0,6,INSTRUCT,postquestionnaire,3

rulestrategy:This was difficult until I realized that there was one thing about each group that seemed to define them. Everything seemed random until I saw that the one thing that seemed to not be right in each group was the one that stood out. I did not take any notes.
howtoimprove:I'm really not completely sure what just happened. It was fun and interesting, but I'm still not quite sure what the exact deal with the groupings were.
engagement:8
difficulty:7
physicalaids:no