289,1,3,0,4,INSTRUCT,instruct1,19804
289,1,3,0,4,INSTRUCT,instructCatExample,21268
289,1,3,0,4,INSTRUCT,instructCatColor,8529
289,1,3,0,4,INSTRUCT,instructCatStripe,21472
289,1,3,0,4,INSTRUCT,instructDemoIntro,44784
289,1,3,0,4,INSTRUCT,instructDemo,24485
289,1,3,0,4,INSTRUCT,instructTest,33669
289,1,3,0,4,INSTRUCT,instructTest2,41537
289,1,3,0,4,INSTRUCT,instructDimColor,19275
289,1,3,0,4,INSTRUCT,instructDimBorder,5486
289,1,3,0,4,INSTRUCT,instructDimDots,6222
289,1,3,0,4,INSTRUCT,instructDimStripe,9455
289,1,3,0,4,INSTRUCT,instructDimAll,24114
289,1,3,0,4,INSTRUCT,instructFinal,42934
289,1,3,0,4,1,1,TRAINING,2,3,1,1,62450173,13082a9b,5995
289,1,3,0,4,1,2,TRAINING,4,0,1,2,02456173,23081a9b,4400
289,1,3,0,4,1,3,TRAINING,0,2,1,0,02453176,2308ba91,6969
289,1,3,0,4,1,4,TRAINING,5,8,0,3,02456173,23081a9b,3186
289,1,3,0,4,1,5,TRAINING,5,8,0,3,06452173,21083a9b,2729
289,1,3,0,4,1,6,TRAINING,3,11,0,6,06452137,21083ab9,5002
289,1,3,0,4,1,7,TRAINING,2,3,1,1,02456137,23081ab9,2050
289,1,3,0,4,1,8,TRAINING,6,1,0,4,02416537,230a18b9,2993
289,1,3,0,4,1,9,TRAINING,4,0,1,2,32416507,b30a1829,8194
289,1,3,0,4,1,10,TRAINING,7,9,0,7,12436507,a30b1829,4082
289,1,3,0,4,1,11,TRAINING,1,10,1,0,13426507,ab031829,4890
289,1,3,0,4,1,12,TRAINING,1,10,1,0,13526407,ab831029,2793
289,1,3,0,4,1,13,TRAINING,6,1,0,3,13562407,ab813029,3465
289,1,3,0,4,1,14,TRAINING,7,9,0,1,17562403,a981302b,2914
289,1,3,0,4,1,15,TRAINING,3,11,0,7,17560423,a981203b,3760
289,1,3,0,4,1,16,TRAINING,0,2,1,4,47560123,09812a3b,2129
289,1,3,0,4,1,17,TEST,5,8,0,1,false,6416
289,1,3,0,4,1,18,TEST,2,3,1,0,false,4419
289,1,3,0,4,1,19,TEST,6,1,0,0,true,1442
289,1,3,0,4,1,20,TEST,7,9,0,0,true,1378
289,1,3,0,4,1,21,TEST,4,0,1,1,true,1394
289,1,3,0,4,1,22,TEST,0,2,1,1,true,1250
289,1,3,0,4,1,23,TEST,3,11,0,0,true,1731
289,1,3,0,4,1,24,TEST,1,10,1,1,true,1170
289,1,3,0,4,2,25,TRAINING,5,8,0,3,04357216,20b893a1,6424
289,1,3,0,4,2,26,TRAINING,0,2,1,4,74350216,90b823a1,5964
289,1,3,0,4,2,27,TRAINING,6,1,0,6,74350261,90b8231a,2106
289,1,3,0,4,2,28,TRAINING,3,11,0,7,74150263,90a8231b,2018
289,1,3,0,4,2,29,TRAINING,3,11,0,7,47150263,09a8231b,2298
289,1,3,0,4,2,30,TRAINING,5,8,0,3,41750263,0a98231b,1938
289,1,3,0,4,2,31,TRAINING,4,0,1,2,71450263,9a08231b,4185
289,1,3,0,4,2,32,TRAINING,2,3,1,5,31450267,ba082319,3810
289,1,3,0,4,2,33,TRAINING,1,10,1,1,31456207,ba081329,3114
289,1,3,0,4,2,34,TRAINING,0,2,1,0,01456237,2a0813b9,2418
289,1,3,0,4,2,35,TRAINING,7,9,0,5,01456732,2a0819b3,9552
289,1,3,0,4,2,36,TRAINING,4,0,1,2,01453762,2a08b913,2082
289,1,3,0,4,2,37,TRAINING,2,3,1,7,31450762,ba082913,4082
289,1,3,0,4,2,38,TRAINING,7,9,0,4,31457062,ba089213,4066
289,1,3,0,4,2,39,TRAINING,6,1,0,6,51437062,8a0b9213,3474
289,1,3,0,4,2,40,TRAINING,1,10,1,0,15437062,a80b9213,4426
289,1,3,0,4,2,41,TEST,2,3,1,0,false,4848
289,1,3,0,4,2,42,TEST,0,2,1,1,true,2857
289,1,3,0,4,2,43,TEST,4,0,1,1,true,2899
289,1,3,0,4,2,44,TEST,7,9,0,0,true,1058
289,1,3,0,4,2,45,TEST,5,8,0,1,false,1266
289,1,3,0,4,2,46,TEST,6,1,0,0,true,986
289,1,3,0,4,2,47,TEST,3,11,0,0,true,1795
289,1,3,0,4,2,48,TEST,1,10,1,1,true,1036
289,1,3,0,4,3,49,TRAINING,1,10,1,0,10426357,a2031b89,4976
289,1,3,0,4,3,50,TRAINING,5,8,0,6,10462357,a2013b89,2999
289,1,3,0,4,3,51,TRAINING,2,3,1,4,10362457,a2b13089,3392
289,1,3,0,4,3,52,TRAINING,7,9,0,7,60312457,12ba3089,2666
289,1,3,0,4,3,53,TRAINING,7,9,0,7,30612457,b21a3089,1873
289,1,3,0,4,3,54,TRAINING,0,2,1,1,30162457,b2a13089,2493
289,1,3,0,4,3,55,TRAINING,2,3,1,4,30462157,b2013a89,2585
289,1,3,0,4,3,56,TRAINING,0,2,1,1,30472156,b2093a81,2362
289,1,3,0,4,3,57,TRAINING,6,1,0,7,40372156,02b93a81,2194
289,1,3,0,4,3,58,TRAINING,3,11,0,2,50372146,82b93a01,2098
289,1,3,0,4,3,59,TRAINING,4,0,1,6,51372046,8ab93201,13457
289,1,3,0,4,3,60,TRAINING,5,8,0,7,61372045,1ab93208,2761
289,1,3,0,4,3,61,TRAINING,3,11,0,2,61302745,1ab23908,2818
289,1,3,0,4,3,62,TRAINING,4,0,1,0,41302765,0ab23918,3970
289,1,3,0,4,3,63,TRAINING,1,10,1,1,41352760,0ab83912,3857
289,1,3,0,4,3,64,TRAINING,6,1,0,5,41352670,0ab83192,5258
289,1,3,0,4,3,65,TEST,0,2,1,1,true,8224
289,1,3,0,4,3,66,TEST,6,1,0,0,true,1705
289,1,3,0,4,3,67,TEST,4,0,1,1,true,1266
289,1,3,0,4,3,68,TEST,5,8,0,1,false,1139
289,1,3,0,4,3,69,TEST,3,11,0,1,false,3298
289,1,3,0,4,3,70,TEST,1,10,1,1,true,1019
289,1,3,0,4,3,71,TEST,7,9,0,0,true,939
289,1,3,0,4,3,72,TEST,2,3,1,1,true,731
289,1,3,0,4,4,73,TRAINING,7,9,0,6,06451372,2108ab93,5676
289,1,3,0,4,4,74,TRAINING,3,11,0,0,36451072,b108a293,4974
289,1,3,0,4,4,75,TRAINING,2,3,1,2,36251074,b138a290,6480
289,1,3,0,4,4,76,TRAINING,4,0,1,7,35261074,b831a290,6827
289,1,3,0,4,4,77,TRAINING,5,8,0,1,15263074,a831b290,4209
289,1,3,0,4,4,78,TRAINING,5,8,0,1,15273064,a839b210,3746
289,1,3,0,4,4,79,TRAINING,2,3,1,2,15237064,a83b9210,2490
289,1,3,0,4,4,80,TRAINING,0,2,1,5,15267034,a83192b0,2826
289,1,3,0,4,4,81,TRAINING,7,9,0,0,75261034,9831a2b0,4209
289,1,3,0,4,4,82,TRAINING,1,10,1,4,72561034,9381a2b0,3235
289,1,3,0,4,4,83,TRAINING,6,1,0,5,72501634,9382a1b0,2931
289,1,3,0,4,4,84,TRAINING,4,0,1,7,72301654,93b2a180,2241
289,1,3,0,4,4,85,TRAINING,1,10,1,4,73201654,9b32a180,2354
289,1,3,0,4,4,86,TRAINING,6,1,0,2,73601254,9b12a380,2298
289,1,3,0,4,4,87,TRAINING,0,2,1,3,53601274,8b12a390,1994
289,1,3,0,4,4,88,TRAINING,3,11,0,1,53607214,8b1293a0,1849
289,1,3,0,4,4,89,TEST,7,9,0,1,false,5766
289,1,3,0,4,4,90,TEST,0,2,1,1,true,3314
289,1,3,0,4,4,91,TEST,6,1,0,0,true,2187
289,1,3,0,4,4,92,TEST,2,3,1,1,true,2083
289,1,3,0,4,4,93,TEST,4,0,1,0,false,2490
289,1,3,0,4,4,94,TEST,3,11,0,0,true,986
289,1,3,0,4,4,95,TEST,1,10,1,0,false,3434
289,1,3,0,4,4,96,TEST,5,8,0,1,false,2227
289,1,3,0,4,5,97,TRAINING,3,11,0,7,42056173,03281a9b,4155
289,1,3,0,4,5,98,TRAINING,1,10,1,2,42156073,03a8129b,7438
289,1,3,0,4,5,99,TRAINING,4,0,1,0,42165073,03a1829b,8200
289,1,3,0,4,5,100,TRAINING,7,9,0,6,46125073,01a3829b,2809
289,1,3,0,4,5,101,TRAINING,4,0,1,0,46325071,01b3829a,2064
289,1,3,0,4,5,102,TRAINING,3,11,0,2,41325076,0ab38291,2371
289,1,3,0,4,5,103,TRAINING,2,3,1,3,41325067,0ab38219,3209
289,1,3,0,4,5,104,TRAINING,1,10,1,1,51324067,8ab30219,5745
289,1,3,0,4,5,105,TRAINING,6,1,0,6,51423067,8a03b219,11579
289,1,3,0,4,5,106,TRAINING,2,3,1,3,71423065,9a03b218,3832
289,1,3,0,4,5,107,TRAINING,0,2,1,5,75423061,9803b21a,3810
289,1,3,0,4,5,108,TRAINING,0,2,1,5,75623041,9813b20a,1569
289,1,3,0,4,5,109,TRAINING,7,9,0,2,65723041,1893b20a,2517
289,1,3,0,4,5,110,TRAINING,5,8,0,3,62753041,1398b20a,1913
289,1,3,0,4,5,111,TRAINING,5,8,0,3,42753061,0398b21a,1738
289,1,3,0,4,5,112,TRAINING,6,1,0,6,42153067,03a8b219,1898
289,1,3,0,4,5,113,TEST,2,3,1,1,true,3410
289,1,3,0,4,5,114,TEST,3,11,0,1,false,1082
289,1,3,0,4,5,115,TEST,6,1,0,0,true,1178
289,1,3,0,4,5,116,TEST,1,10,1,1,true,1226
289,1,3,0,4,5,117,TEST,4,0,1,0,false,1306
289,1,3,0,4,5,118,TEST,5,8,0,0,true,1515
289,1,3,0,4,5,119,TEST,0,2,1,1,true,1155
289,1,3,0,4,5,120,TEST,7,9,0,0,true,1155
289,1,3,0,4,6,121,TRAINING,5,8,0,7,04137625,20ab9138,5994
289,1,3,0,4,6,122,TRAINING,2,3,1,6,01437625,2a0b9138,3632
289,1,3,0,4,6,123,TRAINING,5,8,0,7,41037625,0a2b9138,3145
289,1,3,0,4,6,124,TRAINING,0,2,1,2,61037425,1a2b9038,3777
289,1,3,0,4,6,125,TRAINING,6,1,0,0,61037245,1a2b9308,4617
289,1,3,0,4,6,126,TRAINING,1,10,1,5,62037145,132b9a08,2840
289,1,3,0,4,6,127,TRAINING,7,9,0,3,62073145,1329ba08,2211
289,1,3,0,4,6,128,TRAINING,6,1,0,7,52073146,8329ba01,3802
289,1,3,0,4,6,129,TRAINING,2,3,1,1,52074136,83290ab1,2408
289,1,3,0,4,6,130,TRAINING,4,0,1,4,52034176,832b0a91,2730
289,1,3,0,4,6,131,TRAINING,0,2,1,2,52034716,832b09a1,2457
289,1,3,0,4,6,132,TRAINING,3,11,0,3,52034761,832b091a,9706
289,1,3,0,4,6,133,TRAINING,3,11,0,3,56034721,812b093a,3049
289,1,3,0,4,6,134,TRAINING,1,10,1,7,46035721,012b893a,2520
289,1,3,0,4,6,135,TRAINING,7,9,0,2,46735021,019b823a,2105
289,1,3,0,4,6,136,TRAINING,4,0,1,0,46705321,01928b3a,4219
289,1,3,0,4,6,137,TEST,6,1,0,0,true,9016
289,1,3,0,4,6,138,TEST,2,3,1,1,true,2353
289,1,3,0,4,6,139,TEST,1,10,1,1,true,2906
289,1,3,0,4,6,140,TEST,7,9,0,0,true,1443
289,1,3,0,4,6,141,TEST,5,8,0,0,true,1499
289,1,3,0,4,6,142,TEST,0,2,1,1,true,1131
289,1,3,0,4,6,143,TEST,4,0,1,1,true,1411
289,1,3,0,4,6,144,TEST,3,11,0,1,false,2482
289,1,3,0,4,7,145,TRAINING,2,3,1,2,46203175,0132ba98,4088
289,1,3,0,4,7,146,TRAINING,0,2,1,3,64203175,1032ba98,2488
289,1,3,0,4,7,147,TRAINING,4,0,1,0,46203175,0132ba98,2306
289,1,3,0,4,7,148,TRAINING,4,0,1,0,43206175,0b321a98,2441
289,1,3,0,4,7,149,TRAINING,5,8,0,3,43256170,0b381a92,3090
289,1,3,0,4,7,150,TRAINING,7,9,0,6,42356170,03b81a92,2235
289,1,3,0,4,7,151,TRAINING,1,10,1,5,43256170,0b381a92,1858
289,1,3,0,4,7,152,TRAINING,3,11,0,0,34256170,b0381a92,5242
289,1,3,0,4,7,153,TRAINING,6,1,0,1,36254170,b1380a92,2282
289,1,3,0,4,7,154,TRAINING,2,3,1,2,36257140,b1389a02,2457
289,1,3,0,4,7,155,TRAINING,1,10,1,5,56237140,813b9a02,3170
289,1,3,0,4,7,156,TRAINING,0,2,1,7,57236140,893b1a02,2656
289,1,3,0,4,7,157,TRAINING,3,11,0,3,27536140,398b1a02,4616
289,1,3,0,4,7,158,TRAINING,5,8,0,2,27536410,398b10a2,1841
289,1,3,0,4,7,159,TRAINING,6,1,0,1,26537410,318b90a2,1889
289,1,3,0,4,7,160,TRAINING,7,9,0,4,26537014,318b92a0,12104
289,1,3,0,4,7,161,TEST,6,1,0,1,false,5627
289,1,3,0,4,7,162,TEST,2,3,1,0,false,1393
289,1,3,0,4,7,163,TEST,4,0,1,1,true,1363
289,1,3,0,4,7,164,TEST,7,9,0,0,true,1188
289,1,3,0,4,7,165,TEST,0,2,1,0,false,1283
289,1,3,0,4,7,166,TEST,3,11,0,1,false,1000
289,1,3,0,4,7,167,TEST,5,8,0,0,true,818
289,1,3,0,4,7,168,TEST,1,10,1,0,false,1002
289,1,3,0,4,8,169,TRAINING,2,3,1,0,25631740,381ba902,5227
289,1,3,0,4,8,170,TRAINING,2,3,1,0,25630741,381b290a,2273
289,1,3,0,4,8,171,TRAINING,5,8,0,1,25670341,38192b0a,2144
289,1,3,0,4,8,172,TRAINING,4,0,1,6,25170346,38a92b01,2559
289,1,3,0,4,8,173,TRAINING,0,2,1,4,25710346,389a2b01,3528
289,1,3,0,4,8,174,TRAINING,6,1,0,7,25170346,38a92b01,2786
289,1,3,0,4,8,175,TRAINING,3,11,0,5,15270346,a8392b01,3810
289,1,3,0,4,8,176,TRAINING,6,1,0,7,15072346,a8293b01,2115
289,1,3,0,4,8,177,TRAINING,3,11,0,5,17052346,a9283b01,2242
289,1,3,0,4,8,178,TRAINING,1,10,1,0,17025346,a9238b01,4489
289,1,3,0,4,8,179,TRAINING,5,8,0,3,17052346,a9283b01,2322
289,1,3,0,4,8,180,TRAINING,0,2,1,4,17250346,a9382b01,4258
289,1,3,0,4,8,181,TRAINING,1,10,1,7,67250341,19382b0a,3730
289,1,3,0,4,8,182,TRAINING,7,9,0,3,65270341,18392b0a,2450
289,1,3,0,4,8,183,TRAINING,7,9,0,3,63270541,1b39280a,4082
289,1,3,0,4,8,184,TRAINING,4,0,1,6,61270543,1a39280b,1930
289,1,3,0,4,8,185,TEST,1,10,1,1,true,3418
289,1,3,0,4,8,186,TEST,0,2,1,1,true,1337
289,1,3,0,4,8,187,TEST,5,8,0,0,true,836
289,1,3,0,4,8,188,TEST,6,1,0,0,true,1298
289,1,3,0,4,8,189,TEST,2,3,1,1,true,1036
289,1,3,0,4,8,190,TEST,7,9,0,0,true,970
289,1,3,0,4,8,191,TEST,3,11,0,1,false,811
289,1,3,0,4,8,192,TEST,4,0,1,0,false,707
289,1,3,0,4,9,193,TRAINING,3,11,0,6,64057132,10289ab3,3235
289,1,3,0,4,9,194,TRAINING,6,1,0,0,64017532,102a98b3,2007
289,1,3,0,4,9,195,TRAINING,2,3,1,7,64517032,108a92b3,3417
289,1,3,0,4,9,196,TRAINING,1,10,1,3,63517042,1b8a9203,3233
289,1,3,0,4,9,197,TRAINING,7,9,0,6,63514072,1b8a0293,4075
289,1,3,0,4,9,198,TRAINING,5,8,0,1,65314072,18ba0293,1945
289,1,3,0,4,9,199,TRAINING,0,2,1,5,35614072,b81a0293,7208
289,1,3,0,4,9,200,TRAINING,3,11,0,4,45613072,081ab293,1777
289,1,3,0,4,9,201,TRAINING,5,8,0,1,45673012,0819b2a3,2341
289,1,3,0,4,9,202,TRAINING,0,2,1,5,45673021,0819b23a,2216
289,1,3,0,4,9,203,TRAINING,4,0,1,0,45623071,0813b29a,4322
289,1,3,0,4,9,204,TRAINING,2,3,1,3,45326071,08b3129a,2082
289,1,3,0,4,9,205,TRAINING,7,9,0,6,40326571,02b3189a,1859
289,1,3,0,4,9,206,TRAINING,4,0,1,0,43026571,0b23189a,1945
289,1,3,0,4,9,207,TRAINING,6,1,0,4,43126570,0ba31892,3155
289,1,3,0,4,9,208,TRAINING,1,10,1,2,47126530,09a318b2,2281
289,1,3,0,4,9,209,TEST,7,9,0,0,true,4633
289,1,3,0,4,9,210,TEST,5,8,0,0,true,1418
289,1,3,0,4,9,211,TEST,6,1,0,1,false,930
289,1,3,0,4,9,212,TEST,3,11,0,0,true,2267
289,1,3,0,4,9,213,TEST,0,2,1,1,true,1059
289,1,3,0,4,9,214,TEST,4,0,1,1,true,1115
289,1,3,0,4,9,215,TEST,1,10,1,0,false,1219
289,1,3,0,4,9,216,TEST,2,3,1,1,true,667
289,1,3,0,4,10,217,TRAINING,5,8,0,7,13046275,ab201398,6627
289,1,3,0,4,10,218,TRAINING,0,2,1,2,31046275,ba201398,3096
289,1,3,0,4,10,219,TRAINING,2,3,1,5,36041275,b120a398,5361
289,1,3,0,4,10,220,TRAINING,2,3,1,5,63041275,1b20a398,1488
289,1,3,0,4,10,221,TRAINING,7,9,0,6,63045271,1b20839a,2113
289,1,3,0,4,10,222,TRAINING,3,11,0,1,53046271,8b20139a,2153
289,1,3,0,4,10,223,TRAINING,7,9,0,6,53041276,8b20a391,2851
289,1,3,0,4,10,224,TRAINING,1,10,1,4,53061274,8b21a390,2522
289,1,3,0,4,10,225,TRAINING,0,2,1,5,53261074,8b31a290,1834
289,1,3,0,4,10,226,TRAINING,6,1,0,3,52361074,83b1a290,3009
289,1,3,0,4,10,227,TRAINING,1,10,1,4,52461073,8301a29b,4458
289,1,3,0,4,10,228,TRAINING,3,11,0,5,52461370,8301ab92,1898
289,1,3,0,4,10,229,TRAINING,4,0,1,1,54261370,8031ab92,1877
289,1,3,0,4,10,230,TRAINING,4,0,1,1,24561370,3081ab92,2113
289,1,3,0,4,10,231,TRAINING,6,1,0,3,24560371,30812b9a,2081
289,1,3,0,4,10,232,TRAINING,5,8,0,2,34560271,b081239a,5666
289,1,3,0,4,10,233,TEST,7,9,0,0,true,4245
289,1,3,0,4,10,234,TEST,1,10,1,1,true,1890
289,1,3,0,4,10,235,TEST,3,11,0,0,true,1202
289,1,3,0,4,10,236,TEST,0,2,1,1,true,874
289,1,3,0,4,10,237,TEST,6,1,0,0,true,915
289,1,3,0,4,10,238,TEST,4,0,1,1,true,739
289,1,3,0,4,10,239,TEST,2,3,1,0,false,851
289,1,3,0,4,10,240,TEST,5,8,0,1,false,1667
289,1,3,0,4,11,241,TRAINING,4,0,1,0,42650731,031829ba,3866
289,1,3,0,4,11,242,TRAINING,1,10,1,7,42350761,03b8291a,2094
289,1,3,0,4,11,243,TRAINING,6,1,0,6,45320761,08b3291a,2425
289,1,3,0,4,11,244,TRAINING,2,3,1,3,43520761,0b83291a,4769
289,1,3,0,4,11,245,TRAINING,5,8,0,2,73520461,9b83201a,4106
289,1,3,0,4,11,246,TRAINING,0,2,1,7,73521460,9b83a012,2497
289,1,3,0,4,11,247,TRAINING,3,11,0,5,74521360,9083ab12,3393
289,1,3,0,4,11,248,TRAINING,7,9,0,0,74561320,9081ab32,2858
289,1,3,0,4,11,249,TRAINING,6,1,0,4,74516320,908a1b32,2185
289,1,3,0,4,11,250,TRAINING,2,3,1,5,74516230,908a13b2,2297
289,1,3,0,4,11,251,TRAINING,1,10,1,3,74316250,90ba1382,2210
289,1,3,0,4,11,252,TRAINING,4,0,1,1,34716250,b09a1382,2042
289,1,3,0,4,11,253,TRAINING,5,8,0,6,34216750,b03a1982,2177
289,1,3,0,4,11,254,TRAINING,0,2,1,4,34210756,b03a2981,2026
289,1,3,0,4,11,255,TRAINING,7,9,0,3,34270156,b0392a81,2066
289,1,3,0,4,11,256,TRAINING,3,11,0,0,34270165,b0392a18,3081
289,1,3,0,4,11,257,TEST,5,8,0,1,false,3091
289,1,3,0,4,11,258,TEST,7,9,0,0,true,1114
289,1,3,0,4,11,259,TEST,0,2,1,1,true,1091
289,1,3,0,4,11,260,TEST,2,3,1,1,true,1139
289,1,3,0,4,11,261,TEST,3,11,0,0,true,803
289,1,3,0,4,11,262,TEST,4,0,1,1,true,787
289,1,3,0,4,11,263,TEST,1,10,1,1,true,1674
289,1,3,0,4,11,264,TEST,6,1,0,0,true,2674
289,1,3,0,4,12,265,TRAINING,1,10,1,2,07124635,29a301b8,2361
289,1,3,0,4,12,266,TRAINING,1,10,1,2,07134625,29ab0138,1968
289,1,3,0,4,12,267,TRAINING,5,8,0,7,07132645,29ab3108,2322
289,1,3,0,4,12,268,TRAINING,6,1,0,5,02137645,23ab9108,3802
289,1,3,0,4,12,269,TRAINING,3,11,0,3,12037645,a32b9108,2449
289,1,3,0,4,12,270,TRAINING,2,3,1,1,12034675,a32b0198,2531
289,1,3,0,4,12,271,TRAINING,6,1,0,5,02134675,23ab0198,1969
289,1,3,0,4,12,272,TRAINING,7,9,0,6,02431675,230ba198,1873
289,1,3,0,4,12,273,TRAINING,0,2,1,0,04231675,203ba198,5826
289,1,3,0,4,12,274,TRAINING,0,2,1,0,04236175,203b1a98,3474
289,1,3,0,4,12,275,TRAINING,4,0,1,1,04236715,203b19a8,1777
289,1,3,0,4,12,276,TRAINING,3,11,0,3,04136725,20ab1938,4001
289,1,3,0,4,12,277,TRAINING,5,8,0,7,14036725,a02b1938,5033
289,1,3,0,4,12,278,TRAINING,2,3,1,6,74036125,902b1a38,1736
289,1,3,0,4,12,279,TRAINING,4,0,1,1,74136025,90ab1238,1906
289,1,3,0,4,12,280,TRAINING,7,9,0,0,74631025,901ba238,1954
289,1,3,0,4,12,281,TEST,6,1,0,0,true,2471
289,1,3,0,4,12,282,TEST,0,2,1,1,true,1146
289,1,3,0,4,12,283,TEST,4,0,1,1,true,1635
289,1,3,0,4,12,284,TEST,3,11,0,1,false,939
289,1,3,0,4,12,285,TEST,2,3,1,1,true,1442
289,1,3,0,4,12,286,TEST,5,8,0,0,true,4265
289,1,3,0,4,12,287,TEST,7,9,0,0,true,970
289,1,3,0,4,12,288,TEST,1,10,1,1,true,1105
289,1,3,0,4,13,289,TRAINING,7,9,0,7,20143567,32a0b819,2125
289,1,3,0,4,13,290,TRAINING,0,2,1,5,25143067,38a0b219,7671
289,1,3,0,4,13,291,TRAINING,1,10,1,1,21543067,3a80b219,5425
289,1,3,0,4,13,292,TRAINING,2,3,1,0,21547063,3a80921b,4377
289,1,3,0,4,13,293,TRAINING,2,3,1,0,21507463,3a82901b,1633
289,1,3,0,4,13,294,TRAINING,1,10,1,1,21570463,3a89201b,2108
289,1,3,0,4,13,295,TRAINING,3,11,0,7,21540763,3a80291b,2504
289,1,3,0,4,13,296,TRAINING,6,1,0,3,21560743,3a81290b,7626
289,1,3,0,4,13,297,TRAINING,3,11,0,7,12560743,a381290b,2642
289,1,3,0,4,13,298,TRAINING,5,8,0,2,12564703,a381092b,2490
289,1,3,0,4,13,299,TRAINING,7,9,0,5,12546703,a380192b,2306
289,1,3,0,4,13,300,TRAINING,6,1,0,4,32546701,b380192a,3962
289,1,3,0,4,13,301,TRAINING,4,0,1,3,32546710,b38019a2,2850
289,1,3,0,4,13,302,TRAINING,0,2,1,7,37546210,b98013a2,3986
289,1,3,0,4,13,303,TRAINING,5,8,0,2,73546210,9b8013a2,3465
289,1,3,0,4,13,304,TRAINING,4,0,1,3,13546270,ab801392,2713
289,1,3,0,4,13,305,TEST,6,1,0,0,true,2618
289,1,3,0,4,13,306,TEST,1,10,1,1,true,5147
289,1,3,0,4,13,307,TEST,4,0,1,0,false,3105
289,1,3,0,4,13,308,TEST,2,3,1,1,true,6162
289,1,3,0,4,13,309,TEST,3,11,0,0,true,1643
289,1,3,0,4,13,310,TEST,5,8,0,1,false,3794
289,1,3,0,4,13,311,TEST,7,9,0,0,true,2960
289,1,3,0,4,13,312,TEST,0,2,1,1,true,1945
289,1,3,0,4,14,313,TRAINING,1,10,1,3,25014637,382a01b9,5141
289,1,3,0,4,14,314,TRAINING,3,11,0,6,25410637,380a21b9,3582
289,1,3,0,4,14,315,TRAINING,6,1,0,5,20415637,320a81b9,3050
289,1,3,0,4,14,316,TRAINING,2,3,1,0,20451637,3208a1b9,2010
289,1,3,0,4,14,317,TRAINING,0,2,1,1,20351647,32b8a109,7592
289,1,3,0,4,14,318,TRAINING,7,9,0,7,20531647,328ba109,2032
289,1,3,0,4,14,319,TRAINING,4,0,1,5,20531467,328ba019,2113
289,1,3,0,4,14,320,TRAINING,0,2,1,1,30521467,b283a019,2002
289,1,3,0,4,14,321,TRAINING,5,8,0,2,30526417,b28310a9,1778
289,1,3,0,4,14,322,TRAINING,7,9,0,7,60523417,1283b0a9,2132
289,1,3,0,4,14,323,TRAINING,6,1,0,0,60523147,1283ba09,2273
289,1,3,0,4,14,324,TRAINING,3,11,0,4,62503147,1382ba09,1986
289,1,3,0,4,14,325,TRAINING,2,3,1,5,61503247,1a82b309,3482
289,1,3,0,4,14,326,TRAINING,1,10,1,1,41503267,0a82b319,1986
289,1,3,0,4,14,327,TRAINING,5,8,0,2,31504267,ba820319,2810
289,1,3,0,4,14,328,TRAINING,4,0,1,4,61504237,1a8203b9,2346
289,1,3,0,4,14,329,TEST,0,2,1,1,true,3617
289,1,3,0,4,14,330,TEST,7,9,0,0,true,6921
289,1,3,0,4,14,331,TEST,5,8,0,0,true,1827
289,1,3,0,4,14,332,TEST,3,11,0,1,false,1099
289,1,3,0,4,14,333,TEST,1,10,1,1,true,1043
289,1,3,0,4,14,334,TEST,4,0,1,0,false,819
289,1,3,0,4,14,335,TEST,6,1,0,0,true,1130
289,1,3,0,4,14,336,TEST,2,3,1,1,true,1003
289,1,3,0,4,15,337,TRAINING,5,8,0,6,30472651,b209318a,2211
289,1,3,0,4,15,338,TRAINING,7,9,0,3,30274651,b239018a,2416
289,1,3,0,4,15,339,TRAINING,0,2,1,1,30674251,b219038a,1961
289,1,3,0,4,15,340,TRAINING,7,9,0,3,30674215,b21903a8,2194
289,1,3,0,4,15,341,TRAINING,6,1,0,0,60374215,12b903a8,3817
289,1,3,0,4,15,342,TRAINING,0,2,1,1,60371245,12b9a308,1722
289,1,3,0,4,15,343,TRAINING,3,11,0,5,60271345,1239ab08,2016
289,1,3,0,4,15,344,TRAINING,3,11,0,5,50271346,8239ab01,2137
289,1,3,0,4,15,345,TRAINING,5,8,0,0,50172346,82a93b01,2010
289,1,3,0,4,15,346,TRAINING,4,0,1,6,51072346,8a293b01,2128
289,1,3,0,4,15,347,TRAINING,2,3,1,1,52071346,8329ab01,3194
289,1,3,0,4,15,348,TRAINING,1,10,1,4,02571346,2389ab01,2025
289,1,3,0,4,15,349,TRAINING,4,0,1,6,32571046,b389a201,2137
289,1,3,0,4,15,350,TRAINING,6,1,0,3,32561047,b381a209,2127
289,1,3,0,4,15,351,TRAINING,1,10,1,4,32061547,b321a809,2568
289,1,3,0,4,15,352,TRAINING,2,3,1,1,52061347,8321ab09,1641
289,1,3,0,4,15,353,TEST,3,11,0,0,true,1620
289,1,3,0,4,15,354,TEST,4,0,1,1,true,842
289,1,3,0,4,15,355,TEST,7,9,0,0,true,1035
289,1,3,0,4,15,356,TEST,1,10,1,1,true,683
289,1,3,0,4,15,357,TEST,6,1,0,0,true,786
289,1,3,0,4,15,358,TEST,2,3,1,0,false,1027
289,1,3,0,4,15,359,TEST,5,8,0,1,false,898
289,1,3,0,4,15,360,TEST,0,2,1,0,false,690
289,1,3,0,4,16,361,TRAINING,2,3,1,2,16235704,a13b8920,3107
289,1,3,0,4,16,362,TRAINING,0,2,1,6,56231704,813ba920,2495
289,1,3,0,4,16,363,TRAINING,1,10,1,4,56231407,813ba029,3481
289,1,3,0,4,16,364,TRAINING,7,9,0,7,46231507,013ba829,3122
289,1,3,0,4,16,365,TRAINING,2,3,1,2,46231057,013ba289,1986
289,1,3,0,4,16,366,TRAINING,1,10,1,5,46230157,013b2a89,1787
289,1,3,0,4,16,367,TRAINING,3,11,0,3,06234157,213b0a89,3739
289,1,3,0,4,16,368,TRAINING,5,8,0,2,06534127,218b0a39,3487
289,1,3,0,4,16,369,TRAINING,3,11,0,3,07534126,298b0a31,1962
289,1,3,0,4,16,370,TRAINING,0,2,1,0,07534216,298b03a1,2192
289,1,3,0,4,16,371,TRAINING,4,0,1,4,07534612,298b01a3,1986
289,1,3,0,4,16,372,TRAINING,5,8,0,7,07234615,293b01a8,15906
289,1,3,0,4,16,373,TRAINING,6,1,0,5,03274615,2b3901a8,2536
289,1,3,0,4,16,374,TRAINING,6,1,0,5,04273615,2039b1a8,2306
289,1,3,0,4,16,375,TRAINING,7,9,0,2,04723615,2093b1a8,2435
289,1,3,0,4,16,376,TRAINING,4,0,1,1,04721635,2093a1b8,1872
289,1,3,0,4,16,377,TEST,1,10,1,1,true,3681
289,1,3,0,4,16,378,TEST,7,9,0,0,true,2541
289,1,3,0,4,16,379,TEST,2,3,1,1,true,3144
289,1,3,0,4,16,380,TEST,3,11,0,0,true,5371
289,1,3,0,4,16,381,TEST,6,1,0,0,true,7011
289,1,3,0,4,16,382,TEST,4,0,1,1,true,2146
289,1,3,0,4,16,383,TEST,5,8,0,0,true,1347
289,1,3,0,4,16,384,TEST,0,2,1,1,true,2574
289,1,3,0,4,17,385,TRAINING,6,1,0,2,03624715,2b1309a8,10361
289,1,3,0,4,17,386,TRAINING,1,10,1,6,43620715,0b1329a8,2528
289,1,3,0,4,17,387,TRAINING,1,10,1,6,45620713,081329ab,3818
289,1,3,0,4,17,388,TRAINING,4,0,1,0,45260713,083129ab,3482
289,1,3,0,4,17,389,TRAINING,5,8,0,4,40265713,023189ab,1986
289,1,3,0,4,17,390,TRAINING,6,1,0,7,40235716,023b89a1,8522
289,1,3,0,4,17,391,TRAINING,5,8,0,4,20435716,320b89a1,2873
289,1,3,0,4,17,392,TRAINING,0,2,1,3,23405716,3b0289a1,2434
289,1,3,0,4,17,393,TRAINING,3,11,0,1,73405216,9b0283a1,2432
289,1,3,0,4,17,394,TRAINING,7,9,0,0,73205416,9b3280a1,1898
289,1,3,0,4,17,395,TRAINING,7,9,0,0,73025416,9b2380a1,2018
289,1,3,0,4,17,396,TRAINING,2,3,1,4,73052416,9b2830a1,3027
289,1,3,0,4,17,397,TRAINING,3,11,0,6,71052436,9a2830b1,1953
289,1,3,0,4,17,398,TRAINING,2,3,1,4,74052136,90283ab1,2240
289,1,3,0,4,17,399,TRAINING,0,2,1,3,74502136,90823ab1,1904
289,1,3,0,4,17,400,TRAINING,4,0,1,1,14502736,a08239b1,5874
289,1,3,0,4,17,401,TEST,0,2,1,1,true,2758
289,1,3,0,4,17,402,TEST,3,11,0,0,true,1378
289,1,3,0,4,17,403,TEST,7,9,0,0,true,1458
289,1,3,0,4,17,404,TEST,6,1,0,1,false,1235
289,1,3,0,4,17,405,TEST,2,3,1,1,true,929
289,1,3,0,4,17,406,TEST,4,0,1,0,false,1242
289,1,3,0,4,17,407,TEST,1,10,1,0,false,1074
289,1,3,0,4,17,408,TEST,5,8,0,0,true,764
289,1,3,0,4,18,409,TRAINING,0,2,1,4,36720145,b1932a08,3263
289,1,3,0,4,18,410,TRAINING,7,9,0,1,37620145,b9132a08,2736
289,1,3,0,4,18,411,TRAINING,6,1,0,2,37620154,b9132a80,2184
289,1,3,0,4,18,412,TRAINING,3,11,0,0,37640152,b9102a83,5932
289,1,3,0,4,18,413,TRAINING,0,2,1,4,37620154,b9132a80,7235
289,1,3,0,4,18,414,TRAINING,3,11,0,0,37620145,b9132a08,2113
289,1,3,0,4,18,415,TRAINING,6,1,0,2,37650142,b9182a03,2899
289,1,3,0,4,18,416,TRAINING,4,0,1,6,37610542,b91a2803,3729
289,1,3,0,4,18,417,TRAINING,2,3,1,7,57610342,891a2b03,1890
289,1,3,0,4,18,418,TRAINING,1,10,1,0,17650342,a9182b03,4369
289,1,3,0,4,18,419,TRAINING,4,0,1,6,10657342,a2189b03,11547
289,1,3,0,4,18,420,TRAINING,7,9,0,1,17650342,a9182b03,8202
289,1,3,0,4,18,421,TRAINING,1,10,1,0,17250346,a9382b01,2784
289,1,3,0,4,18,422,TRAINING,5,8,0,3,17250436,a93820b1,3521
289,1,3,0,4,18,423,TRAINING,5,8,0,3,17253406,a938b021,6090
289,1,3,0,4,18,424,TRAINING,2,3,1,2,17256403,a938102b,13633
289,1,3,0,4,18,425,TEST,7,9,0,0,true,10158
289,1,3,0,4,18,426,TEST,2,3,1,1,true,2620
289,1,3,0,4,18,427,TEST,6,1,0,0,true,2163
289,1,3,0,4,18,428,TEST,0,2,1,1,true,5003
289,1,3,0,4,18,429,TEST,3,11,0,0,true,3091
289,1,3,0,4,18,430,TEST,1,10,1,1,true,7217
289,1,3,0,4,18,431,TEST,4,0,1,1,true,6259
289,1,3,0,4,18,432,TEST,5,8,0,0,true,7706
289,1,3,0,4,19,433,TRAINING,3,11,0,0,34250761,b038291a,5545
289,1,3,0,4,19,434,TRAINING,2,3,1,2,34250716,b03829a1,2238
289,1,3,0,4,19,435,TRAINING,1,10,1,3,34210756,b03a2981,2193
289,1,3,0,4,19,436,TRAINING,3,11,0,0,35210746,b83a2901,6994
289,1,3,0,4,19,437,TRAINING,0,2,1,4,34210756,b03a2981,3353
289,1,3,0,4,19,438,TRAINING,6,1,0,5,34210657,b03a2189,9923
289,1,3,0,4,19,439,TRAINING,5,8,0,6,37210654,b93a2180,2629
289,1,3,0,4,19,440,TRAINING,6,1,0,5,37214650,b93a0182,2753
289,1,3,0,4,19,441,TRAINING,1,10,1,7,37204651,b932018a,2098
289,1,3,0,4,19,442,TRAINING,0,2,1,0,07234651,293b018a,2793
289,1,3,0,4,19,443,TRAINING,7,9,0,4,04237651,203b918a,4082
289,1,3,0,4,19,444,TRAINING,4,0,1,1,04137652,20ab9183,2122
289,1,3,0,4,19,445,TRAINING,2,3,1,7,04167352,20a19b83,4449
289,1,3,0,4,19,446,TRAINING,5,8,0,3,04157362,20a89b13,24096
289,1,3,0,4,19,447,TRAINING,7,9,0,0,74150362,90a82b13,2051
289,1,3,0,4,19,448,TRAINING,4,0,1,1,74650312,90182ba3,1890
289,1,3,0,4,19,449,TEST,1,10,1,1,true,6427
289,1,3,0,4,19,450,TEST,4,0,1,1,true,1818
289,1,3,0,4,19,451,TEST,3,11,0,0,true,2922
289,1,3,0,4,19,452,TEST,6,1,0,0,true,5194
289,1,3,0,4,19,453,TEST,5,8,0,0,true,3387
289,1,3,0,4,19,454,TEST,2,3,1,1,true,1435
289,1,3,0,4,19,455,TEST,0,2,1,1,true,5531
289,1,3,0,4,19,456,TEST,7,9,0,0,true,1499
289,1,3,0,4,INSTRUCT,postquestionnaire,3

rulestrategy:I couldn't find a consistent pattern, so I finally just started memorizing which ones were B's.  I would mouth the words to myself, like, "patterned purple yellow" to help me remember.
howtoimprove:I almost quit.  Maybe after awhile, let me know how much longer or how many more rounds- by then I had forgotten how many.
engagement:10
difficulty:10
physicalaids:no