29,1,5,5,9,INSTRUCT,instruct1,16442
29,1,5,5,9,INSTRUCT,instructCatExample,9884
29,1,5,5,9,INSTRUCT,instructCatColor,4867
29,1,5,5,9,INSTRUCT,instructCatStripe,7090
29,1,5,5,9,INSTRUCT,instructDemoIntro,4433
29,1,5,5,9,INSTRUCT,instructDemo,64794
29,1,5,5,9,INSTRUCT,instructTest,29017
29,1,5,5,9,INSTRUCT,instructTest2,15211
29,1,5,5,9,INSTRUCT,instructDimColor,9262
29,1,5,5,9,INSTRUCT,instructDimBorder,2736
29,1,5,5,9,INSTRUCT,instructDimDots,2373
29,1,5,5,9,INSTRUCT,instructDimStripe,2933
29,1,5,5,9,INSTRUCT,instructDimAll,10889
29,1,5,5,9,INSTRUCT,instructFinal,4197
29,1,5,5,9,1,1,TRAINING,6,15,1,3,45260371,75ef6cd4,13510
29,1,5,5,9,1,2,TRAINING,2,14,0,2,45261370,75ef4cd6,6538
29,1,5,5,9,1,3,TRAINING,6,15,1,3,41265370,74ef5cd6,2627
29,1,5,5,9,1,4,TRAINING,1,4,0,6,47265310,7def5c46,1994
29,1,5,5,9,1,5,TRAINING,1,4,0,6,07265314,6def5c47,1911
29,1,5,5,9,1,6,TRAINING,5,5,1,2,07562314,6d5fec47,2153
29,1,5,5,9,1,7,TRAINING,4,7,0,7,37562014,cd5fe647,2110
29,1,5,5,9,1,8,TRAINING,7,13,0,1,37560214,cd5f6e47,3363
29,1,5,5,9,1,9,TRAINING,0,6,1,4,37260514,cdef6547,2132
29,1,5,5,9,1,10,TRAINING,4,7,0,7,37620514,cdfe6547,1723
29,1,5,5,9,1,11,TRAINING,3,12,1,5,57620314,5dfe6c47,1613
29,1,5,5,9,1,12,TRAINING,5,5,1,3,27650314,edf56c47,2855
29,1,5,5,9,1,13,TRAINING,7,13,0,1,47650312,7df56c4e,2026
29,1,5,5,9,1,14,TRAINING,0,6,1,6,47651302,7df54c6e,1746
29,1,5,5,9,1,15,TRAINING,2,14,0,7,47351602,7dc54f6e,2313
29,1,5,5,9,1,16,TRAINING,3,12,1,2,47315602,7dc45f6e,2590
29,1,5,5,9,1,17,TEST,4,7,0,1,false,7001
29,1,5,5,9,1,18,TEST,7,13,0,0,true,2167
29,1,5,5,9,1,19,TEST,2,14,0,1,false,1131
29,1,5,5,9,1,20,TEST,6,15,1,1,true,6117
29,1,5,5,9,1,21,TEST,3,12,1,0,false,1636
29,1,5,5,9,1,22,TEST,5,5,1,0,false,1552
29,1,5,5,9,1,23,TEST,1,4,0,0,true,479
29,1,5,5,9,1,24,TEST,0,6,1,1,true,988
29,1,5,5,9,2,25,TRAINING,5,5,1,6,13274056,4ced765f,8841
29,1,5,5,9,2,26,TRAINING,3,12,1,1,13074256,4c6d7e5f,14360
29,1,5,5,9,2,27,TRAINING,2,14,0,4,13072456,4c6de75f,4182
29,1,5,5,9,2,28,TRAINING,2,14,0,4,13042756,4c67ed5f,2873
29,1,5,5,9,2,29,TRAINING,1,4,0,0,17042356,4d67ec5f,2396
29,1,5,5,9,2,30,TRAINING,3,12,1,5,17062354,4d6fec57,2685
29,1,5,5,9,2,31,TRAINING,1,4,0,0,16072354,4f6dec57,10647
29,1,5,5,9,2,32,TRAINING,4,7,0,7,17062354,4d6fec57,12801
29,1,5,5,9,2,33,TRAINING,7,13,0,3,16072354,4f6dec57,1761
29,1,5,5,9,2,34,TRAINING,4,7,0,7,13072654,4c6def57,1913
29,1,5,5,9,2,35,TRAINING,6,15,1,5,53072614,5c6def47,1660
29,1,5,5,9,2,36,TRAINING,0,6,1,2,53071624,5c6d4fe7,1958
29,1,5,5,9,2,37,TRAINING,0,6,1,2,13075624,4c6d5fe7,1884
29,1,5,5,9,2,38,TRAINING,7,13,0,7,13045627,4c675fed,2506
29,1,5,5,9,2,39,TRAINING,5,5,1,4,31045627,c4675fed,1952
29,1,5,5,9,2,40,TRAINING,6,15,1,5,31405627,c4765fed,1871
29,1,5,5,9,2,41,TEST,5,5,1,0,false,1631
29,1,5,5,9,2,42,TEST,1,4,0,1,false,904
29,1,5,5,9,2,43,TEST,7,13,0,1,false,1324
29,1,5,5,9,2,44,TEST,0,6,1,0,false,743
29,1,5,5,9,2,45,TEST,6,15,1,1,true,815
29,1,5,5,9,2,46,TEST,3,12,1,0,false,701
29,1,5,5,9,2,47,TEST,2,14,0,0,true,446
29,1,5,5,9,2,48,TEST,4,7,0,0,true,440
29,1,5,5,9,3,49,TRAINING,1,4,0,0,13256074,4ce5f6d7,36530
29,1,5,5,9,3,50,TRAINING,2,14,0,2,10256374,46e5fcd7,15072
29,1,5,5,9,3,51,TRAINING,5,5,1,3,16250374,4fe56cd7,12344
29,1,5,5,9,3,52,TRAINING,4,7,0,7,36250174,cfe564d7,11046
29,1,5,5,9,3,53,TRAINING,1,4,0,0,16250374,4fe56cd7,26717
29,1,5,5,9,3,54,TRAINING,0,6,1,4,16230574,4fec65d7,14529
29,1,5,5,9,3,55,TRAINING,5,5,1,5,16230547,4fec657d,7549
29,1,5,5,9,3,56,TRAINING,3,12,1,3,26130547,ef4c657d,7303
29,1,5,5,9,3,57,TRAINING,7,13,0,7,26134507,ef4c756d,20912
29,1,5,5,9,3,58,TRAINING,4,7,0,4,16234507,4fec756d,12853
29,1,5,5,9,3,59,TRAINING,6,15,1,1,16234057,4fec765d,3632
29,1,5,5,9,3,60,TRAINING,0,6,1,0,06234157,6fec745d,1660
29,1,5,5,9,3,61,TRAINING,6,15,1,1,06243157,6fe7c45d,1782
29,1,5,5,9,3,62,TRAINING,3,12,1,6,06245137,6fe754cd,1892
29,1,5,5,9,3,63,TRAINING,2,14,0,2,06247135,6fe7d4c5,2398
29,1,5,5,9,3,64,TRAINING,7,13,0,4,06217435,6fe4d7c5,2519
29,1,5,5,9,3,65,TEST,3,12,1,1,true,11461
29,1,5,5,9,3,66,TEST,5,5,1,1,true,4706
29,1,5,5,9,3,67,TEST,6,15,1,0,false,13337
29,1,5,5,9,3,68,TEST,4,7,0,0,true,4073
29,1,5,5,9,3,69,TEST,7,13,0,0,true,5246
29,1,5,5,9,3,70,TEST,0,6,1,1,true,11402
29,1,5,5,9,3,71,TEST,1,4,0,0,true,8209
29,1,5,5,9,3,72,TEST,2,14,0,0,true,11244
29,1,5,5,9,4,73,TRAINING,2,14,0,4,73652104,dcf5e467,19769
29,1,5,5,9,4,74,TRAINING,4,7,0,7,70652134,d6f5e4c7,7831
29,1,5,5,9,4,75,TRAINING,7,13,0,5,10652734,46f5edc7,9563
29,1,5,5,9,4,76,TRAINING,1,4,0,6,30652714,c6f5ed47,6039
29,1,5,5,9,4,77,TRAINING,7,13,0,5,30654712,c6f57d4e,6889
29,1,5,5,9,4,78,TRAINING,2,14,0,7,30645712,c6f75d4e,4884
29,1,5,5,9,4,79,TRAINING,4,7,0,3,30641752,c6f74d5e,9418
29,1,5,5,9,4,80,TRAINING,3,12,1,0,30641572,c6f745de,9050
29,1,5,5,9,4,81,TRAINING,1,4,0,4,30641527,c6f745ed,3955
29,1,5,5,9,4,82,TRAINING,3,12,1,0,35641027,c5f746ed,4265
29,1,5,5,9,4,83,TRAINING,0,6,1,5,36541027,cf5746ed,7337
29,1,5,5,9,4,84,TRAINING,0,6,1,5,35641027,c5f746ed,1923
29,1,5,5,9,4,85,TRAINING,6,15,1,2,53641027,5cf746ed,1877
29,1,5,5,9,4,86,TRAINING,5,5,1,0,57641023,5df746ec,14603
29,1,5,5,9,4,87,TRAINING,5,5,1,0,51647023,54f7d6ec,1719
29,1,5,5,9,4,88,TRAINING,6,15,1,6,51247063,54e7d6fc,5486
29,1,5,5,9,4,89,TEST,3,12,1,1,true,7475
29,1,5,5,9,4,90,TEST,2,14,0,0,true,5197
29,1,5,5,9,4,91,TEST,7,13,0,0,true,2895
29,1,5,5,9,4,92,TEST,5,5,1,1,true,6069
29,1,5,5,9,4,93,TEST,6,15,1,1,true,5126
29,1,5,5,9,4,94,TEST,0,6,1,1,true,7189
29,1,5,5,9,4,95,TEST,4,7,0,0,true,2951
29,1,5,5,9,4,96,TEST,1,4,0,0,true,23901
29,1,5,5,9,5,97,TRAINING,1,4,0,7,45063271,756fced4,13333
29,1,5,5,9,5,98,TRAINING,2,14,0,5,05463271,657fced4,5463
29,1,5,5,9,5,99,TRAINING,2,14,0,5,05643271,65f7ced4,2617
29,1,5,5,9,5,100,TRAINING,0,6,1,4,35640271,c5f76ed4,2469
29,1,5,5,9,5,101,TRAINING,5,5,1,1,45630271,75fc6ed4,7297
29,1,5,5,9,5,102,TRAINING,5,5,1,1,45630217,75fc6e4d,3162
29,1,5,5,9,5,103,TRAINING,3,12,1,3,05634217,65fc7e4d,4006
29,1,5,5,9,5,104,TRAINING,0,6,1,4,45630217,75fc6e4d,3576
29,1,5,5,9,5,105,TRAINING,6,15,1,2,45630271,75fc6ed4,8963
29,1,5,5,9,5,106,TRAINING,7,13,0,6,35640271,c5f76ed4,5778
29,1,5,5,9,5,107,TRAINING,4,7,0,3,05643271,65f7ced4,7753
29,1,5,5,9,5,108,TRAINING,4,7,0,3,05643172,65f7c4de,5564
29,1,5,5,9,5,109,TRAINING,3,12,1,2,05346172,65c7f4de,6604
29,1,5,5,9,5,110,TRAINING,7,13,0,6,50346172,56c7f4de,7345
29,1,5,5,9,5,111,TRAINING,6,15,1,4,50316472,56c4f7de,5123
29,1,5,5,9,5,112,TRAINING,1,4,0,0,10356472,46c5f7de,5355
29,1,5,5,9,5,113,TEST,3,12,1,1,true,2672
29,1,5,5,9,5,114,TEST,0,6,1,1,true,3468
29,1,5,5,9,5,115,TEST,6,15,1,1,true,5393
29,1,5,5,9,5,116,TEST,4,7,0,0,true,6171
29,1,5,5,9,5,117,TEST,1,4,0,0,true,4220
29,1,5,5,9,5,118,TEST,5,5,1,1,true,2695
29,1,5,5,9,5,119,TEST,7,13,0,0,true,5516
29,1,5,5,9,5,120,TEST,2,14,0,0,true,5387
29,1,5,5,9,INSTRUCT,postquestionnaire,2

rulestrategy:I recognized that they all had stripes, so I ruled that out for purposes of categorization. I figured out that the grouping for each square doesn't change, so I memorized the grouping until I got them right.
howtoimprove:No, the experiment was easy to understand and follow.
engagement:10
difficulty:8
physicalaids:no