290,1,1,4,14,INSTRUCT,instruct1,12319
290,1,1,4,14,INSTRUCT,instructCatExample,16826
290,1,1,4,14,INSTRUCT,instructCatColor,4731
290,1,1,4,14,INSTRUCT,instructCatStripe,9819
290,1,1,4,14,INSTRUCT,instructDemoIntro,41203
290,1,1,4,14,INSTRUCT,instructDemo,25634
290,1,1,4,14,INSTRUCT,instructTest,29013
290,1,1,4,14,INSTRUCT,instructTest2,36395
290,1,1,4,14,INSTRUCT,instructDimColor,11717
290,1,1,4,14,INSTRUCT,instructDimBorder,3094
290,1,1,4,14,INSTRUCT,instructDimDots,2949
290,1,1,4,14,INSTRUCT,instructDimStripe,4665
290,1,1,4,14,INSTRUCT,instructDimAll,9281
290,1,1,4,14,INSTRUCT,instructFinal,23599
290,1,1,4,14,1,1,TRAINING,2,3,1,1,72461053,a362f7eb,7582
290,1,1,4,14,1,2,TRAINING,1,15,1,4,72561043,a3e2f76b,1753
290,1,1,4,14,1,3,TRAINING,7,10,0,0,72461053,a362f7eb,1774
290,1,1,4,14,1,4,TRAINING,0,7,0,3,72401653,a367f2eb,1988
290,1,1,4,14,1,5,TRAINING,4,6,0,2,72406153,a3672feb,1643
290,1,1,4,14,1,6,TRAINING,2,3,1,1,72403156,a367bfe2,3679
290,1,1,4,14,1,7,TRAINING,6,2,1,5,72403651,a367b2ef,1504
290,1,1,4,14,1,8,TRAINING,3,11,0,4,12403657,f367b2ea,1521
290,1,1,4,14,1,9,TRAINING,6,2,1,5,12453607,f36eb27a,1467
290,1,1,4,14,1,10,TRAINING,0,7,0,6,12753604,f3aeb276,2488
290,1,1,4,14,1,11,TRAINING,5,14,1,3,12453607,f36eb27a,1866
290,1,1,4,14,1,12,TRAINING,7,10,0,5,12453706,f36eba72,1539
290,1,1,4,14,1,13,TRAINING,5,14,1,3,42153706,63feba72,1796
290,1,1,4,14,1,14,TRAINING,3,11,0,4,41253706,6f3eba72,2323
290,1,1,4,14,1,15,TRAINING,4,6,0,0,41753206,6faeb372,1411
290,1,1,4,14,1,16,TRAINING,1,15,1,1,41053276,6f7eb3a2,1484
290,1,1,4,14,1,17,TEST,7,10,0,0,true,2120
290,1,1,4,14,1,18,TEST,0,7,0,1,false,805
290,1,1,4,14,1,19,TEST,3,11,0,0,true,3135
290,1,1,4,14,1,20,TEST,2,3,1,0,false,1795
290,1,1,4,14,1,21,TEST,1,15,1,1,true,480
290,1,1,4,14,1,22,TEST,5,14,1,0,false,1370
290,1,1,4,14,1,23,TEST,6,2,1,0,false,2348
290,1,1,4,14,1,24,TEST,4,6,0,0,true,2265
290,1,1,4,14,2,25,TRAINING,1,15,1,5,56734120,e2ab6f37,2620
290,1,1,4,14,2,26,TRAINING,4,6,0,4,06734125,72ab6f3e,9337
290,1,1,4,14,2,27,TRAINING,1,15,1,5,60734125,27ab6f3e,2643
290,1,1,4,14,2,28,TRAINING,6,2,1,0,60234175,273b6fae,1534
290,1,1,4,14,2,29,TRAINING,7,10,0,6,63204175,2b376fae,2197
290,1,1,4,14,2,30,TRAINING,4,6,0,3,63240175,2b367fae,4619
290,1,1,4,14,2,31,TRAINING,6,2,1,4,03246175,7b362fae,1964
290,1,1,4,14,2,32,TRAINING,5,14,1,5,03246571,7b362eaf,2228
290,1,1,4,14,2,33,TRAINING,2,3,1,2,01246573,7f362eab,1498
290,1,1,4,14,2,34,TRAINING,0,7,0,0,01236574,7f3b2ea6,3833
290,1,1,4,14,2,35,TRAINING,3,11,0,3,01236547,7f3b2e6a,6954
290,1,1,4,14,2,36,TRAINING,2,3,1,2,01236457,7f3b26ea,1423
290,1,1,4,14,2,37,TRAINING,5,14,1,0,51236407,ef3b267a,4943
290,1,1,4,14,2,38,TRAINING,0,7,0,6,51276403,ef3a267b,1895
290,1,1,4,14,2,39,TRAINING,3,11,0,2,51376402,efba2673,1755
290,1,1,4,14,2,40,TRAINING,7,10,0,3,51372406,efba3672,2065
290,1,1,4,14,2,41,TEST,5,14,1,0,false,2330
290,1,1,4,14,2,42,TEST,4,6,0,1,false,1182
290,1,1,4,14,2,43,TEST,2,3,1,1,true,1660
290,1,1,4,14,2,44,TEST,0,7,0,0,true,2805
290,1,1,4,14,2,45,TEST,6,2,1,1,true,2585
290,1,1,4,14,2,46,TEST,7,10,0,0,true,1345
290,1,1,4,14,2,47,TEST,1,15,1,0,false,1880
290,1,1,4,14,2,48,TEST,3,11,0,0,true,2536
290,1,1,4,14,3,49,TRAINING,3,11,0,7,04256713,763e2afb,3745
290,1,1,4,14,3,50,TRAINING,0,7,0,0,04265713,7632eafb,2159
290,1,1,4,14,3,51,TRAINING,4,6,0,2,02465713,7362eafb,2798
290,1,1,4,14,3,52,TRAINING,5,14,1,4,02475613,736ae2fb,2155
290,1,1,4,14,3,53,TRAINING,7,10,0,0,72405613,a367e2fb,1544
290,1,1,4,14,3,54,TRAINING,0,7,0,6,72415603,a36fe27b,2406
290,1,1,4,14,3,55,TRAINING,1,15,1,3,72315604,a3bfe276,1495
290,1,1,4,14,3,56,TRAINING,7,10,0,1,27315604,3abfe276,1830
290,1,1,4,14,3,57,TRAINING,4,6,0,7,27015634,3a7fe2b6,1479
290,1,1,4,14,3,58,TRAINING,6,2,1,3,27065134,3a72efb6,1849
290,1,1,4,14,3,59,TRAINING,6,2,1,3,27065314,3a72ebf6,2019
290,1,1,4,14,3,60,TRAINING,2,3,1,0,23065714,3b72eaf6,1644
290,1,1,4,14,3,61,TRAINING,5,14,1,4,23465710,3b62eaf7,1417
290,1,1,4,14,3,62,TRAINING,1,15,1,6,23765410,3ba2e6f7,1770
290,1,1,4,14,3,63,TRAINING,3,11,0,2,27365410,3ab2e6f7,1384
290,1,1,4,14,3,64,TRAINING,2,3,1,1,72365410,a3b2e6f7,1369
290,1,1,4,14,3,65,TEST,0,7,0,1,false,1372
290,1,1,4,14,3,66,TEST,4,6,0,0,true,1195
290,1,1,4,14,3,67,TEST,7,10,0,0,true,1045
290,1,1,4,14,3,68,TEST,5,14,1,1,true,675
290,1,1,4,14,3,69,TEST,3,11,0,1,false,1310
290,1,1,4,14,3,70,TEST,6,2,1,0,false,421
290,1,1,4,14,3,71,TEST,1,15,1,0,false,760
290,1,1,4,14,3,72,TEST,2,3,1,1,true,400
290,1,1,4,14,4,73,TRAINING,2,3,1,5,17364205,fab2637e,4833
290,1,1,4,14,4,74,TRAINING,0,7,0,6,15364207,feb2637a,2149
290,1,1,4,14,4,75,TRAINING,4,6,0,4,16354207,f2be637a,2071
290,1,1,4,14,4,76,TRAINING,6,2,1,1,36154207,b2fe637a,2755
290,1,1,4,14,4,77,TRAINING,5,14,1,6,36104257,b2f763ea,1785
290,1,1,4,14,4,78,TRAINING,1,15,1,5,36204157,b2376fea,1559
290,1,1,4,14,4,79,TRAINING,2,3,1,2,63204157,2b376fea,2484
290,1,1,4,14,4,80,TRAINING,7,10,0,3,63274150,2b3a6fe7,2246
290,1,1,4,14,4,81,TRAINING,1,15,1,5,43276150,6b3a2fe7,1568
290,1,1,4,14,4,82,TRAINING,3,11,0,1,43275160,6b3aef27,1348
290,1,1,4,14,4,83,TRAINING,4,6,0,0,43075162,6b7aef23,1474
290,1,1,4,14,4,84,TRAINING,7,10,0,3,43075126,6b7aef32,1433
290,1,1,4,14,4,85,TRAINING,3,11,0,1,43075216,6b7ae3f2,1334
290,1,1,4,14,4,86,TRAINING,0,7,0,2,43075261,6b7ae32f,1418
290,1,1,4,14,4,87,TRAINING,6,2,1,4,43076251,6b7a23ef,1641
290,1,1,4,14,4,88,TRAINING,5,14,1,3,43056271,6b7e23af,1444
290,1,1,4,14,4,89,TEST,1,15,1,0,false,4090
290,1,1,4,14,4,90,TEST,6,2,1,0,false,1125
290,1,1,4,14,4,91,TEST,7,10,0,0,true,845
290,1,1,4,14,4,92,TEST,2,3,1,1,true,850
290,1,1,4,14,4,93,TEST,4,6,0,0,true,875
290,1,1,4,14,4,94,TEST,5,14,1,0,false,3202
290,1,1,4,14,4,95,TEST,3,11,0,1,false,510
290,1,1,4,14,4,96,TEST,0,7,0,1,false,505
290,1,1,4,14,5,97,TRAINING,4,6,0,0,40531276,67ebf3a2,3718
290,1,1,4,14,5,98,TRAINING,2,3,1,2,40231576,673bfea2,1415
290,1,1,4,14,5,99,TRAINING,1,15,1,4,40231675,673bf2ae,1323
290,1,1,4,14,5,100,TRAINING,6,2,1,5,40231657,673bf2ea,1544
290,1,1,4,14,5,101,TRAINING,3,11,0,3,70231654,a73bf2e6,1779
290,1,1,4,14,5,102,TRAINING,7,10,0,0,70531624,a7ebf236,1413
290,1,1,4,14,5,103,TRAINING,1,15,1,4,72531604,a3ebf276,1343
290,1,1,4,14,5,104,TRAINING,5,14,1,2,72531640,a3ebf267,1513
290,1,1,4,14,5,105,TRAINING,2,3,1,1,72531046,a3ebf762,2048
290,1,1,4,14,5,106,TRAINING,0,7,0,5,72513046,a3efb762,1678
290,1,1,4,14,5,107,TRAINING,4,6,0,6,52713046,e3afb762,1706
290,1,1,4,14,5,108,TRAINING,6,2,1,1,56713042,e2afb763,1561
290,1,1,4,14,5,109,TRAINING,7,10,0,2,56712043,e2af376b,1444
290,1,1,4,14,5,110,TRAINING,3,11,0,6,56712034,e2af37b6,1279
290,1,1,4,14,5,111,TRAINING,5,14,1,0,52716034,e3af27b6,2788
290,1,1,4,14,5,112,TRAINING,0,7,0,5,52617034,e32fa7b6,1357
290,1,1,4,14,5,113,TEST,3,11,0,0,true,655
290,1,1,4,14,5,114,TEST,4,6,0,0,true,455
290,1,1,4,14,5,115,TEST,1,15,1,0,false,850
290,1,1,4,14,5,116,TEST,6,2,1,0,false,1100
290,1,1,4,14,5,117,TEST,2,3,1,1,true,1675
290,1,1,4,14,5,118,TEST,5,14,1,0,false,774
290,1,1,4,14,5,119,TEST,0,7,0,1,false,834
290,1,1,4,14,5,120,TEST,7,10,0,0,true,1545
290,1,1,4,14,6,121,TRAINING,4,6,0,1,34615207,b62fe37a,1615
290,1,1,4,14,6,122,TRAINING,1,15,1,0,14635207,f62be37a,2494
290,1,1,4,14,6,123,TRAINING,6,2,1,2,14630257,f62b73ea,1677
290,1,1,4,14,6,124,TRAINING,5,14,1,6,14630752,f62b7ae3,2081
290,1,1,4,14,6,125,TRAINING,3,11,0,3,14630257,f62b73ea,1928
290,1,1,4,14,6,126,TRAINING,0,7,0,4,24630157,362b7fea,1649
290,1,1,4,14,6,127,TRAINING,7,10,0,7,24630517,362b7efa,1736
290,1,1,4,14,6,128,TRAINING,6,2,1,5,24530617,36eb72fa,1629
290,1,1,4,14,6,129,TRAINING,1,15,1,6,42530617,63eb72fa,1338
290,1,1,4,14,6,130,TRAINING,4,6,0,0,42537610,63eba2f7,1333
290,1,1,4,14,6,131,TRAINING,2,3,1,5,46537210,62eba3f7,1305
290,1,1,4,14,6,132,TRAINING,0,7,0,6,46537201,62eba37f,1279
290,1,1,4,14,6,133,TRAINING,2,3,1,5,64537201,26eba37f,1340
290,1,1,4,14,6,134,TRAINING,5,14,1,4,64735201,26abe37f,1350
290,1,1,4,14,6,135,TRAINING,7,10,0,2,64735210,26abe3f7,1938
290,1,1,4,14,6,136,TRAINING,3,11,0,3,64735201,26abe37f,1278
290,1,1,4,14,6,137,TEST,5,14,1,0,false,648
290,1,1,4,14,6,138,TEST,1,15,1,1,true,395
290,1,1,4,14,6,139,TEST,4,6,0,1,false,430
290,1,1,4,14,6,140,TEST,6,2,1,0,false,709
290,1,1,4,14,6,141,TEST,7,10,0,0,true,1358
290,1,1,4,14,6,142,TEST,0,7,0,1,false,345
290,1,1,4,14,6,143,TEST,3,11,0,1,false,695
290,1,1,4,14,6,144,TEST,2,3,1,0,false,705
290,1,1,4,14,7,145,TRAINING,3,11,0,0,37246051,ba3627ef,2595
290,1,1,4,14,7,146,TRAINING,6,2,1,4,30246751,b7362aef,10347
290,1,1,4,14,7,147,TRAINING,0,7,0,1,30276451,b73a26ef,7349
290,1,1,4,14,7,148,TRAINING,1,15,1,0,10276453,f73a26eb,3358
290,1,1,4,14,7,149,TRAINING,0,7,0,1,10726453,f7a326eb,5693
290,1,1,4,14,7,150,TRAINING,4,6,0,5,10276453,f73a26eb,4500
290,1,1,4,14,7,151,TRAINING,2,3,1,6,10576423,f7ea263b,7627
290,1,1,4,14,7,152,TRAINING,1,15,1,7,30576421,b7ea263f,10412
290,1,1,4,14,7,153,TRAINING,3,11,0,0,37506421,bae7263f,4654
290,1,1,4,14,7,154,TRAINING,2,3,1,6,35706421,bea7263f,1396
290,1,1,4,14,7,155,TRAINING,5,14,1,1,35746021,bea6273f,1355
290,1,1,4,14,7,156,TRAINING,6,2,1,4,35476021,be6a273f,1425
290,1,1,4,14,7,157,TRAINING,4,6,0,2,15476023,fe6a273b,1561
290,1,1,4,14,7,158,TRAINING,7,10,0,6,15426073,fe6327ab,1521
290,1,1,4,14,7,159,TRAINING,7,10,0,6,16425073,f263e7ab,2813
290,1,1,4,14,7,160,TRAINING,5,14,1,5,16420573,f2637eab,1354
290,1,1,4,14,7,161,TEST,0,7,0,1,false,902
290,1,1,4,14,7,162,TEST,6,2,1,0,false,405
290,1,1,4,14,7,163,TEST,1,15,1,1,true,1035
290,1,1,4,14,7,164,TEST,2,3,1,0,false,330
290,1,1,4,14,7,165,TEST,3,11,0,0,true,315
290,1,1,4,14,7,166,TEST,5,14,1,0,false,381
290,1,1,4,14,7,167,TEST,4,6,0,1,false,315
290,1,1,4,14,7,168,TEST,7,10,0,0,true,350
290,1,1,4,14,8,169,TRAINING,6,2,1,6,13752460,fbae3627,2151
290,1,1,4,14,8,170,TRAINING,3,11,0,1,13742560,fba63e27,2880
290,1,1,4,14,8,171,TRAINING,2,3,1,4,13542760,fbe63a27,1731
290,1,1,4,14,8,172,TRAINING,2,3,1,4,13642750,fb263ae7,1405
290,1,1,4,14,8,173,TRAINING,7,10,0,2,13742650,fba632e7,2129
290,1,1,4,14,8,174,TRAINING,5,14,1,6,16742350,f2a63be7,1637
290,1,1,4,14,8,175,TRAINING,1,15,1,7,06742351,72a63bef,1593
290,1,1,4,14,8,176,TRAINING,4,6,0,3,26740351,32a67bef,1473
290,1,1,4,14,8,177,TRAINING,3,11,0,5,56740321,e2a67b3f,1303
290,1,1,4,14,8,178,TRAINING,1,15,1,4,56741320,e2a6fb37,1228
290,1,1,4,14,8,179,TRAINING,6,2,1,1,06741325,72a6fb3e,1321
290,1,1,4,14,8,180,TRAINING,7,10,0,2,06741235,72a6f3be,1344
290,1,1,4,14,8,181,TRAINING,4,6,0,3,06741532,72a6feb3,1288
290,1,1,4,14,8,182,TRAINING,5,14,1,5,03741562,7ba6fe23,1548
290,1,1,4,14,8,183,TRAINING,0,7,0,2,73041562,ab76fe23,1443
290,1,1,4,14,8,184,TRAINING,0,7,0,2,73061542,ab72fe63,1283
290,1,1,4,14,8,185,TEST,7,10,0,0,true,1950
290,1,1,4,14,8,186,TEST,3,11,0,1,false,685
290,1,1,4,14,8,187,TEST,0,7,0,0,true,250
290,1,1,4,14,8,188,TEST,1,15,1,0,false,320
290,1,1,4,14,8,189,TEST,2,3,1,1,true,1624
290,1,1,4,14,8,190,TEST,6,2,1,0,false,365
290,1,1,4,14,8,191,TEST,4,6,0,0,true,490
290,1,1,4,14,8,192,TEST,5,14,1,0,false,1015
290,1,1,4,14,9,193,TRAINING,0,7,0,6,17234506,fa3b6e72,6600
290,1,1,4,14,9,194,TRAINING,0,7,0,6,17234605,fa3b627e,1399
290,1,1,4,14,9,195,TRAINING,7,10,0,7,15234607,fe3b627a,16144
290,1,1,4,14,9,196,TRAINING,7,10,0,7,12534607,f3eb627a,5392
290,1,1,4,14,9,197,TRAINING,1,15,1,0,13524607,fbe3627a,1414
290,1,1,4,14,9,198,TRAINING,1,15,1,0,13624507,fb236e7a,3891
290,1,1,4,14,9,199,TRAINING,3,11,0,1,13620547,fb237e6a,1768
290,1,1,4,14,9,200,TRAINING,2,3,1,3,13624507,fb236e7a,1985
290,1,1,4,14,9,201,TRAINING,2,3,1,3,03624517,7b236efa,2408
290,1,1,4,14,9,202,TRAINING,4,6,0,6,03621547,7b23fe6a,1374
290,1,1,4,14,9,203,TRAINING,3,11,0,1,03721546,7ba3fe62,3560
290,1,1,4,14,9,204,TRAINING,6,2,1,7,23701546,3ba7fe62,1438
290,1,1,4,14,9,205,TRAINING,6,2,1,7,23705146,3ba7ef62,2054
290,1,1,4,14,9,206,TRAINING,5,14,1,4,43705126,6ba7ef32,1483
290,1,1,4,14,9,207,TRAINING,4,6,0,0,43725106,6ba3ef72,3323
290,1,1,4,14,9,208,TRAINING,5,14,1,4,47325106,6ab3ef72,2822
290,1,1,4,14,9,209,TEST,2,3,1,1,true,2934
290,1,1,4,14,9,210,TEST,4,6,0,0,true,2864
290,1,1,4,14,9,211,TEST,7,10,0,0,true,1930
290,1,1,4,14,9,212,TEST,0,7,0,1,false,1950
290,1,1,4,14,9,213,TEST,6,2,1,1,true,4460
290,1,1,4,14,9,214,TEST,5,14,1,1,true,2400
290,1,1,4,14,9,215,TEST,3,11,0,0,true,1270
290,1,1,4,14,9,216,TEST,1,15,1,1,true,1535
290,1,1,4,14,10,217,TRAINING,3,11,0,6,57204136,ea376fb2,1225
290,1,1,4,14,10,218,TRAINING,2,3,1,2,17204536,fa376eb2,2438
290,1,1,4,14,10,219,TRAINING,5,14,1,5,71204536,af376eb2,1988
290,1,1,4,14,10,220,TRAINING,0,7,0,3,17204536,fa376eb2,2480
290,1,1,4,14,10,221,TRAINING,6,2,1,7,13204576,fb376ea2,1864
290,1,1,4,14,10,222,TRAINING,7,10,0,6,14203576,f637bea2,2092
290,1,1,4,14,10,223,TRAINING,4,6,0,1,14503276,f6e7b3a2,2259
290,1,1,4,14,10,224,TRAINING,2,3,1,5,64503271,26e7b3af,1804
290,1,1,4,14,10,225,TRAINING,5,14,1,0,54603271,e627b3af,1313
290,1,1,4,14,10,226,TRAINING,6,2,1,2,54613270,e62fb3a7,3176
290,1,1,4,14,10,227,TRAINING,7,10,0,6,54610273,e62f73ab,1469
290,1,1,4,14,10,228,TRAINING,4,6,0,1,54620173,e6237fab,2206
290,1,1,4,14,10,229,TRAINING,1,15,1,4,54621073,e623f7ab,3842
290,1,1,4,14,10,230,TRAINING,3,11,0,0,34621075,b623f7ae,1519
290,1,1,4,14,10,231,TRAINING,0,7,0,5,34261075,b632f7ae,1353
290,1,1,4,14,10,232,TRAINING,1,15,1,7,34265071,b632e7af,1363
290,1,1,4,14,10,233,TEST,2,3,1,1,true,1645
290,1,1,4,14,10,234,TEST,3,11,0,0,true,1326
290,1,1,4,14,10,235,TEST,5,14,1,1,true,1780
290,1,1,4,14,10,236,TEST,4,6,0,0,true,2040
290,1,1,4,14,10,237,TEST,0,7,0,0,true,1545
290,1,1,4,14,10,238,TEST,7,10,0,0,true,2170
290,1,1,4,14,10,239,TEST,6,2,1,1,true,1640
290,1,1,4,14,10,240,TEST,1,15,1,1,true,1399
290,1,1,4,14,11,241,TRAINING,6,2,1,1,26417503,326fae7b,1114
290,1,1,4,14,11,242,TRAINING,5,14,1,7,26417305,326fab7e,10891
290,1,1,4,14,11,243,TRAINING,6,2,1,1,36417205,b26fa37e,3852
290,1,1,4,14,11,244,TRAINING,7,10,0,4,36417025,b26fa73e,1962
290,1,1,4,14,11,245,TRAINING,0,7,0,5,36147025,b2f6a73e,1884
290,1,1,4,14,11,246,TRAINING,1,15,1,2,63147025,2bf6a73e,2637
290,1,1,4,14,11,247,TRAINING,2,3,1,6,63174025,2bfa673e,2562
290,1,1,4,14,11,248,TRAINING,5,14,1,0,53174026,ebfa6732,3902
290,1,1,4,14,11,249,TRAINING,2,3,1,6,53674021,eb2a673f,3474
290,1,1,4,14,11,250,TRAINING,4,6,0,4,53074621,eb7a623f,3789
290,1,1,4,14,11,251,TRAINING,7,10,0,0,73054621,ab7e623f,2748
290,1,1,4,14,11,252,TRAINING,0,7,0,7,73154620,abfe6237,2463
290,1,1,4,14,11,253,TRAINING,3,11,0,6,72154630,a3fe62b7,6458
290,1,1,4,14,11,254,TRAINING,3,11,0,6,72156430,a3fe26b7,2059
290,1,1,4,14,11,255,TRAINING,1,15,1,2,70156432,a7fe26b3,2608
290,1,1,4,14,11,256,TRAINING,4,6,0,5,07156432,7afe26b3,4995
290,1,1,4,14,11,257,TEST,3,11,0,0,true,2095
290,1,1,4,14,11,258,TEST,0,7,0,0,true,4205
290,1,1,4,14,11,259,TEST,7,10,0,0,true,1280
290,1,1,4,14,11,260,TEST,2,3,1,1,true,2825
290,1,1,4,14,11,261,TEST,4,6,0,0,true,1385
290,1,1,4,14,11,262,TEST,5,14,1,1,true,1675
290,1,1,4,14,11,263,TEST,6,2,1,1,true,1585
290,1,1,4,14,11,264,TEST,1,15,1,1,true,1295
290,1,1,4,14,INSTRUCT,postquestionnaire,5

rulestrategy:slash in blue is b, slash in purple is a
purple no slash is b, blue no slash is a
howtoimprove:
engagement:6
difficulty:8
physicalaids:no