292,1,2,15,10,INSTRUCT,instruct1,18223
292,1,2,15,10,INSTRUCT,instructCatExample,17291
292,1,2,15,10,INSTRUCT,instructCatColor,4987
292,1,2,15,10,INSTRUCT,instructCatStripe,9814
292,1,2,15,10,INSTRUCT,instructDemoIntro,30503
292,1,2,15,10,INSTRUCT,instructDemo,21409
292,1,2,15,10,INSTRUCT,instructTest,38591
292,1,2,15,10,INSTRUCT,instructTest2,39607
292,1,2,15,10,INSTRUCT,instructDimColor,10583
292,1,2,15,10,INSTRUCT,instructDimBorder,3926
292,1,2,15,10,INSTRUCT,instructDimDots,9511
292,1,2,15,10,INSTRUCT,instructDimStripe,4934
292,1,2,15,10,INSTRUCT,instructDimAll,11150
292,1,2,15,10,INSTRUCT,instructFinal,36382
292,1,2,15,10,1,1,TRAINING,1,14,0,5,63572140,9cfd8eba,5561
292,1,2,15,10,1,2,TRAINING,3,12,0,1,63752140,9cdf8eba,3476
292,1,2,15,10,1,3,TRAINING,1,14,0,5,63452170,9cbf8eda,9232
292,1,2,15,10,1,4,TRAINING,7,13,0,7,63452107,9cbf8ead,3226
292,1,2,15,10,1,5,TRAINING,0,10,1,6,63542107,9cfb8ead,1868
292,1,2,15,10,1,6,TRAINING,6,9,0,4,23546107,8cfb9ead,3049
292,1,2,15,10,1,7,TRAINING,3,12,0,5,21546307,8efb9cad,2805
292,1,2,15,10,1,8,TRAINING,4,11,1,1,24516307,8bfe9cad,1739
292,1,2,15,10,1,9,TRAINING,6,9,0,4,24506317,8bfa9ced,4443
292,1,2,15,10,1,10,TRAINING,5,15,1,3,24056317,8baf9ced,2024
292,1,2,15,10,1,11,TRAINING,0,10,1,2,27056314,8daf9ceb,1714
292,1,2,15,10,1,12,TRAINING,7,13,0,1,17056324,edaf9c8b,2011
292,1,2,15,10,1,13,TRAINING,5,15,1,6,17026354,eda89cfb,1578
292,1,2,15,10,1,14,TRAINING,4,11,1,7,17023654,eda8c9fb,2068
292,1,2,15,10,1,15,TRAINING,2,8,1,1,12073654,e8adc9fb,1689
292,1,2,15,10,1,16,TRAINING,2,8,1,1,32071654,c8ade9fb,4309
292,1,2,15,10,1,17,TEST,5,15,1,0,false,3770
292,1,2,15,10,1,18,TEST,2,8,1,1,true,2164
292,1,2,15,10,1,19,TEST,7,13,0,0,true,1603
292,1,2,15,10,1,20,TEST,4,11,1,1,true,1499
292,1,2,15,10,1,21,TEST,6,9,0,1,false,1363
292,1,2,15,10,1,22,TEST,1,14,0,0,true,1132
292,1,2,15,10,1,23,TEST,3,12,0,0,true,730
292,1,2,15,10,1,24,TEST,0,10,1,1,true,1434
292,1,2,15,10,2,25,TRAINING,2,8,1,7,06431752,a9bcedf8,2729
292,1,2,15,10,2,26,TRAINING,6,9,0,1,06431572,a9bcefd8,1617
292,1,2,15,10,2,27,TRAINING,4,11,1,6,06731542,a9dcefb8,5743
292,1,2,15,10,2,28,TRAINING,2,8,1,7,36701542,c9daefb8,1752
292,1,2,15,10,2,29,TRAINING,1,14,0,4,76301542,d9caefb8,2350
292,1,2,15,10,2,30,TRAINING,7,13,0,0,75301642,dfcae9b8,1650
292,1,2,15,10,2,31,TRAINING,0,10,1,3,74301652,dbcae9f8,1632
292,1,2,15,10,2,32,TRAINING,5,15,1,6,74103652,dbeac9f8,2225
292,1,2,15,10,2,33,TRAINING,6,9,0,5,72103654,d8eac9fb,1835
292,1,2,15,10,2,34,TRAINING,5,15,1,6,42103657,b8eac9fd,1478
292,1,2,15,10,2,35,TRAINING,3,12,0,4,41203657,be8ac9fd,2048
292,1,2,15,10,2,36,TRAINING,3,12,0,4,41023657,bea8c9fd,2731
292,1,2,15,10,2,37,TRAINING,0,10,1,2,71023654,dea8c9fb,1520
292,1,2,15,10,2,38,TRAINING,7,13,0,1,17023654,eda8c9fb,1860
292,1,2,15,10,2,39,TRAINING,1,14,0,0,17063254,eda9c8fb,1760
292,1,2,15,10,2,40,TRAINING,4,11,1,6,17063245,eda9c8bf,1915
292,1,2,15,10,2,41,TEST,0,10,1,0,false,2317
292,1,2,15,10,2,42,TEST,7,13,0,1,false,1925
292,1,2,15,10,2,43,TEST,1,14,0,0,true,564
292,1,2,15,10,2,44,TEST,3,12,0,0,true,1179
292,1,2,15,10,2,45,TEST,5,15,1,1,true,958
292,1,2,15,10,2,46,TEST,6,9,0,1,false,867
292,1,2,15,10,2,47,TEST,4,11,1,1,true,493
292,1,2,15,10,2,48,TEST,2,8,1,0,false,488
292,1,2,15,10,3,49,TRAINING,7,13,0,0,75162304,dfe98cab,2578
292,1,2,15,10,3,50,TRAINING,5,15,1,1,75162403,dfe98bac,3440
292,1,2,15,10,3,51,TRAINING,4,11,1,5,75162430,dfe98bca,1803
292,1,2,15,10,3,52,TRAINING,2,8,1,4,75132460,dfec8b9a,1628
292,1,2,15,10,3,53,TRAINING,3,12,0,3,57132460,fdec8b9a,19723
292,1,2,15,10,3,54,TRAINING,3,12,0,3,57032461,fdac8b9e,1615
292,1,2,15,10,3,55,TRAINING,2,8,1,4,17032465,edac8b9f,1682
292,1,2,15,10,3,56,TRAINING,6,9,0,6,71032465,deac8b9f,2563
292,1,2,15,10,3,57,TRAINING,0,10,1,2,75032461,dfac8b9e,1473
292,1,2,15,10,3,58,TRAINING,6,9,0,6,75032164,dfac8e9b,16390
292,1,2,15,10,3,59,TRAINING,1,14,0,5,25037164,8facde9b,2092
292,1,2,15,10,3,60,TRAINING,5,15,1,1,25730164,8fdcae9b,1563
292,1,2,15,10,3,61,TRAINING,7,13,0,6,25630174,8f9caedb,3434
292,1,2,15,10,3,62,TRAINING,1,14,0,5,45630172,bf9caed8,1885
292,1,2,15,10,3,63,TRAINING,0,10,1,4,45360172,bfc9aed8,1573
292,1,2,15,10,3,64,TRAINING,4,11,1,0,45630172,bf9caed8,2383
292,1,2,15,10,3,65,TEST,4,11,1,1,true,1706
292,1,2,15,10,3,66,TEST,6,9,0,0,true,3846
292,1,2,15,10,3,67,TEST,1,14,0,0,true,4297
292,1,2,15,10,3,68,TEST,7,13,0,0,true,3816
292,1,2,15,10,3,69,TEST,2,8,1,1,true,3843
292,1,2,15,10,3,70,TEST,5,15,1,1,true,6108
292,1,2,15,10,3,71,TEST,3,12,0,0,true,3526
292,1,2,15,10,3,72,TEST,0,10,1,1,true,3173
292,1,2,15,10,4,73,TRAINING,3,12,0,7,62045713,98abfdec,2678
292,1,2,15,10,4,74,TRAINING,0,10,1,2,62041753,98abedfc,3845
292,1,2,15,10,4,75,TRAINING,4,11,1,3,12046753,e8ab9dfc,1692
292,1,2,15,10,4,76,TRAINING,1,14,0,5,72046153,d8ab9efc,2382
292,1,2,15,10,4,77,TRAINING,5,15,1,2,72546103,d8fb9eac,1962
292,1,2,15,10,4,78,TRAINING,6,9,0,3,72564103,d8f9beac,1531
292,1,2,15,10,4,79,TRAINING,2,8,1,1,72560143,d8f9aebc,3045
292,1,2,15,10,4,80,TRAINING,5,15,1,4,72065143,d8a9febc,3263
292,1,2,15,10,4,81,TRAINING,7,13,0,2,02765143,a8d9febc,1829
292,1,2,15,10,4,82,TRAINING,7,13,0,2,02745163,a8dbfe9c,1422
292,1,2,15,10,4,83,TRAINING,3,12,0,7,42705163,b8dafe9c,1533
292,1,2,15,10,4,84,TRAINING,1,14,0,5,42750163,b8dfae9c,1392
292,1,2,15,10,4,85,TRAINING,6,9,0,3,42760153,b8d9aefc,1930
292,1,2,15,10,4,86,TRAINING,0,10,1,4,47260153,bd89aefc,2084
292,1,2,15,10,4,87,TRAINING,4,11,1,6,57260143,fd89aebc,1986
292,1,2,15,10,4,88,TRAINING,2,8,1,5,57160243,fde9a8bc,1724
292,1,2,15,10,4,89,TEST,4,11,1,1,true,1211
292,1,2,15,10,4,90,TEST,6,9,0,0,true,1757
292,1,2,15,10,4,91,TEST,5,15,1,1,true,4063
292,1,2,15,10,4,92,TEST,2,8,1,1,true,952
292,1,2,15,10,4,93,TEST,7,13,0,0,true,2050
292,1,2,15,10,4,94,TEST,0,10,1,1,true,535
292,1,2,15,10,4,95,TEST,3,12,0,0,true,552
292,1,2,15,10,4,96,TEST,1,14,0,0,true,471
292,1,2,15,10,INSTRUCT,postquestionnaire,2

rulestrategy:I couldn't figure out the rule for their categorization so I did my best to remember. Every time I thought I had figured out the rule something changed and made it clear I was wrong. 
howtoimprove:Not really, though as far as I can tell they were randomly sorted. 
engagement:10
difficulty:7
physicalaids:no