293,0,5,13,0,INSTRUCT,instruct1,12898
293,0,5,13,0,INSTRUCT,instructCatExample,12772
293,0,5,13,0,INSTRUCT,instructCatColor,6075
293,0,5,13,0,INSTRUCT,instructCatStripe,12957
293,0,5,13,0,INSTRUCT,instructDemoIntro,18507
293,0,5,13,0,INSTRUCT,instructDemo,81680
293,0,5,13,0,INSTRUCT,instructTest,18141
293,0,5,13,0,INSTRUCT,instructTest2,23682
293,0,5,13,0,INSTRUCT,instructDimColor,11264
293,0,5,13,0,INSTRUCT,instructDimBorder,3805
293,0,5,13,0,INSTRUCT,instructDimDots,3750
293,0,5,13,0,INSTRUCT,instructDimStripe,3935
293,0,5,13,0,INSTRUCT,instructDimAll,4661
293,0,5,13,0,INSTRUCT,instructFinal,21742
293,0,5,13,0,1,1,TRAINING,5,5,1,0,50437612,501cd948,2089
293,0,5,13,0,1,2,TRAINING,5,5,1,0,50436712,501c9d48,12650
293,0,5,13,0,1,3,TRAINING,0,0,1,7,52436710,581c9d40,2578
293,0,5,13,0,1,4,TRAINING,1,4,0,6,52476310,581d9c40,1148
293,0,5,13,0,1,5,TRAINING,2,8,0,1,72456310,d8159c40,1873
293,0,5,13,0,1,6,TRAINING,4,1,0,2,72465310,d8195c40,2019
293,0,5,13,0,1,7,TRAINING,5,5,1,0,52467310,5819dc40,3593
293,0,5,13,0,1,8,TRAINING,0,0,1,6,52467301,5819dc04,2193
293,0,5,13,0,1,9,TRAINING,3,12,1,5,51467302,5419dc08,2602
293,0,5,13,0,1,10,TRAINING,5,5,1,0,57461302,5d194c08,15850
293,0,5,13,0,1,11,TRAINING,0,0,1,4,57460312,5d190c48,1211
293,0,5,13,0,1,12,TRAINING,7,13,0,1,57460213,5d19084c,7786
293,0,5,13,0,1,13,TRAINING,2,8,0,5,67450213,9d15084c,1403
293,0,5,13,0,1,14,TRAINING,4,1,0,2,07456213,0d15984c,3026
293,0,5,13,0,1,15,TRAINING,1,4,0,6,67450213,9d15084c,1811
293,0,5,13,0,1,16,TRAINING,5,5,1,3,67450312,9d150c48,2129
293,0,5,13,0,1,17,TEST,0,0,1,1,true,4749
293,0,5,13,0,1,18,TEST,6,9,1,1,true,6128
293,0,5,13,0,1,19,TEST,2,8,0,1,false,2786
293,0,5,13,0,1,20,TEST,4,1,0,0,true,2498
293,0,5,13,0,1,21,TEST,5,5,1,0,false,2072
293,0,5,13,0,1,22,TEST,7,13,0,0,true,2299
293,0,5,13,0,1,23,TEST,3,12,1,1,true,858
293,0,5,13,0,1,24,TEST,1,4,0,1,false,1123
293,0,5,13,0,2,25,TRAINING,5,5,1,0,50643271,5091c8d4,2849
293,0,5,13,0,2,26,TRAINING,0,0,1,1,50642371,50918cd4,2953
293,0,5,13,0,2,27,TRAINING,1,4,0,5,50642173,509184dc,3451
293,0,5,13,0,2,28,TRAINING,4,1,0,0,40652173,109584dc,5195
293,0,5,13,0,2,29,TRAINING,2,8,0,1,42650173,189504dc,5745
293,0,5,13,0,2,30,TRAINING,6,9,1,2,42650137,189504cd,2202
293,0,5,13,0,2,31,TRAINING,7,13,0,5,42650731,18950dc4,8850
293,0,5,13,0,2,32,TRAINING,3,12,1,6,42651730,18954dc0,2794
293,0,5,13,0,2,33,TRAINING,0,0,1,7,45621730,15984dc0,5226
293,0,5,13,0,2,34,TRAINING,4,1,0,0,45261730,15894dc0,3382
293,0,5,13,0,2,35,TRAINING,1,4,0,6,45263710,1589cd40,2722
293,0,5,13,0,2,36,TRAINING,5,5,1,1,45273610,158dc940,1090
293,0,5,13,0,2,37,TRAINING,2,8,0,4,45372610,15cd8940,4042
293,0,5,13,0,2,38,TRAINING,3,12,1,3,45732610,15dc8940,1252
293,0,5,13,0,2,39,TRAINING,6,9,1,7,45732016,15dc8049,3259
293,0,5,13,0,2,40,TRAINING,7,13,0,2,45731026,15dc4089,1065
293,0,5,13,0,2,41,TEST,0,0,1,0,false,2087
293,0,5,13,0,2,42,TEST,1,4,0,1,false,8205
293,0,5,13,0,2,43,TEST,7,13,0,0,true,4179
293,0,5,13,0,2,44,TEST,4,1,0,1,false,5280
293,0,5,13,0,2,45,TEST,3,12,1,0,false,5457
293,0,5,13,0,2,46,TEST,2,8,0,0,true,2596
293,0,5,13,0,2,47,TEST,6,9,1,1,true,1401
293,0,5,13,0,2,48,TEST,5,5,1,0,false,1603
293,0,5,13,0,3,49,TRAINING,0,0,1,0,03175426,0c4d5189,6611
293,0,5,13,0,3,50,TRAINING,4,1,0,3,03145726,0c415d89,1242
293,0,5,13,0,3,51,TRAINING,2,8,0,5,03145276,0c4158d9,5433
293,0,5,13,0,3,52,TRAINING,6,9,1,7,03541276,0c5148d9,1066
293,0,5,13,0,3,53,TRAINING,3,12,1,1,43501276,1c5048d9,11338
293,0,5,13,0,3,54,TRAINING,7,13,0,6,43510276,1c5408d9,1235
293,0,5,13,0,3,55,TRAINING,1,4,0,3,43610275,1c9408d5,9895
293,0,5,13,0,3,56,TRAINING,5,5,1,7,46310275,19c408d5,1699
293,0,5,13,0,3,57,TRAINING,0,0,1,4,46310725,19c40d85,2915
293,0,5,13,0,3,58,TRAINING,4,1,0,0,46710325,19d40c85,1426
293,0,5,13,0,3,59,TRAINING,1,4,0,1,41760325,14d90c85,2515
293,0,5,13,0,3,60,TRAINING,5,5,1,7,41730625,14dc0985,1066
293,0,5,13,0,3,61,TRAINING,2,8,0,6,61730425,94dc0185,4209
293,0,5,13,0,3,62,TRAINING,6,9,1,0,61430725,941c0d85,961
293,0,5,13,0,3,63,TRAINING,3,12,1,2,61340725,94c10d85,986
293,0,5,13,0,3,64,TRAINING,7,13,0,5,64310725,91c40d85,1099
293,0,5,13,0,3,65,TEST,3,12,1,1,true,7280
293,0,5,13,0,3,66,TEST,0,0,1,1,true,17319
293,0,5,13,0,3,67,TEST,4,1,0,0,true,1514
293,0,5,13,0,3,68,TEST,7,13,0,1,false,14268
293,0,5,13,0,3,69,TEST,2,8,0,0,true,4785
293,0,5,13,0,3,70,TEST,1,4,0,1,false,2651
293,0,5,13,0,3,71,TEST,6,9,1,1,true,2931
293,0,5,13,0,3,72,TEST,5,5,1,0,false,5178
293,0,5,13,0,4,73,TRAINING,2,8,0,3,46520713,19580d4c,13173
293,0,5,13,0,4,74,TRAINING,0,0,1,4,46520317,19580c4d,1943
293,0,5,13,0,4,75,TRAINING,6,9,1,5,43520617,1c58094d,6154
293,0,5,13,0,4,76,TRAINING,4,1,0,0,43250617,1c85094d,3378
293,0,5,13,0,4,77,TRAINING,3,12,1,1,43520617,1c58094d,13787
293,0,5,13,0,4,78,TRAINING,7,13,0,7,43025617,1c08594d,2402
293,0,5,13,0,4,79,TRAINING,1,4,0,6,63025417,9c08514d,6578
293,0,5,13,0,4,80,TRAINING,5,5,1,4,23065417,8c09514d,1859
293,0,5,13,0,4,81,TRAINING,2,8,0,0,23465017,8c19504d,7605
293,0,5,13,0,4,82,TRAINING,6,9,1,5,23405617,8c10594d,7863
293,0,5,13,0,4,83,TRAINING,3,12,1,1,23105647,8c40591d,1139
293,0,5,13,0,4,84,TRAINING,7,13,0,7,53102647,5c40891d,1250
293,0,5,13,0,4,85,TRAINING,0,0,1,0,03152647,0c45891d,2755
293,0,5,13,0,4,86,TRAINING,4,1,0,6,01352647,04c5891d,1769
293,0,5,13,0,4,87,TRAINING,1,4,0,2,03152647,0c45891d,1301
293,0,5,13,0,4,88,TRAINING,5,5,1,0,53102647,5c40891d,1217
293,0,5,13,0,4,89,TEST,3,12,1,1,true,7378
293,0,5,13,0,4,90,TEST,7,13,0,0,true,3457
293,0,5,13,0,4,91,TEST,4,1,0,0,true,3570
293,0,5,13,0,4,92,TEST,0,0,1,1,true,2602
293,0,5,13,0,4,93,TEST,5,5,1,1,true,4154
293,0,5,13,0,4,94,TEST,6,9,1,1,true,3370
293,0,5,13,0,4,95,TEST,2,8,0,0,true,3223
293,0,5,13,0,4,96,TEST,1,4,0,0,true,5195
293,0,5,13,0,5,97,TRAINING,2,8,0,4,37452016,cd158049,3456
293,0,5,13,0,5,98,TRAINING,6,9,1,7,37402516,cd108549,1298
293,0,5,13,0,5,99,TRAINING,3,12,1,6,17402536,4d1085c9,2612
293,0,5,13,0,5,100,TRAINING,7,13,0,1,17405236,4d1058c9,1057
293,0,5,13,0,5,101,TRAINING,0,0,1,5,17425036,4d1850c9,1938
293,0,5,13,0,5,102,TRAINING,4,1,0,2,37425016,cd185049,4435
293,0,5,13,0,5,103,TRAINING,1,4,0,1,31425076,c41850d9,1440
293,0,5,13,0,5,104,TRAINING,5,5,1,4,31465072,c41950d8,1223
293,0,5,13,0,5,105,TRAINING,2,8,0,7,31065472,c40951d8,1114
293,0,5,13,0,5,106,TRAINING,6,9,1,3,71065432,d40951c8,937
293,0,5,13,0,5,107,TRAINING,3,12,1,6,74065132,d10954c8,2582
293,0,5,13,0,5,108,TRAINING,7,13,0,0,74165032,d14950c8,3716
293,0,5,13,0,5,109,TRAINING,0,0,1,3,74105632,d14059c8,3056
293,0,5,13,0,5,110,TRAINING,4,1,0,1,74501632,d15049c8,1231
293,0,5,13,0,5,111,TRAINING,1,4,0,4,24501637,815049cd,1281
293,0,5,13,0,5,112,TRAINING,5,5,1,2,24501736,81504dc9,1186
293,0,5,13,0,5,113,TEST,6,9,1,1,true,3263
293,0,5,13,0,5,114,TEST,1,4,0,0,true,3301
293,0,5,13,0,5,115,TEST,4,1,0,0,true,3545
293,0,5,13,0,5,116,TEST,2,8,0,0,true,2372
293,0,5,13,0,5,117,TEST,5,5,1,1,true,3802
293,0,5,13,0,5,118,TEST,0,0,1,1,true,1963
293,0,5,13,0,5,119,TEST,3,12,1,1,true,3633
293,0,5,13,0,5,120,TEST,7,13,0,0,true,3697
293,0,5,13,0,INSTRUCT,postquestionnaire,7

rulestrategy:First I went by how clear the border was and how blank the face was and determined that blues were opposite of purples after that I went by border and finally line slash.
howtoimprove:
engagement:8
difficulty:7
physicalaids:no