295,0,1,16,11,INSTRUCT,instruct1,83706
295,0,1,16,11,INSTRUCT,instructCatExample,13619
295,0,1,16,11,INSTRUCT,instructCatColor,4522
295,0,1,16,11,INSTRUCT,instructCatStripe,7920
295,0,1,16,11,INSTRUCT,instructDemoIntro,12943
295,0,1,16,11,INSTRUCT,instructDemo,114358
295,0,1,16,11,INSTRUCT,instructTest,20531
295,0,1,16,11,INSTRUCT,instructTest2,14145
295,0,1,16,11,INSTRUCT,instructDimColor,10161
295,0,1,16,11,INSTRUCT,instructDimBorder,32880
295,0,1,16,11,INSTRUCT,instructDimDots,15344
295,0,1,16,11,INSTRUCT,instructDimStripe,47507
295,0,1,16,11,INSTRUCT,instructDimAll,24989
295,0,1,16,11,INSTRUCT,instructFinal,17514
295,0,1,16,11,1,1,TRAINING,2,9,1,7,47063512,f3db1759,8783
295,0,1,16,11,1,2,TRAINING,3,1,0,4,57063412,73db1f59,14039
295,0,1,16,11,1,3,TRAINING,0,13,0,5,57463012,73fb1d59,11473
295,0,1,16,11,1,4,TRAINING,1,5,1,6,57423016,73f91d5b,14284
295,0,1,16,11,1,5,TRAINING,5,7,1,0,54723016,7f391d5b,15242
295,0,1,16,11,1,6,TRAINING,4,15,0,1,54726013,7f39bd51,9567
295,0,1,16,11,1,7,TRAINING,4,15,0,1,54276013,7f93bd51,2506
295,0,1,16,11,1,8,TRAINING,6,11,1,4,54176023,7f53bd91,21894
295,0,1,16,11,1,9,TRAINING,7,3,0,2,54716023,7f35bd91,9926
295,0,1,16,11,1,10,TRAINING,5,7,1,0,53716024,7135bd9f,28655
295,0,1,16,11,1,11,TRAINING,4,15,0,5,53716420,7135bf9d,6712
295,0,1,16,11,1,12,TRAINING,1,5,1,3,50716423,7d35bf91,5308
295,0,1,16,11,1,13,TRAINING,0,13,0,1,30716425,1d35bf97,5289
295,0,1,16,11,1,14,TRAINING,3,1,0,2,70316425,3d15bf97,6613
295,0,1,16,11,1,15,TRAINING,2,9,1,6,60317425,bd153f97,2608
295,0,1,16,11,1,16,TRAINING,3,1,0,2,40317625,fd153b97,9197
295,0,1,16,11,1,17,TEST,5,7,1,1,true,11595
295,0,1,16,11,1,18,TEST,4,15,0,0,true,5152
295,0,1,16,11,1,19,TEST,6,11,1,1,true,6752
295,0,1,16,11,1,20,TEST,3,1,0,0,true,3936
295,0,1,16,11,1,21,TEST,1,5,1,1,true,9181
295,0,1,16,11,1,22,TEST,7,3,0,0,true,3911
295,0,1,16,11,1,23,TEST,0,13,0,0,true,5076
295,0,1,16,11,1,24,TEST,2,9,1,1,true,3979
295,0,1,16,11,2,25,TRAINING,3,1,0,0,32165740,195b73fd,10142
295,0,1,16,11,2,26,TRAINING,2,9,1,7,30165742,1d5b73f9,17018
295,0,1,16,11,2,27,TRAINING,6,11,1,3,30167542,1d5b37f9,13043
295,0,1,16,11,2,28,TRAINING,7,3,0,4,40167532,fd5b3719,14917
295,0,1,16,11,2,29,TRAINING,4,15,0,0,40367512,fd1b3759,14977
295,0,1,16,11,2,30,TRAINING,4,15,0,0,40637512,fdb13759,12034
295,0,1,16,11,2,31,TRAINING,5,7,1,5,40637521,fdb13795,5487
295,0,1,16,11,2,32,TRAINING,0,13,0,4,47630521,f3b1d795,22302
295,0,1,16,11,2,33,TRAINING,1,5,1,3,47610523,f3b5d791,17728
295,0,1,16,11,2,34,TRAINING,0,13,0,4,47610325,f3b5d197,1789
295,0,1,16,11,2,35,TRAINING,0,13,0,4,67410325,b3f5d197,34287
295,0,1,16,11,2,36,TRAINING,1,5,1,3,67410235,b3f5d917,2222
295,0,1,16,11,2,37,TRAINING,6,11,1,0,67410253,b3f5d971,1293
295,0,1,16,11,2,38,TRAINING,7,3,0,7,63410257,b1f5d973,1931
295,0,1,16,11,2,39,TRAINING,0,13,0,4,65410237,b7f5d913,6712
295,0,1,16,11,2,40,TRAINING,1,5,1,3,62410537,b9f5d713,3126
295,0,1,16,11,2,41,TEST,2,9,1,1,true,5537
295,0,1,16,11,2,42,TEST,3,1,0,0,true,1613
295,0,1,16,11,2,43,TEST,1,5,1,1,true,9332
295,0,1,16,11,2,44,TEST,4,15,0,0,true,5131
295,0,1,16,11,2,45,TEST,7,3,0,1,false,3866
295,0,1,16,11,2,46,TEST,5,7,1,1,true,4771
295,0,1,16,11,2,47,TEST,6,11,1,1,true,3430
295,0,1,16,11,2,48,TEST,0,13,0,0,true,3999
295,0,1,16,11,3,49,TRAINING,0,13,0,0,01465237,d5fb7913,22090
295,0,1,16,11,3,50,TRAINING,1,5,1,5,02465137,d9fb7513,2678
295,0,1,16,11,3,51,TRAINING,3,1,0,6,07465132,d3fb7519,2105
295,0,1,16,11,3,52,TRAINING,2,9,1,1,02465137,d9fb7513,1740
295,0,1,16,11,3,53,TRAINING,5,7,1,4,02765134,d93b751f,1225
295,0,1,16,11,3,54,TRAINING,4,15,0,7,02735164,d93175bf,1256
295,0,1,16,11,3,55,TRAINING,6,11,1,6,32705164,193d75bf,7603
295,0,1,16,11,3,56,TRAINING,7,3,0,2,23705164,913d75bf,1135
295,0,1,16,11,3,57,TRAINING,3,1,0,1,23701564,913d57bf,1413
295,0,1,16,11,3,58,TRAINING,2,9,1,0,23751064,91375dbf,1088
295,0,1,16,11,3,59,TRAINING,0,13,0,5,23754061,9137fdb5,1092
295,0,1,16,11,3,60,TRAINING,1,5,1,7,27354061,9317fdb5,1038
295,0,1,16,11,3,61,TRAINING,0,13,0,5,26354071,9b17fd35,3502
295,0,1,16,11,3,62,TRAINING,1,5,1,7,23654071,91b7fd35,3985
295,0,1,16,11,3,63,TRAINING,7,3,0,3,23674051,91b3fd75,6112
295,0,1,16,11,3,64,TRAINING,6,11,1,2,23675041,91b37df5,1117
295,0,1,16,11,3,65,TEST,7,3,0,0,true,6792
295,0,1,16,11,3,66,TEST,6,11,1,1,true,4386
295,0,1,16,11,3,67,TEST,0,13,0,0,true,6332
295,0,1,16,11,3,68,TEST,3,1,0,0,true,7133
295,0,1,16,11,3,69,TEST,2,9,1,1,true,4055
295,0,1,16,11,3,70,TEST,4,15,0,0,true,8378
295,0,1,16,11,3,71,TEST,1,5,1,1,true,4819
295,0,1,16,11,3,72,TEST,5,7,1,1,true,6127
295,0,1,16,11,4,73,TRAINING,7,3,0,0,76054213,3bd7f951,4444
295,0,1,16,11,4,74,TRAINING,6,11,1,1,76045213,3bdf7951,1330
295,0,1,16,11,4,75,TRAINING,5,7,1,4,76015243,3bd579f1,3922
295,0,1,16,11,4,76,TRAINING,4,15,0,6,36015247,1bd579f3,3808
295,0,1,16,11,4,77,TRAINING,1,5,1,3,06315247,db1579f3,5933
295,0,1,16,11,4,78,TRAINING,0,13,0,5,26315047,9b157df3,1629
295,0,1,16,11,4,79,TRAINING,3,1,0,2,26315074,9b157d3f,1385
295,0,1,16,11,4,80,TRAINING,2,9,1,0,26314075,9b15fd37,994
295,0,1,16,11,4,81,TRAINING,7,3,0,6,24316075,9f15bd37,4463
295,0,1,16,11,4,82,TRAINING,6,11,1,4,24016375,9fd5b137,1657
295,0,1,16,11,4,83,TRAINING,4,15,0,1,24036175,9fd1b537,1255
295,0,1,16,11,4,84,TRAINING,5,7,1,7,24306175,9f1db537,2964
295,0,1,16,11,4,85,TRAINING,6,11,1,4,24706135,9f3db517,9483
295,0,1,16,11,4,86,TRAINING,7,3,0,2,42706135,f93db517,1076
295,0,1,16,11,4,87,TRAINING,1,5,1,5,42736105,f931b5d7,7426
295,0,1,16,11,4,88,TRAINING,0,13,0,6,42763105,f93b15d7,1090
295,0,1,16,11,4,89,TEST,6,11,1,1,true,4359
295,0,1,16,11,4,90,TEST,5,7,1,1,true,4168
295,0,1,16,11,4,91,TEST,0,13,0,0,true,6731
295,0,1,16,11,4,92,TEST,1,5,1,1,true,3759
295,0,1,16,11,4,93,TEST,3,1,0,0,true,4802
295,0,1,16,11,4,94,TEST,4,15,0,0,true,5407
295,0,1,16,11,4,95,TEST,2,9,1,1,true,3223
295,0,1,16,11,4,96,TEST,7,3,0,0,true,5391
295,0,1,16,11,INSTRUCT,postquestionnaire,6

rulestrategy:I memorized 
howtoimprove:
engagement:6
difficulty:5
physicalaids:no