296,1,1,23,10,INSTRUCT,instruct1,15965
296,1,1,23,10,INSTRUCT,instructCatExample,13624
296,1,1,23,10,INSTRUCT,instructCatColor,5928
296,1,1,23,10,INSTRUCT,instructCatStripe,6169
296,1,1,23,10,INSTRUCT,instructDemoIntro,37866
296,1,1,23,10,INSTRUCT,instructDemo,73799
296,1,1,23,10,INSTRUCT,instructTest,19858
296,1,1,23,10,INSTRUCT,instructTest2,30890
296,1,1,23,10,INSTRUCT,instructDimColor,12721
296,1,1,23,10,INSTRUCT,instructDimBorder,2286
296,1,1,23,10,INSTRUCT,instructDimDots,3046
296,1,1,23,10,INSTRUCT,instructDimStripe,5821
296,1,1,23,10,INSTRUCT,instructDimAll,14877
296,1,1,23,10,INSTRUCT,instructFinal,20230
296,1,1,23,10,1,1,TRAINING,6,12,1,2,23657140,89cfdbea,2805
296,1,1,23,10,1,2,TRAINING,5,15,1,3,32657140,98cfdbea,2047
296,1,1,23,10,1,3,TRAINING,7,13,0,4,30657142,9acfdbe8,1832
296,1,1,23,10,1,4,TRAINING,1,11,1,7,30657241,9acfd8eb,3183
296,1,1,23,10,1,5,TRAINING,4,14,0,6,20657341,8acfd9eb,2082
296,1,1,23,10,1,6,TRAINING,6,12,1,3,20567341,8afcd9eb,1708
296,1,1,23,10,1,7,TRAINING,2,8,1,4,70562341,dafc89eb,1585
296,1,1,23,10,1,8,TRAINING,3,9,0,1,73562041,d9fc8aeb,2259
296,1,1,23,10,1,9,TRAINING,1,11,1,7,73562401,d9fc8eab,1483
296,1,1,23,10,1,10,TRAINING,4,14,0,5,23567401,89fcdeab,1550
296,1,1,23,10,1,11,TRAINING,7,13,0,4,26537401,8cf9deab,1583
296,1,1,23,10,1,12,TRAINING,2,8,1,0,23567401,89fcdeab,1972
296,1,1,23,10,1,13,TRAINING,0,10,0,6,23567104,89fcdbae,1511
296,1,1,23,10,1,14,TRAINING,5,15,1,7,23467105,89ecdbaf,2234
296,1,1,23,10,1,15,TRAINING,0,10,0,6,26437105,8ce9dbaf,2323
296,1,1,23,10,1,16,TRAINING,3,9,0,3,26734105,8cd9ebaf,1560
296,1,1,23,10,1,17,TEST,5,15,1,1,true,2872
296,1,1,23,10,1,18,TEST,4,14,0,0,true,4276
296,1,1,23,10,1,19,TEST,0,10,0,1,false,1810
296,1,1,23,10,1,20,TEST,7,13,0,0,true,1285
296,1,1,23,10,1,21,TEST,2,8,1,0,false,997
296,1,1,23,10,1,22,TEST,3,9,0,1,false,2525
296,1,1,23,10,1,23,TEST,1,11,1,0,false,559
296,1,1,23,10,1,24,TEST,6,12,1,0,false,2698
296,1,1,23,10,2,25,TRAINING,1,11,1,7,07253461,ad8f9ecb,2156
296,1,1,23,10,2,26,TRAINING,0,10,0,0,06253471,ac8f9edb,2846
296,1,1,23,10,2,27,TRAINING,4,14,0,5,06273451,ac8d9efb,3634
296,1,1,23,10,2,28,TRAINING,6,12,1,6,05273461,af8d9ecb,1497
296,1,1,23,10,2,29,TRAINING,3,9,0,7,05271463,af8dbec9,2646
296,1,1,23,10,2,30,TRAINING,6,12,1,6,25071463,8fadbec9,1659
296,1,1,23,10,2,31,TRAINING,7,13,0,3,20571463,8afdbec9,2021
296,1,1,23,10,2,32,TRAINING,1,11,1,1,21570463,8bfdaec9,2470
296,1,1,23,10,2,33,TRAINING,5,15,1,2,21573460,8bfd9eca,2586
296,1,1,23,10,2,34,TRAINING,3,9,0,4,01573462,abfd9ec8,1809
296,1,1,23,10,2,35,TRAINING,5,15,1,2,02573461,a8fd9ecb,1587
296,1,1,23,10,2,36,TRAINING,4,14,0,5,02513467,a8fb9ecd,1573
296,1,1,23,10,2,37,TRAINING,0,10,0,0,02573461,a8fd9ecb,1834
296,1,1,23,10,2,38,TRAINING,7,13,0,3,05273461,af8d9ecb,1696
296,1,1,23,10,2,39,TRAINING,2,8,1,2,06273451,ac8d9efb,1574
296,1,1,23,10,2,40,TRAINING,2,8,1,2,60273451,ca8d9efb,1399
296,1,1,23,10,2,41,TEST,4,14,0,0,true,1910
296,1,1,23,10,2,42,TEST,3,9,0,0,true,2875
296,1,1,23,10,2,43,TEST,7,13,0,1,false,3387
296,1,1,23,10,2,44,TEST,0,10,0,0,true,1586
296,1,1,23,10,2,45,TEST,2,8,1,0,false,860
296,1,1,23,10,2,46,TEST,6,12,1,0,false,1809
296,1,1,23,10,2,47,TEST,1,11,1,1,true,565
296,1,1,23,10,2,48,TEST,5,15,1,1,true,1988
296,1,1,23,10,3,49,TRAINING,4,14,0,1,24513706,8efb9dac,5935
296,1,1,23,10,3,50,TRAINING,7,13,0,7,24513607,8efb9cad,8523
296,1,1,23,10,3,51,TRAINING,0,10,0,6,24531607,8ef9bcad,2144
296,1,1,23,10,3,52,TRAINING,5,15,1,2,64531207,cef9b8ad,2705
296,1,1,23,10,3,53,TRAINING,6,12,1,0,64521307,cef8b9ad,3410
296,1,1,23,10,3,54,TRAINING,3,9,0,5,64527301,cef8d9ab,1534
296,1,1,23,10,3,55,TRAINING,0,10,0,3,64507321,cefad98b,2036
296,1,1,23,10,3,56,TRAINING,2,8,1,6,64705321,cedaf98b,2509
296,1,1,23,10,3,57,TRAINING,2,8,1,6,64507321,cefad98b,5024
296,1,1,23,10,3,58,TRAINING,7,13,0,4,64517320,cefbd98a,1943
296,1,1,23,10,3,59,TRAINING,4,14,0,1,34517620,9efbdc8a,2977
296,1,1,23,10,3,60,TRAINING,6,12,1,0,64517320,cefbd98a,3360
296,1,1,23,10,3,61,TRAINING,1,11,1,3,64517230,cefbd89a,1846
296,1,1,23,10,3,62,TRAINING,1,11,1,3,60517234,cafbd89e,1395
296,1,1,23,10,3,63,TRAINING,5,15,1,4,60715234,cadbf89e,1515
296,1,1,23,10,3,64,TRAINING,3,9,0,6,60215734,ca8bfd9e,1497
296,1,1,23,10,3,65,TEST,7,13,0,1,false,8163
296,1,1,23,10,3,66,TEST,1,11,1,1,true,3285
296,1,1,23,10,3,67,TEST,0,10,0,0,true,5136
296,1,1,23,10,3,68,TEST,4,14,0,1,false,2063
296,1,1,23,10,3,69,TEST,2,8,1,1,true,1400
296,1,1,23,10,3,70,TEST,3,9,0,0,true,786
296,1,1,23,10,3,71,TEST,6,12,1,0,false,1684
296,1,1,23,10,3,72,TEST,5,15,1,1,true,2501
296,1,1,23,10,4,73,TRAINING,1,11,1,1,21563047,8bfc9aed,5251
296,1,1,23,10,4,74,TRAINING,4,14,0,6,21567043,8bfcdae9,11220
296,1,1,23,10,4,75,TRAINING,3,9,0,3,21537046,8bf9daec,8729
296,1,1,23,10,4,76,TRAINING,6,12,1,7,21530746,8bf9adec,11820
296,1,1,23,10,4,77,TRAINING,5,15,1,2,41530726,ebf9ad8c,9471
296,1,1,23,10,4,78,TRAINING,7,13,0,5,14530726,bef9ad8c,11623
296,1,1,23,10,4,79,TRAINING,6,12,1,7,10534726,baf9ed8c,9397
296,1,1,23,10,4,80,TRAINING,2,8,1,6,10543726,bafe9d8c,4359
296,1,1,23,10,4,81,TRAINING,1,11,1,1,01543726,abfe9d8c,7206
296,1,1,23,10,4,82,TRAINING,2,8,1,6,01643725,abce9d8f,11672
296,1,1,23,10,4,83,TRAINING,3,9,0,0,31640725,9bcead8f,1358
296,1,1,23,10,4,84,TRAINING,0,10,0,4,36140725,9cbead8f,1689
296,1,1,23,10,4,85,TRAINING,7,13,0,5,36240715,9c8eadbf,1848
296,1,1,23,10,4,86,TRAINING,5,15,1,7,34260715,9e8cadbf,1559
296,1,1,23,10,4,87,TRAINING,4,14,0,1,34160725,9ebcad8f,1618
296,1,1,23,10,4,88,TRAINING,0,10,0,0,04163725,aebc9d8f,2147
296,1,1,23,10,4,89,TEST,1,11,1,0,false,10409
296,1,1,23,10,4,90,TEST,0,10,0,1,false,1141
296,1,1,23,10,4,91,TEST,2,8,1,1,true,885
296,1,1,23,10,4,92,TEST,3,9,0,0,true,523
296,1,1,23,10,4,93,TEST,5,15,1,0,false,5612
296,1,1,23,10,4,94,TEST,4,14,0,1,false,528
296,1,1,23,10,4,95,TEST,6,12,1,1,true,8304
296,1,1,23,10,4,96,TEST,7,13,0,0,true,473
296,1,1,23,10,5,97,TRAINING,3,9,0,3,12630754,b8c9adfe,13233
296,1,1,23,10,5,98,TRAINING,1,11,1,7,42630751,e8c9adfb,8649
296,1,1,23,10,5,99,TRAINING,6,12,1,4,42036751,e8a9cdfb,9561
296,1,1,23,10,5,100,TRAINING,1,11,1,7,42736051,e8d9cafb,9984
296,1,1,23,10,5,101,TRAINING,7,13,0,5,42036751,e8a9cdfb,10471
296,1,1,23,10,5,102,TRAINING,4,14,0,0,42536701,e8f9cdab,5521
296,1,1,23,10,5,103,TRAINING,7,13,0,5,42036751,e8a9cdfb,6457
296,1,1,23,10,5,104,TRAINING,4,14,0,0,42630751,e8c9adfb,2040
296,1,1,23,10,5,105,TRAINING,6,12,1,2,42603751,e8ca9dfb,9556
296,1,1,23,10,5,106,TRAINING,5,15,1,5,42603571,e8ca9fdb,5017
296,1,1,23,10,5,107,TRAINING,0,10,0,3,43602571,e9ca8fdb,8364
296,1,1,23,10,5,108,TRAINING,0,10,0,3,23604571,89caefdb,5660
296,1,1,23,10,5,109,TRAINING,2,8,1,0,23607541,89cadfeb,1836
296,1,1,23,10,5,110,TRAINING,2,8,1,0,26307541,8c9adfeb,1696
296,1,1,23,10,5,111,TRAINING,3,9,0,6,26407531,8ceadf9b,1499
296,1,1,23,10,5,112,TRAINING,5,15,1,5,26401537,8ceabf9d,1550
296,1,1,23,10,5,113,TEST,7,13,0,0,true,11534
296,1,1,23,10,5,114,TEST,3,9,0,0,true,3587
296,1,1,23,10,5,115,TEST,1,11,1,0,false,4543
296,1,1,23,10,5,116,TEST,5,15,1,1,true,3850
296,1,1,23,10,5,117,TEST,0,10,0,0,true,4085
296,1,1,23,10,5,118,TEST,4,14,0,0,true,6835
296,1,1,23,10,5,119,TEST,6,12,1,1,true,6485
296,1,1,23,10,5,120,TEST,2,8,1,1,true,1460
296,1,1,23,10,6,121,TRAINING,7,13,0,0,76104235,dcbae89f,5783
296,1,1,23,10,6,122,TRAINING,0,10,0,3,76204135,dc8aeb9f,7095
296,1,1,23,10,6,123,TRAINING,4,14,0,5,76201435,dc8abe9f,3047
296,1,1,23,10,6,124,TRAINING,2,8,1,2,56201437,fc8abe9d,3487
296,1,1,23,10,6,125,TRAINING,5,15,1,0,51206437,fb8ace9d,4319
296,1,1,23,10,6,126,TRAINING,3,9,0,6,51276430,fb8dce9a,3846
296,1,1,23,10,6,127,TRAINING,1,11,1,1,51274630,fb8dec9a,4497
296,1,1,23,10,6,128,TRAINING,3,9,0,6,21574630,8bfdec9a,4370
296,1,1,23,10,6,129,TRAINING,1,11,1,1,21475630,8bedfc9a,3847
296,1,1,23,10,6,130,TRAINING,7,13,0,3,41275630,eb8dfc9a,7132
296,1,1,23,10,6,131,TRAINING,5,15,1,5,41276530,eb8dcf9a,1860
296,1,1,23,10,6,132,TRAINING,2,8,1,2,41270536,eb8daf9c,1858
296,1,1,23,10,6,133,TRAINING,0,10,0,4,46270531,ec8daf9b,9323
296,1,1,23,10,6,134,TRAINING,6,12,1,1,46210537,ec8baf9d,5783
296,1,1,23,10,6,135,TRAINING,6,12,1,1,46310527,ec9baf8d,4741
296,1,1,23,10,6,136,TRAINING,4,14,0,7,76310524,dc9baf8e,2198
296,1,1,23,10,6,137,TEST,4,14,0,1,false,2148
296,1,1,23,10,6,138,TEST,1,11,1,1,true,8195
296,1,1,23,10,6,139,TEST,0,10,0,0,true,6086
296,1,1,23,10,6,140,TEST,7,13,0,0,true,5794
296,1,1,23,10,6,141,TEST,5,15,1,1,true,4311
296,1,1,23,10,6,142,TEST,6,12,1,1,true,10608
296,1,1,23,10,6,143,TEST,2,8,1,1,true,2496
296,1,1,23,10,6,144,TEST,3,9,0,0,true,1375
296,1,1,23,10,7,145,TRAINING,0,10,0,4,57610324,fdcba98e,8372
296,1,1,23,10,7,146,TRAINING,6,12,1,2,57610342,fdcba9e8,6519
296,1,1,23,10,7,147,TRAINING,6,12,1,2,54610372,fecba9d8,2560
296,1,1,23,10,7,148,TRAINING,1,11,1,0,14650372,becfa9d8,5744
296,1,1,23,10,7,149,TRAINING,4,14,0,1,14652370,becf89da,6134
296,1,1,23,10,7,150,TRAINING,2,8,1,2,14256370,be8fc9da,2545
296,1,1,23,10,7,151,TRAINING,0,10,0,7,14256730,be8fcd9a,5408
296,1,1,23,10,7,152,TRAINING,3,9,0,6,14265730,be8cfd9a,4631
296,1,1,23,10,7,153,TRAINING,7,13,0,5,16245730,bc8efd9a,9359
296,1,1,23,10,7,154,TRAINING,4,14,0,3,56241730,fc8ebd9a,4660
296,1,1,23,10,7,155,TRAINING,7,13,0,5,50241736,fa8ebd9c,1442
296,1,1,23,10,7,156,TRAINING,3,9,0,6,60241735,ca8ebd9f,1461
296,1,1,23,10,7,157,TRAINING,2,8,1,7,60541732,cafebd98,1634
296,1,1,23,10,7,158,TRAINING,5,15,1,2,64501732,cefabd98,5969
296,1,1,23,10,7,159,TRAINING,5,15,1,2,14506732,befacd98,3147
296,1,1,23,10,7,160,TRAINING,1,11,1,0,14506237,befac89d,6094
296,1,1,23,10,7,161,TEST,4,14,0,0,true,3705
296,1,1,23,10,7,162,TEST,6,12,1,1,true,6647
296,1,1,23,10,7,163,TEST,1,11,1,1,true,5372
296,1,1,23,10,7,164,TEST,2,8,1,1,true,1049
296,1,1,23,10,7,165,TEST,5,15,1,1,true,5410
296,1,1,23,10,7,166,TEST,3,9,0,0,true,1259
296,1,1,23,10,7,167,TEST,7,13,0,0,true,9070
296,1,1,23,10,7,168,TEST,0,10,0,0,true,4959
296,1,1,23,10,8,169,TRAINING,4,14,0,6,31650247,9bcfa8ed,11996
296,1,1,23,10,8,170,TRAINING,0,10,0,4,35610247,9fcba8ed,5382
296,1,1,23,10,8,171,TRAINING,5,15,1,1,35210647,9f8baced,3619
296,1,1,23,10,8,172,TRAINING,3,9,0,0,35270641,9f8daceb,3699
296,1,1,23,10,8,173,TRAINING,7,13,0,5,35260741,9f8cadeb,1433
296,1,1,23,10,8,174,TRAINING,4,14,0,6,35210746,9f8badec,2324
296,1,1,23,10,8,175,TRAINING,6,12,1,7,25310746,8f9badec,2596
296,1,1,23,10,8,176,TRAINING,6,12,1,7,20315746,8a9bfdec,2184
296,1,1,23,10,8,177,TRAINING,1,11,1,6,20345716,8a9efdbc,2158
296,1,1,23,10,8,178,TRAINING,7,13,0,1,27345016,8d9efabc,1783
296,1,1,23,10,8,179,TRAINING,1,11,1,6,27645013,8dcefab9,2234
296,1,1,23,10,8,180,TRAINING,2,8,1,4,57642013,fdce8ab9,3508
296,1,1,23,10,8,181,TRAINING,3,9,0,5,57642310,fdce89ba,2085
296,1,1,23,10,8,182,TRAINING,0,10,0,7,51642370,fbce89da,2847
296,1,1,23,10,8,183,TRAINING,2,8,1,4,51462370,fbec89da,3010
296,1,1,23,10,8,184,TRAINING,5,15,1,0,51642370,fbce89da,2447
296,1,1,23,10,8,185,TEST,0,10,0,0,true,5161
296,1,1,23,10,8,186,TEST,5,15,1,1,true,4935
296,1,1,23,10,8,187,TEST,7,13,0,0,true,9994
296,1,1,23,10,8,188,TEST,1,11,1,1,true,4175
296,1,1,23,10,8,189,TEST,6,12,1,1,true,14546
296,1,1,23,10,8,190,TEST,3,9,0,0,true,6984
296,1,1,23,10,8,191,TEST,4,14,0,0,true,5634
296,1,1,23,10,8,192,TEST,2,8,1,1,true,1661
296,1,1,23,10,INSTRUCT,postquestionnaire,2

rulestrategy:I tried to match the opposite pairs because each opposite pair were in opposite groups. So I only had to memorize half. Because from looking at those half I could tell that the other half was.
howtoimprove:Maybe after so many tries offer a hint to finding the pattern or offer a strategy that can aid someone in having 100% accuracy and see how they react or respond to the help.
engagement:10
difficulty:10
physicalaids:no