298,1,2,9,12,INSTRUCT,instruct1,11730
298,1,2,9,12,INSTRUCT,instructCatExample,6037
298,1,2,9,12,INSTRUCT,instructCatColor,4062
298,1,2,9,12,INSTRUCT,instructCatStripe,11261
298,1,2,9,12,INSTRUCT,instructDemoIntro,17623
298,1,2,9,12,INSTRUCT,instructDemo,74048
298,1,2,9,12,INSTRUCT,instructTest,17158
298,1,2,9,12,INSTRUCT,instructTest2,22859
298,1,2,9,12,INSTRUCT,instructDimColor,14228
298,1,2,9,12,INSTRUCT,instructDimBorder,6063
298,1,2,9,12,INSTRUCT,instructDimDots,3127
298,1,2,9,12,INSTRUCT,instructDimStripe,2111
298,1,2,9,12,INSTRUCT,instructDimAll,17151
298,1,2,9,12,INSTRUCT,instructFinal,15767
298,1,2,9,12,1,1,TRAINING,4,1,1,1,74156032,b17395fd,3289
298,1,2,9,12,1,2,TRAINING,3,15,0,4,74153062,b173f59d,3282
298,1,2,9,12,1,3,TRAINING,6,9,0,6,54173062,317bf59d,11778
298,1,2,9,12,1,4,TRAINING,0,5,1,5,52173064,3d7bf591,8131
298,1,2,9,12,1,5,TRAINING,1,7,0,0,12573064,7d3bf591,2251
298,1,2,9,12,1,6,TRAINING,2,13,1,1,12753064,7db3f591,2937
298,1,2,9,12,1,7,TRAINING,7,11,0,2,12703564,7db5f391,3114
298,1,2,9,12,1,8,TRAINING,3,15,0,6,12706534,7db593f1,2443
298,1,2,9,12,1,9,TRAINING,4,1,1,7,21706534,d7b593f1,8667
298,1,2,9,12,1,10,TRAINING,7,11,0,5,21506734,d7359bf1,1490
298,1,2,9,12,1,11,TRAINING,6,9,0,4,21306754,d7f59b31,4075
298,1,2,9,12,1,12,TRAINING,5,3,1,7,21306745,d7f59b13,2881
298,1,2,9,12,1,13,TRAINING,0,5,1,3,21706345,d7b59f13,7082
298,1,2,9,12,1,14,TRAINING,2,13,1,1,12706345,7db59f13,1547
298,1,2,9,12,1,15,TRAINING,5,3,1,4,12705346,7db53f19,1922
298,1,2,9,12,1,16,TRAINING,1,7,0,0,12305746,7df53b19,2205
298,1,2,9,12,1,17,TEST,5,3,1,1,true,2425
298,1,2,9,12,1,18,TEST,3,15,0,1,false,5162
298,1,2,9,12,1,19,TEST,6,9,0,0,true,1115
298,1,2,9,12,1,20,TEST,7,11,0,1,false,531
298,1,2,9,12,1,21,TEST,4,1,1,1,true,1643
298,1,2,9,12,1,22,TEST,2,13,1,0,false,565
298,1,2,9,12,1,23,TEST,0,5,1,0,false,474
298,1,2,9,12,1,24,TEST,1,7,0,0,true,1315
298,1,2,9,12,2,25,TRAINING,4,1,1,1,74625301,b19d3f57,6011
298,1,2,9,12,2,26,TRAINING,3,15,0,5,74652301,b193df57,11114
298,1,2,9,12,2,27,TRAINING,5,3,1,4,74625301,b19d3f57,8570
298,1,2,9,12,2,28,TRAINING,1,7,0,7,47625301,1b9d3f57,5570
298,1,2,9,12,2,29,TRAINING,0,5,1,6,27645301,db913f57,5538
298,1,2,9,12,2,30,TRAINING,7,11,0,1,27635401,db9f3157,2418
298,1,2,9,12,2,31,TRAINING,6,9,0,2,27635104,db9f3751,1746
298,1,2,9,12,2,32,TRAINING,3,15,0,4,27653104,db93f751,1851
298,1,2,9,12,2,33,TRAINING,0,5,1,3,27603154,db95f731,1544
298,1,2,9,12,2,34,TRAINING,6,9,0,2,17603254,7b95fd31,1723
298,1,2,9,12,2,35,TRAINING,5,3,1,6,37601254,fb957d31,1763
298,1,2,9,12,2,36,TRAINING,2,13,1,1,32601754,fd957b31,1450
298,1,2,9,12,2,37,TRAINING,1,7,0,4,32601457,fd95713b,2194
298,1,2,9,12,2,38,TRAINING,4,1,1,5,72601453,bd95713f,1402
298,1,2,9,12,2,39,TRAINING,7,11,0,0,72061453,bd59713f,1946
298,1,2,9,12,2,40,TRAINING,2,13,1,6,75061423,b35971df,1378
298,1,2,9,12,2,41,TEST,6,9,0,0,true,1929
298,1,2,9,12,2,42,TEST,5,3,1,1,true,634
298,1,2,9,12,2,43,TEST,7,11,0,0,true,519
298,1,2,9,12,2,44,TEST,1,7,0,1,false,607
298,1,2,9,12,2,45,TEST,3,15,0,0,true,1342
298,1,2,9,12,2,46,TEST,0,5,1,1,true,441
298,1,2,9,12,2,47,TEST,2,13,1,0,false,435
298,1,2,9,12,2,48,TEST,4,1,1,1,true,465
298,1,2,9,12,3,49,TRAINING,7,11,0,0,76043215,b951fd73,16524
298,1,2,9,12,3,50,TRAINING,5,3,1,3,76053214,b953fd71,10418
298,1,2,9,12,3,51,TRAINING,6,9,0,1,76054213,b9531d7f,5626
298,1,2,9,12,3,52,TRAINING,5,3,1,3,26054713,d9531b7f,1787
298,1,2,9,12,3,53,TRAINING,7,11,0,4,26057413,d953b17f,1642
298,1,2,9,12,3,54,TRAINING,1,7,0,6,46057213,1953bd7f,1946
298,1,2,9,12,3,55,TRAINING,2,13,1,3,46027513,195db37f,6418
298,1,2,9,12,3,56,TRAINING,1,7,0,6,46720513,19bd537f,4102
298,1,2,9,12,3,57,TRAINING,0,5,1,4,43720516,1fbd5379,6273
298,1,2,9,12,3,58,TRAINING,4,1,1,7,63720514,9fbd5371,1809
298,1,2,9,12,3,59,TRAINING,2,13,1,0,23760514,dfb95371,1570
298,1,2,9,12,3,60,TRAINING,4,1,1,7,23706514,dfb59371,1738
298,1,2,9,12,3,61,TRAINING,0,5,1,1,20736514,d5bf9371,1578
298,1,2,9,12,3,62,TRAINING,3,15,0,5,20756314,d5b39f71,2058
298,1,2,9,12,3,63,TRAINING,6,9,0,4,20716354,d5b79f31,1602
298,1,2,9,12,3,64,TRAINING,3,15,0,5,02716354,5db79f31,1346
298,1,2,9,12,3,65,TEST,6,9,0,0,true,995
298,1,2,9,12,3,66,TEST,7,11,0,0,true,754
298,1,2,9,12,3,67,TEST,5,3,1,1,true,899
298,1,2,9,12,3,68,TEST,3,15,0,1,false,2091
298,1,2,9,12,3,69,TEST,0,5,1,0,false,1499
298,1,2,9,12,3,70,TEST,1,7,0,1,false,1409
298,1,2,9,12,3,71,TEST,2,13,1,1,true,3482
298,1,2,9,12,3,72,TEST,4,1,1,1,true,3954
298,1,2,9,12,4,73,TRAINING,2,13,1,5,71365204,b7f93d51,7420
298,1,2,9,12,4,74,TRAINING,6,9,0,7,71345206,b7f13d59,15299
298,1,2,9,12,4,75,TRAINING,2,13,1,5,70345216,b5f13d79,3938
298,1,2,9,12,4,76,TRAINING,1,7,0,6,30745216,f5b13d79,1922
298,1,2,9,12,4,77,TRAINING,3,15,0,7,60745213,95b13d7f,1906
298,1,2,9,12,4,78,TRAINING,5,3,1,4,70645213,b5913d7f,1587
298,1,2,9,12,4,79,TRAINING,4,1,1,3,71645203,b7913d5f,1771
298,1,2,9,12,4,80,TRAINING,0,5,1,6,71245603,b7d1395f,1306
298,1,2,9,12,4,81,TRAINING,3,15,0,7,51247603,37d1b95f,1715
298,1,2,9,12,4,82,TRAINING,7,11,0,4,56247103,39d1b75f,1331
298,1,2,9,12,4,83,TRAINING,5,3,1,1,65247103,93d1b75f,1434
298,1,2,9,12,4,84,TRAINING,6,9,0,0,65427103,931db75f,1747
298,1,2,9,12,4,85,TRAINING,4,1,1,4,65724103,93bd175f,1402
298,1,2,9,12,4,86,TRAINING,7,11,0,2,61724503,97bd135f,1479
298,1,2,9,12,4,87,TRAINING,1,7,0,1,61704523,97b513df,1380
298,1,2,9,12,4,88,TRAINING,0,5,1,3,41706523,17b593df,1922
298,1,2,9,12,4,89,TEST,2,13,1,0,false,693
298,1,2,9,12,4,90,TEST,0,5,1,1,true,490
298,1,2,9,12,4,91,TEST,1,7,0,1,false,574
298,1,2,9,12,4,92,TEST,7,11,0,0,true,457
298,1,2,9,12,4,93,TEST,5,3,1,1,true,491
298,1,2,9,12,4,94,TEST,6,9,0,0,true,777
298,1,2,9,12,4,95,TEST,4,1,1,1,true,379
298,1,2,9,12,4,96,TEST,3,15,0,0,true,402
298,1,2,9,12,5,97,TRAINING,6,9,0,2,37604125,fb9517d3,5797
298,1,2,9,12,5,98,TRAINING,0,5,1,3,27604135,db9517f3,3304
298,1,2,9,12,5,99,TRAINING,4,1,1,0,47602135,1b95d7f3,3487
298,1,2,9,12,5,100,TRAINING,1,7,0,5,47206135,1bd597f3,3551
298,1,2,9,12,5,101,TRAINING,7,11,0,3,40276135,15db97f3,5938
298,1,2,9,12,5,102,TRAINING,5,3,1,7,40273165,15dbf793,1538
298,1,2,9,12,5,103,TRAINING,7,11,0,3,20473165,d51bf793,2601
298,1,2,9,12,5,104,TRAINING,3,15,0,2,20374165,d5fb1793,1228
298,1,2,9,12,5,105,TRAINING,5,3,1,6,20374156,d5fb1739,1442
298,1,2,9,12,5,106,TRAINING,2,13,1,7,60374152,95fb173d,1586
298,1,2,9,12,5,107,TRAINING,2,13,1,7,10374652,75fb193d,1379
298,1,2,9,12,5,108,TRAINING,0,5,1,1,10376452,75fb913d,1811
298,1,2,9,12,5,109,TRAINING,6,9,0,0,60371452,95fb713d,1539
298,1,2,9,12,5,110,TRAINING,1,7,0,2,60173452,957bf13d,1554
298,1,2,9,12,5,111,TRAINING,3,15,0,7,60172453,957bd13f,1171
298,1,2,9,12,5,112,TRAINING,4,1,1,5,65172403,937bd15f,1307
298,1,2,9,12,5,113,TEST,4,1,1,1,true,921
298,1,2,9,12,5,114,TEST,2,13,1,0,false,418
298,1,2,9,12,5,115,TEST,0,5,1,0,false,401
298,1,2,9,12,5,116,TEST,3,15,0,0,true,995
298,1,2,9,12,5,117,TEST,6,9,0,1,false,425
298,1,2,9,12,5,118,TEST,7,11,0,0,true,418
298,1,2,9,12,5,119,TEST,5,3,1,0,false,774
298,1,2,9,12,5,120,TEST,1,7,0,1,false,602
298,1,2,9,12,6,121,TRAINING,4,1,1,5,26750431,d9b351f7,2860
298,1,2,9,12,6,122,TRAINING,7,11,0,2,06752431,59b3d1f7,2378
298,1,2,9,12,6,123,TRAINING,6,9,0,6,03752461,5fb3d197,2603
298,1,2,9,12,6,124,TRAINING,5,3,1,3,30752461,f5b3d197,2154
298,1,2,9,12,6,125,TRAINING,7,11,0,2,20753461,d5b3f197,1763
298,1,2,9,12,6,126,TRAINING,6,9,0,6,02753461,5db3f197,1538
298,1,2,9,12,6,127,TRAINING,3,15,0,7,02751463,5db3719f,1651
298,1,2,9,12,6,128,TRAINING,0,5,1,3,52701463,3db5719f,1330
298,1,2,9,12,6,129,TRAINING,4,1,1,6,52701643,3db5791f,1331
298,1,2,9,12,6,130,TRAINING,2,13,1,1,32701645,fdb57913,1403
298,1,2,9,12,6,131,TRAINING,5,3,1,2,32501647,fd35791b,3354
298,1,2,9,12,6,132,TRAINING,2,13,1,1,32507641,fd35b917,1746
298,1,2,9,12,6,133,TRAINING,0,5,1,7,32517640,fd37b915,1586
298,1,2,9,12,6,134,TRAINING,3,15,0,0,32516740,fd379b15,1850
298,1,2,9,12,6,135,TRAINING,1,7,0,3,32716540,fdb79315,1786
298,1,2,9,12,6,136,TRAINING,1,7,0,3,36712540,f9b7d315,2628
298,1,2,9,12,6,137,TEST,4,1,1,1,true,700
298,1,2,9,12,6,138,TEST,2,13,1,1,true,3059
298,1,2,9,12,6,139,TEST,5,3,1,1,true,905
298,1,2,9,12,6,140,TEST,6,9,0,0,true,475
298,1,2,9,12,6,141,TEST,1,7,0,0,true,1467
298,1,2,9,12,6,142,TEST,7,11,0,0,true,1162
298,1,2,9,12,6,143,TEST,3,15,0,0,true,1642
298,1,2,9,12,6,144,TEST,0,5,1,0,false,3496
298,1,2,9,12,7,145,TRAINING,4,1,1,7,17025634,7b5d39f1,2972
298,1,2,9,12,7,146,TRAINING,7,11,0,1,17026534,7b5d93f1,2531
298,1,2,9,12,7,147,TRAINING,3,15,0,6,07126534,5b7d93f1,4050
298,1,2,9,12,7,148,TRAINING,6,9,0,2,07621534,5b9d73f1,3025
298,1,2,9,12,7,149,TRAINING,1,7,0,4,05621734,539d7bf1,2265
298,1,2,9,12,7,150,TRAINING,6,9,0,2,75621034,b39d75f1,7963
298,1,2,9,12,7,151,TRAINING,3,15,0,6,75621430,b39d71f5,2706
298,1,2,9,12,7,152,TRAINING,5,3,1,3,72651430,bd9371f5,2099
298,1,2,9,12,7,153,TRAINING,0,5,1,7,74651230,b1937df5,1723
298,1,2,9,12,7,154,TRAINING,1,7,0,4,74651320,b1937fd5,1531
298,1,2,9,12,7,155,TRAINING,0,5,1,7,75641320,b3917fd5,1482
298,1,2,9,12,7,156,TRAINING,5,3,1,1,75461320,b3197fd5,1434
298,1,2,9,12,7,157,TRAINING,2,13,1,6,65471320,931b7fd5,1651
298,1,2,9,12,7,158,TRAINING,2,13,1,6,45671320,139b7fd5,3355
298,1,2,9,12,7,159,TRAINING,4,1,1,0,45671023,139b75df,2730
298,1,2,9,12,7,160,TRAINING,7,11,0,3,45671320,139b7fd5,1667
298,1,2,9,12,7,161,TEST,2,13,1,1,true,1602
298,1,2,9,12,7,162,TEST,4,1,1,1,true,3410
298,1,2,9,12,7,163,TEST,6,9,0,0,true,3779
298,1,2,9,12,7,164,TEST,5,3,1,1,true,2193
298,1,2,9,12,7,165,TEST,3,15,0,0,true,5104
298,1,2,9,12,7,166,TEST,7,11,0,0,true,2626
298,1,2,9,12,7,167,TEST,0,5,1,1,true,3906
298,1,2,9,12,7,168,TEST,1,7,0,0,true,962
298,1,2,9,12,8,169,TRAINING,7,11,0,4,35127406,f37db159,3443
298,1,2,9,12,8,170,TRAINING,3,15,0,0,34127506,f17db359,1953
298,1,2,9,12,8,171,TRAINING,1,7,0,1,31427506,f71db359,2354
298,1,2,9,12,8,172,TRAINING,6,9,0,7,31457206,f713bd59,3658
298,1,2,9,12,8,173,TRAINING,0,5,1,6,31547206,f731bd59,11619
298,1,2,9,12,8,174,TRAINING,2,13,1,5,31574206,f73b1d59,4387
298,1,2,9,12,8,175,TRAINING,3,15,0,0,37514206,fb371d59,3698
298,1,2,9,12,8,176,TRAINING,5,3,1,1,35714206,f3b71d59,1442
298,1,2,9,12,8,177,TRAINING,4,1,1,4,35704216,f3b51d79,2403
298,1,2,9,12,8,178,TRAINING,6,9,0,7,35204716,f3d51b79,48291
298,1,2,9,12,8,179,TRAINING,5,3,1,1,05234716,53df1b79,2066
298,1,2,9,12,8,180,TRAINING,0,5,1,2,25034716,d35f1b79,1841
298,1,2,9,12,8,181,TRAINING,4,1,1,4,75034216,b35f1d79,2835
298,1,2,9,12,8,182,TRAINING,2,13,1,5,57034216,3b5f1d79,1706
298,1,2,9,12,8,183,TRAINING,7,11,0,1,17034256,7b5f1d39,1770
298,1,2,9,12,8,184,TRAINING,1,7,0,0,17034265,7b5f1d93,1929
298,1,2,9,12,8,185,TEST,0,5,1,1,true,1729
298,1,2,9,12,8,186,TEST,3,15,0,0,true,559
298,1,2,9,12,8,187,TEST,2,13,1,1,true,954
298,1,2,9,12,8,188,TEST,1,7,0,0,true,2801
298,1,2,9,12,8,189,TEST,4,1,1,1,true,2657
298,1,2,9,12,8,190,TEST,6,9,0,0,true,947
298,1,2,9,12,8,191,TEST,5,3,1,1,true,1066
298,1,2,9,12,8,192,TEST,7,11,0,0,true,602
298,1,2,9,12,INSTRUCT,postquestionnaire,1

rulestrategy:I was unable to predict what the categories had in common for any trial. I just memorized which was which. The easiest way was to find a general rule (i.e. blue is A, purple is B) and then memorize only the exceptions.
howtoimprove:Weren't there supposed to be white borders on some? I only saw yellow.
engagement:10
difficulty:10
physicalaids:no