3,1,1,19,6,INSTRUCT,instruct1,11345
3,1,1,19,6,INSTRUCT,instructCatExample,10340
3,1,1,19,6,INSTRUCT,instructCatColor,3089
3,1,1,19,6,INSTRUCT,instructCatStripe,5939
3,1,1,19,6,INSTRUCT,instructDemoIntro,15343
3,1,1,19,6,INSTRUCT,instructDemo,33586
3,1,1,19,6,INSTRUCT,instructTest,9639
3,1,1,19,6,INSTRUCT,instructTest2,128541
3,1,1,19,6,INSTRUCT,instructDimColor,5475
3,1,1,19,6,INSTRUCT,instructDimBorder,3483
3,1,1,19,6,INSTRUCT,instructDimDots,3980
3,1,1,19,6,INSTRUCT,instructDimStripe,2469
3,1,1,19,6,INSTRUCT,instructDimAll,7153
3,1,1,19,6,INSTRUCT,instructFinal,10575
3,1,1,19,6,1,1,TRAINING,5,5,1,5,13204567,73264501,1959
3,1,1,19,6,1,2,TRAINING,1,7,1,0,13207564,73261504,2466
3,1,1,19,6,1,3,TRAINING,2,2,1,2,13267504,73201564,2082
3,1,1,19,6,1,4,TRAINING,7,1,0,5,13265704,73205164,1458
3,1,1,19,6,1,5,TRAINING,7,1,0,5,13260754,73206154,1419
3,1,1,19,6,1,6,TRAINING,1,7,1,7,43260751,43206157,1482
3,1,1,19,6,1,7,TRAINING,5,5,1,6,23460751,23406157,2251
3,1,1,19,6,1,8,TRAINING,2,2,1,2,43260751,43206157,1339
3,1,1,19,6,1,9,TRAINING,6,0,1,4,43206751,43260157,1483
3,1,1,19,6,1,10,TRAINING,3,3,0,6,45206731,45260137,1481
3,1,1,19,6,1,11,TRAINING,0,6,0,3,25406731,25460137,1454
3,1,1,19,6,1,12,TRAINING,4,4,0,2,15406732,75460132,1635
3,1,1,19,6,1,13,TRAINING,0,6,0,3,15406372,75460312,1536
3,1,1,19,6,1,14,TRAINING,6,0,1,7,15402376,75462310,1451
3,1,1,19,6,1,15,TRAINING,3,3,0,2,15302476,75362410,1466
3,1,1,19,6,1,16,TRAINING,4,4,0,5,75302416,15362470,1402
3,1,1,19,6,1,17,TEST,5,5,1,0,false,2743
3,1,1,19,6,1,18,TEST,0,6,0,1,false,2027
3,1,1,19,6,1,19,TEST,4,4,0,0,true,3753
3,1,1,19,6,1,20,TEST,7,1,0,0,true,1786
3,1,1,19,6,1,21,TEST,2,2,1,1,true,1250
3,1,1,19,6,1,22,TEST,3,3,0,1,false,1203
3,1,1,19,6,1,23,TEST,6,0,1,0,false,1570
3,1,1,19,6,1,24,TEST,1,7,1,0,false,1366
3,1,1,19,6,2,25,TRAINING,1,7,1,7,06523471,60523417,1389
3,1,1,19,6,2,26,TRAINING,4,4,0,2,06423571,60423517,1857
3,1,1,19,6,2,27,TRAINING,2,2,1,3,07423561,61423507,1955
3,1,1,19,6,2,28,TRAINING,0,6,0,0,07423651,61423057,1666
3,1,1,19,6,2,29,TRAINING,7,1,0,1,07423561,61423507,1499
3,1,1,19,6,2,30,TRAINING,5,5,1,5,07432561,61432507,1531
3,1,1,19,6,2,31,TRAINING,7,1,0,1,67432501,01432567,1419
3,1,1,19,6,2,32,TRAINING,4,4,0,2,27436501,21430567,1891
3,1,1,19,6,2,33,TRAINING,0,6,0,6,27435601,21435067,1843
3,1,1,19,6,2,34,TRAINING,1,7,1,5,27435106,21435760,2067
3,1,1,19,6,2,35,TRAINING,3,3,0,2,27345106,21345760,1515
3,1,1,19,6,2,36,TRAINING,3,3,0,2,27365104,21305764,1323
3,1,1,19,6,2,37,TRAINING,6,0,1,0,67325104,01325764,1523
3,1,1,19,6,2,38,TRAINING,2,2,1,3,67321504,01327564,2505
3,1,1,19,6,2,39,TRAINING,6,0,1,0,67324501,01324567,2202
3,1,1,19,6,2,40,TRAINING,5,5,1,5,67124503,01724563,1506
3,1,1,19,6,2,41,TEST,1,7,1,1,true,1888
3,1,1,19,6,2,42,TEST,4,4,0,0,true,690
3,1,1,19,6,2,43,TEST,7,1,0,1,false,1715
3,1,1,19,6,2,44,TEST,0,6,0,1,false,3130
3,1,1,19,6,2,45,TEST,5,5,1,0,false,866
3,1,1,19,6,2,46,TEST,3,3,0,0,true,739
3,1,1,19,6,2,47,TEST,6,0,1,0,false,1236
3,1,1,19,6,2,48,TEST,2,2,1,1,true,906
3,1,1,19,6,3,49,TRAINING,5,5,1,3,23756410,23150476,1677
3,1,1,19,6,3,50,TRAINING,4,4,0,5,32756410,32150476,1666
3,1,1,19,6,3,51,TRAINING,3,3,0,0,32751460,32157406,1763
3,1,1,19,6,3,52,TRAINING,5,5,1,3,37251460,31257406,1779
3,1,1,19,6,3,53,TRAINING,7,1,0,1,37651420,31057426,2195
3,1,1,19,6,3,54,TRAINING,1,7,1,4,47651320,41057326,1907
3,1,1,19,6,3,55,TRAINING,0,6,0,0,07651324,61057324,1563
3,1,1,19,6,3,56,TRAINING,7,1,0,1,07621354,61027354,1387
3,1,1,19,6,3,57,TRAINING,6,0,1,7,07421356,61427350,1347
3,1,1,19,6,3,58,TRAINING,2,2,1,3,47021356,41627350,1522
3,1,1,19,6,3,59,TRAINING,6,0,1,7,07421356,61427350,1747
3,1,1,19,6,3,60,TRAINING,4,4,0,2,07423156,61423750,1531
3,1,1,19,6,3,61,TRAINING,3,3,0,4,57423106,51423760,2170
3,1,1,19,6,3,62,TRAINING,0,6,0,6,57413206,51473260,1507
3,1,1,19,6,3,63,TRAINING,1,7,1,3,47513206,41573260,1466
3,1,1,19,6,3,64,TRAINING,2,2,1,5,74513206,14573260,1373
3,1,1,19,6,3,65,TEST,4,4,0,0,true,695
3,1,1,19,6,3,66,TEST,2,2,1,1,true,530
3,1,1,19,6,3,67,TEST,0,6,0,0,true,1938
3,1,1,19,6,3,68,TEST,3,3,0,1,false,1082
3,1,1,19,6,3,69,TEST,5,5,1,0,false,608
3,1,1,19,6,3,70,TEST,7,1,0,0,true,1306
3,1,1,19,6,3,71,TEST,1,7,1,1,true,922
3,1,1,19,6,3,72,TEST,6,0,1,0,false,1027
3,1,1,19,6,4,73,TRAINING,2,2,1,7,41307652,47361052,1599
3,1,1,19,6,4,74,TRAINING,6,0,1,5,41357602,47351062,1616
3,1,1,19,6,4,75,TRAINING,3,3,0,3,41537602,47531062,1555
3,1,1,19,6,4,76,TRAINING,6,0,1,5,40537612,46531072,1329
3,1,1,19,6,4,77,TRAINING,1,7,1,1,41537602,47531062,1328
3,1,1,19,6,4,78,TRAINING,5,5,1,2,41573602,47513062,1363
3,1,1,19,6,4,79,TRAINING,7,1,0,6,41503672,47563012,1393
3,1,1,19,6,4,80,TRAINING,0,6,0,3,41502673,47562013,1409
3,1,1,19,6,4,81,TRAINING,7,1,0,6,61502473,07562413,1635
3,1,1,19,6,4,82,TRAINING,4,4,0,7,61502374,07562314,1330
3,1,1,19,6,4,83,TRAINING,1,7,1,1,51602374,57062314,2091
3,1,1,19,6,4,84,TRAINING,0,6,0,3,51206374,57260314,1763
3,1,1,19,6,4,85,TRAINING,4,4,0,6,51206347,57260341,1258
3,1,1,19,6,4,86,TRAINING,3,3,0,5,51207346,57261340,1139
3,1,1,19,6,4,87,TRAINING,5,5,1,0,51027346,57621340,1387
3,1,1,19,6,4,88,TRAINING,2,2,1,3,56027341,50621347,1386
3,1,1,19,6,4,89,TEST,0,6,0,0,true,2433
3,1,1,19,6,4,90,TEST,2,2,1,0,false,2258
3,1,1,19,6,4,91,TEST,3,3,0,1,false,1067
3,1,1,19,6,4,92,TEST,5,5,1,1,true,1508
3,1,1,19,6,4,93,TEST,7,1,0,0,true,1667
3,1,1,19,6,4,94,TEST,4,4,0,0,true,548
3,1,1,19,6,4,95,TEST,1,7,1,1,true,692
3,1,1,19,6,4,96,TEST,6,0,1,0,false,427
3,1,1,19,6,5,97,TRAINING,0,6,0,7,13465270,73405216,1293
3,1,1,19,6,5,98,TRAINING,1,7,1,0,13265470,73205416,1314
3,1,1,19,6,5,99,TRAINING,0,6,0,7,13245670,73245016,1379
3,1,1,19,6,5,100,TRAINING,3,3,0,4,15243670,75243016,1330
3,1,1,19,6,5,101,TRAINING,2,2,1,2,14253670,74253016,1226
3,1,1,19,6,5,102,TRAINING,5,5,1,3,10253674,76253014,1338
3,1,1,19,6,5,103,TRAINING,1,7,1,0,10253476,76253410,1523
3,1,1,19,6,5,104,TRAINING,4,4,0,5,10256473,76250413,1331
3,1,1,19,6,5,105,TRAINING,7,1,0,6,10265473,76205413,1291
3,1,1,19,6,5,106,TRAINING,3,3,0,7,10256473,76250413,1562
3,1,1,19,6,5,107,TRAINING,7,1,0,6,10456273,76450213,1323
3,1,1,19,6,5,108,TRAINING,6,0,1,3,10465273,76405213,1404
3,1,1,19,6,5,109,TRAINING,5,5,1,4,10365274,76305214,1770
3,1,1,19,6,5,110,TRAINING,2,2,1,5,17365204,71305264,1315
3,1,1,19,6,5,111,TRAINING,4,4,0,7,07365214,61305274,1394
3,1,1,19,6,5,112,TRAINING,6,0,1,3,70365214,16305274,1506
3,1,1,19,6,5,113,TEST,2,2,1,1,true,697
3,1,1,19,6,5,114,TEST,0,6,0,0,true,3050
3,1,1,19,6,5,115,TEST,6,0,1,1,true,598
3,1,1,19,6,5,116,TEST,3,3,0,1,false,3131
3,1,1,19,6,5,117,TEST,1,7,1,1,true,514
3,1,1,19,6,5,118,TEST,7,1,0,0,true,722
3,1,1,19,6,5,119,TEST,4,4,0,0,true,491
3,1,1,19,6,5,120,TEST,5,5,1,0,false,722
3,1,1,19,6,6,121,TRAINING,1,7,1,3,23016574,23670514,1319
3,1,1,19,6,6,122,TRAINING,2,2,1,0,23016754,23670154,3289
3,1,1,19,6,6,123,TRAINING,3,3,0,1,23014756,23674150,1379
3,1,1,19,6,6,124,TRAINING,7,1,0,5,23064751,23604157,1403
3,1,1,19,6,6,125,TRAINING,6,0,1,3,23061754,23607154,1347
3,1,1,19,6,6,126,TRAINING,2,2,1,2,03261754,63207154,1347
3,1,1,19,6,6,127,TRAINING,5,5,1,6,04261753,64207153,1315
3,1,1,19,6,6,128,TRAINING,7,1,0,5,04231756,64237150,1258
3,1,1,19,6,6,129,TRAINING,0,6,0,0,04261753,64207153,1627
3,1,1,19,6,6,130,TRAINING,4,4,0,1,04231756,64237150,1267
3,1,1,19,6,6,131,TRAINING,1,7,1,4,04321756,64327150,1491
3,1,1,19,6,6,132,TRAINING,6,0,1,0,64321750,04327156,1275
3,1,1,19,6,6,133,TRAINING,4,4,0,2,63421750,03427156,1331
3,1,1,19,6,6,134,TRAINING,0,6,0,7,65421730,05427136,1314
3,1,1,19,6,6,135,TRAINING,5,5,1,3,62451730,02457136,1570
3,1,1,19,6,6,136,TRAINING,3,3,0,6,62751430,02157436,1275
3,1,1,19,6,6,137,TEST,7,1,0,0,true,3770
3,1,1,19,6,6,138,TEST,2,2,1,1,true,1898
3,1,1,19,6,6,139,TEST,5,5,1,1,true,2659
3,1,1,19,6,6,140,TEST,6,0,1,1,true,1219
3,1,1,19,6,6,141,TEST,1,7,1,1,true,770
3,1,1,19,6,6,142,TEST,0,6,0,0,true,1788
3,1,1,19,6,6,143,TEST,4,4,0,0,true,917
3,1,1,19,6,6,144,TEST,3,3,0,0,true,2186
3,1,1,19,6,7,145,TRAINING,4,4,0,6,60517342,06571342,1443
3,1,1,19,6,7,146,TRAINING,0,6,0,5,63517042,03571642,1091
3,1,1,19,6,7,147,TRAINING,7,1,0,4,36517042,30571642,1355
3,1,1,19,6,7,148,TRAINING,4,4,0,6,26517043,20571643,1282
3,1,1,19,6,7,149,TRAINING,2,2,1,5,06517243,60571243,1170
3,1,1,19,6,7,150,TRAINING,1,7,1,3,06715243,60175243,1486
3,1,1,19,6,7,151,TRAINING,0,6,0,0,06517243,60571243,1330
3,1,1,19,6,7,152,TRAINING,3,3,0,7,06517423,60571423,1401
3,1,1,19,6,7,153,TRAINING,1,7,1,3,02517463,62571403,1330
3,1,1,19,6,7,154,TRAINING,5,5,1,5,02417563,62471503,1233
3,1,1,19,6,7,155,TRAINING,6,0,1,6,02317564,62371504,1306
3,1,1,19,6,7,156,TRAINING,2,2,1,1,12307564,72361504,1243
3,1,1,19,6,7,157,TRAINING,6,0,1,6,02317564,62371504,1315
3,1,1,19,6,7,158,TRAINING,5,5,1,5,32017564,32671504,1227
3,1,1,19,6,7,159,TRAINING,7,1,0,4,42017563,42671503,1280
3,1,1,19,6,7,160,TRAINING,3,3,0,7,42067513,42601573,1378
3,1,1,19,6,7,161,TEST,5,5,1,1,true,1447
3,1,1,19,6,7,162,TEST,7,1,0,0,true,1218
3,1,1,19,6,7,163,TEST,1,7,1,1,true,867
3,1,1,19,6,7,164,TEST,0,6,0,0,true,1290
3,1,1,19,6,7,165,TEST,2,2,1,1,true,714
3,1,1,19,6,7,166,TEST,4,4,0,0,true,1811
3,1,1,19,6,7,167,TEST,6,0,1,1,true,683
3,1,1,19,6,7,168,TEST,3,3,0,0,true,1299
3,1,1,19,6,INSTRUCT,postquestionnaire,1

rulestrategy:A square with a yellow border and a line is a B, or a square with a white border and no line is also a B. All other shapes are an A.
howtoimprove:
engagement:8
difficulty:7
:no