30,1,4,13,3,INSTRUCT,instruct1,9650
30,1,4,13,3,INSTRUCT,instructCatExample,6661
30,1,4,13,3,INSTRUCT,instructCatColor,6899
30,1,4,13,3,INSTRUCT,instructCatStripe,6989
30,1,4,13,3,INSTRUCT,instructDemoIntro,11671
30,1,4,13,3,INSTRUCT,instructDemo,19153
30,1,4,13,3,INSTRUCT,instructTest,12894
30,1,4,13,3,INSTRUCT,instructTest2,11879
30,1,4,13,3,INSTRUCT,instructDimColor,8614
30,1,4,13,3,INSTRUCT,instructDimBorder,13792
30,1,4,13,3,INSTRUCT,instructDimDots,6274
30,1,4,13,3,INSTRUCT,instructDimStripe,6380
30,1,4,13,3,INSTRUCT,instructDimAll,8564
30,1,4,13,3,INSTRUCT,instructFinal,13462
30,1,4,13,3,1,1,TRAINING,2,4,1,7,70614352,1c58d094,7687
30,1,4,13,3,1,2,TRAINING,0,12,1,1,70641352,1c5d8094,1888
30,1,4,13,3,1,3,TRAINING,4,13,1,3,50641372,9c5d8014,3003
30,1,4,13,3,1,4,TRAINING,0,12,1,1,50642371,9c5d4018,3133
30,1,4,13,3,1,5,TRAINING,2,4,1,4,50142376,9c8d4015,1608
30,1,4,13,3,1,6,TRAINING,5,9,0,0,50142673,9c8d4510,6036
30,1,4,13,3,1,7,TRAINING,3,0,0,1,53142670,908d451c,1948
30,1,4,13,3,1,8,TRAINING,1,8,0,7,53042671,90cd4518,2065
30,1,4,13,3,1,9,TRAINING,6,5,0,5,53047621,90cd1548,2960
30,1,4,13,3,1,10,TRAINING,1,8,0,7,73045621,10cd9548,2602
30,1,4,13,3,1,11,TRAINING,7,1,1,0,73405621,10dc9548,2137
30,1,4,13,3,1,12,TRAINING,3,0,0,5,76405321,15dc9048,1791
30,1,4,13,3,1,13,TRAINING,6,5,0,1,76045321,15cd9048,1590
30,1,4,13,3,1,14,TRAINING,7,1,1,0,76054321,15c9d048,2367
30,1,4,13,3,1,15,TRAINING,5,9,0,3,76052341,15c940d8,1910
30,1,4,13,3,1,16,TRAINING,4,13,1,7,76052314,15c9408d,1703
30,1,4,13,3,1,17,TEST,6,5,0,0,true,3554
30,1,4,13,3,1,18,TEST,7,1,1,1,true,2915
30,1,4,13,3,1,19,TEST,5,9,0,0,true,1211
30,1,4,13,3,1,20,TEST,4,13,1,1,true,4532
30,1,4,13,3,1,21,TEST,3,0,0,0,true,1003
30,1,4,13,3,1,22,TEST,1,8,0,1,false,3367
30,1,4,13,3,1,23,TEST,2,4,1,0,false,1279
30,1,4,13,3,1,24,TEST,0,12,1,0,false,1442
30,1,4,13,3,2,25,TRAINING,0,12,1,4,14250376,8d49c015,4089
30,1,4,13,3,2,26,TRAINING,7,1,1,6,16250374,8549c01d,2246
30,1,4,13,3,2,27,TRAINING,1,8,0,0,13250674,8049c51d,1962
30,1,4,13,3,2,28,TRAINING,5,9,0,3,13256074,80495c1d,2562
30,1,4,13,3,2,29,TRAINING,2,4,1,2,13257064,80491c5d,1770
30,1,4,13,3,2,30,TRAINING,0,12,1,5,16257034,85491c0d,1802
30,1,4,13,3,2,31,TRAINING,4,13,1,7,17256034,81495c0d,1938
30,1,4,13,3,2,32,TRAINING,2,4,1,2,17265034,81459c0d,2139
30,1,4,13,3,2,33,TRAINING,3,0,0,6,10265734,8c45910d,2458
30,1,4,13,3,2,34,TRAINING,7,1,1,5,15260734,8945c10d,1722
30,1,4,13,3,2,35,TRAINING,4,13,1,7,15620734,8954c10d,1593
30,1,4,13,3,2,36,TRAINING,3,0,0,6,25610734,4958c10d,1866
30,1,4,13,3,2,37,TRAINING,6,5,0,2,27610534,4158c90d,1787
30,1,4,13,3,2,38,TRAINING,6,5,0,2,27614530,4158d90c,1756
30,1,4,13,3,2,39,TRAINING,5,9,0,0,57614230,9158d40c,1753
30,1,4,13,3,2,40,TRAINING,1,8,0,3,57613240,915804dc,2100
30,1,4,13,3,2,41,TEST,6,5,0,1,false,2803
30,1,4,13,3,2,42,TEST,5,9,0,0,true,1181
30,1,4,13,3,2,43,TEST,7,1,1,1,true,3809
30,1,4,13,3,2,44,TEST,4,13,1,0,false,1792
30,1,4,13,3,2,45,TEST,0,12,1,0,false,1761
30,1,4,13,3,2,46,TEST,3,0,0,0,true,1692
30,1,4,13,3,2,47,TEST,2,4,1,0,false,803
30,1,4,13,3,2,48,TEST,1,8,0,1,false,548
30,1,4,13,3,3,49,TRAINING,6,5,0,0,64307251,5d0c1498,4387
30,1,4,13,3,3,50,TRAINING,2,4,1,1,62307451,540c1d98,3064
30,1,4,13,3,3,51,TRAINING,7,1,1,4,62407351,54dc1098,1743
30,1,4,13,3,3,52,TRAINING,2,4,1,1,52407361,94dc1058,2429
30,1,4,13,3,3,53,TRAINING,7,1,1,4,52107364,948c105d,1717
30,1,4,13,3,3,54,TRAINING,1,8,0,5,52307164,940c185d,1704
30,1,4,13,3,3,55,TRAINING,0,12,1,3,52407163,94dc1850,1926
30,1,4,13,3,3,56,TRAINING,4,13,1,7,52307164,940c185d,3183
30,1,4,13,3,3,57,TRAINING,3,0,0,6,52607134,945c180d,1601
30,1,4,13,3,3,58,TRAINING,0,12,1,2,52067134,94c5180d,1458
30,1,4,13,3,3,59,TRAINING,1,8,0,5,52076134,94c1580d,1367
30,1,4,13,3,3,60,TRAINING,5,9,0,0,52067134,94c5180d,1652
30,1,4,13,3,3,61,TRAINING,5,9,0,0,50267134,9c45180d,1506
30,1,4,13,3,3,62,TRAINING,4,13,1,7,50237164,9c40185d,2876
30,1,4,13,3,3,63,TRAINING,3,0,0,3,50137264,9c80145d,1456
30,1,4,13,3,3,64,TRAINING,6,5,0,6,57130264,9180c45d,1447
30,1,4,13,3,3,65,TEST,1,8,0,0,true,1157
30,1,4,13,3,3,66,TEST,5,9,0,0,true,3802
30,1,4,13,3,3,67,TEST,2,4,1,1,true,546
30,1,4,13,3,3,68,TEST,4,13,1,0,false,1036
30,1,4,13,3,3,69,TEST,7,1,1,1,true,1842
30,1,4,13,3,3,70,TEST,0,12,1,0,false,898
30,1,4,13,3,3,71,TEST,3,0,0,1,false,738
30,1,4,13,3,3,72,TEST,6,5,0,1,false,657
30,1,4,13,3,4,73,TRAINING,0,12,1,2,36052471,05c94d18,6791
30,1,4,13,3,4,74,TRAINING,3,0,0,0,36012475,05c84d19,2969
30,1,4,13,3,4,75,TRAINING,3,0,0,0,36072415,05c14d89,1861
30,1,4,13,3,4,76,TRAINING,4,13,1,5,36027415,05c41d89,1952
30,1,4,13,3,4,77,TRAINING,5,9,0,7,31027465,08c41d59,3176
30,1,4,13,3,4,78,TRAINING,7,1,1,4,31627405,08541dc9,1754
30,1,4,13,3,4,79,TRAINING,0,12,1,6,31647205,085d14c9,1514
30,1,4,13,3,4,80,TRAINING,1,8,0,7,35647201,095d14c8,2184
30,1,4,13,3,4,81,TRAINING,6,5,0,4,35746201,091d54c8,1610
30,1,4,13,3,4,82,TRAINING,1,8,0,7,53746201,901d54c8,1736
30,1,4,13,3,4,83,TRAINING,7,1,1,2,53726401,90145dc8,1635
30,1,4,13,3,4,84,TRAINING,2,4,1,3,53726041,90145cd8,1586
30,1,4,13,3,4,85,TRAINING,6,5,0,4,03726541,c01459d8,2465
30,1,4,13,3,4,86,TRAINING,2,4,1,3,53726041,90145cd8,1947
30,1,4,13,3,4,87,TRAINING,5,9,0,0,51726043,98145cd0,1866
30,1,4,13,3,4,88,TRAINING,4,13,1,4,51724063,9814dc50,1384
30,1,4,13,3,4,89,TEST,4,13,1,1,true,1369
30,1,4,13,3,4,90,TEST,5,9,0,1,false,1192
30,1,4,13,3,4,91,TEST,1,8,0,0,true,697
30,1,4,13,3,4,92,TEST,7,1,1,1,true,530
30,1,4,13,3,4,93,TEST,0,12,1,0,false,568
30,1,4,13,3,4,94,TEST,2,4,1,1,true,767
30,1,4,13,3,4,95,TEST,3,0,0,0,true,1079
30,1,4,13,3,4,96,TEST,6,5,0,1,false,545
30,1,4,13,3,5,97,TRAINING,2,4,1,1,62574031,5491dc08,6265
30,1,4,13,3,5,98,TRAINING,4,13,1,4,62754031,5419dc08,4097
30,1,4,13,3,5,99,TRAINING,4,13,1,4,62154037,5489dc01,1682
30,1,4,13,3,5,100,TRAINING,1,8,0,2,62134057,5480dc91,1991
30,1,4,13,3,5,101,TRAINING,5,9,0,5,62134507,5480d9c1,1729
30,1,4,13,3,5,102,TRAINING,0,12,1,6,67134502,5180d9c4,1755
30,1,4,13,3,5,103,TRAINING,3,0,0,1,63174502,5081d9c4,1757
30,1,4,13,3,5,104,TRAINING,6,5,0,0,63574102,5091d8c4,1622
30,1,4,13,3,5,105,TRAINING,5,9,0,2,63574201,5091d4c8,3559
30,1,4,13,3,5,106,TRAINING,2,4,1,7,63574102,5091d8c4,1558
30,1,4,13,3,5,107,TRAINING,7,1,1,3,36574102,0591d8c4,1559
30,1,4,13,3,5,108,TRAINING,6,5,0,1,36570142,0591c8d4,1521
30,1,4,13,3,5,109,TRAINING,1,8,0,5,36574102,0591d8c4,1472
30,1,4,13,3,5,110,TRAINING,7,1,1,3,36574120,0591d84c,1508
30,1,4,13,3,5,111,TRAINING,3,0,0,2,56374120,9501d84c,1433
30,1,4,13,3,5,112,TRAINING,0,12,1,0,06374125,c501d849,1531
30,1,4,13,3,5,113,TEST,5,9,0,0,true,2641
30,1,4,13,3,5,114,TEST,4,13,1,1,true,1972
30,1,4,13,3,5,115,TEST,7,1,1,0,false,782
30,1,4,13,3,5,116,TEST,1,8,0,1,false,1047
30,1,4,13,3,5,117,TEST,2,4,1,0,false,877
30,1,4,13,3,5,118,TEST,0,12,1,1,true,2005
30,1,4,13,3,5,119,TEST,3,0,0,0,true,533
30,1,4,13,3,5,120,TEST,6,5,0,1,false,637
30,1,4,13,3,6,121,TRAINING,1,8,0,4,65271043,59418cd0,5316
30,1,4,13,3,6,122,TRAINING,5,9,0,2,62571043,54918cd0,2655
30,1,4,13,3,6,123,TRAINING,0,12,1,5,62541073,549d8c10,1836
30,1,4,13,3,6,124,TRAINING,2,4,1,1,62514073,5498dc10,2241
30,1,4,13,3,6,125,TRAINING,3,0,0,2,62314075,5408dc19,1671
30,1,4,13,3,6,126,TRAINING,7,1,1,3,62374015,5401dc89,2454
30,1,4,13,3,6,127,TRAINING,1,8,0,1,61374025,5801dc49,2292
30,1,4,13,3,6,128,TRAINING,7,1,1,3,61473025,58d10c49,2774
30,1,4,13,3,6,129,TRAINING,2,4,1,6,31476025,08d15c49,2189
30,1,4,13,3,6,130,TRAINING,0,12,1,4,31470625,08d1c549,1971
30,1,4,13,3,6,131,TRAINING,6,5,0,5,41370625,d801c549,4224
30,1,4,13,3,6,132,TRAINING,5,9,0,7,42370615,d401c589,2160
30,1,4,13,3,6,133,TRAINING,3,0,0,6,42170635,d481c509,1647
30,1,4,13,3,6,134,TRAINING,6,5,0,4,42176035,d4815c09,1881
30,1,4,13,3,6,135,TRAINING,4,13,1,0,42156037,d4895c01,1816
30,1,4,13,3,6,136,TRAINING,4,13,1,0,41256037,d8495c01,1466
30,1,4,13,3,6,137,TEST,0,12,1,0,false,2400
30,1,4,13,3,6,138,TEST,4,13,1,1,true,1034
30,1,4,13,3,6,139,TEST,1,8,0,0,true,1283
30,1,4,13,3,6,140,TEST,7,1,1,1,true,1067
30,1,4,13,3,6,141,TEST,2,4,1,0,false,547
30,1,4,13,3,6,142,TEST,5,9,0,1,false,554
30,1,4,13,3,6,143,TEST,6,5,0,1,false,1716
30,1,4,13,3,6,144,TEST,3,0,0,0,true,617
30,1,4,13,3,7,145,TRAINING,7,1,1,4,03127465,c0841d59,2620
30,1,4,13,3,7,146,TRAINING,5,9,0,3,03157462,c0891d54,2555
30,1,4,13,3,7,147,TRAINING,5,9,0,3,03457162,c0d91854,7518
30,1,4,13,3,7,148,TRAINING,3,0,0,1,23457160,40d9185c,1885
30,1,4,13,3,7,149,TRAINING,6,5,0,6,23754160,4019d85c,2093
30,1,4,13,3,7,150,TRAINING,0,12,1,7,23457160,40d9185c,2342
30,1,4,13,3,7,151,TRAINING,3,0,0,1,73452160,10d9485c,1597
30,1,4,13,3,7,152,TRAINING,7,1,1,0,73412560,10d8495c,1558
30,1,4,13,3,7,153,TRAINING,1,8,0,3,73214560,1048d95c,1773
30,1,4,13,3,7,154,TRAINING,6,5,0,6,73215460,10489d5c,2156
30,1,4,13,3,7,155,TRAINING,2,4,1,0,23715460,40189d5c,1605
30,1,4,13,3,7,156,TRAINING,0,12,1,7,23517460,40981d5c,2208
30,1,4,13,3,7,157,TRAINING,2,4,1,0,23517640,409815dc,1501
30,1,4,13,3,7,158,TRAINING,1,8,0,3,23514670,4098d51c,1637
30,1,4,13,3,7,159,TRAINING,4,13,1,4,23614570,4058d91c,1533
30,1,4,13,3,7,160,TRAINING,4,13,1,4,53614270,9058d41c,1750
30,1,4,13,3,7,161,TEST,7,1,1,0,false,1200
30,1,4,13,3,7,162,TEST,6,5,0,1,false,852
30,1,4,13,3,7,163,TEST,1,8,0,0,true,762
30,1,4,13,3,7,164,TEST,3,0,0,1,false,573
30,1,4,13,3,7,165,TEST,2,4,1,0,false,331
30,1,4,13,3,7,166,TEST,4,13,1,1,true,603
30,1,4,13,3,7,167,TEST,5,9,0,0,true,363
30,1,4,13,3,7,168,TEST,0,12,1,1,true,410
30,1,4,13,3,8,169,TRAINING,5,9,0,6,73402651,10dc4598,7800
30,1,4,13,3,8,170,TRAINING,4,13,1,2,70432651,1cd04598,7398
30,1,4,13,3,8,171,TRAINING,1,8,0,0,10432657,8cd04591,2781
30,1,4,13,3,8,172,TRAINING,0,12,1,1,10432675,8cd04519,2024
30,1,4,13,3,8,173,TRAINING,0,12,1,1,10462375,8cd54019,1702
30,1,4,13,3,8,174,TRAINING,3,0,0,0,30462175,0cd54819,1877
30,1,4,13,3,8,175,TRAINING,6,5,0,3,30465172,0cd59814,2416
30,1,4,13,3,8,176,TRAINING,5,9,0,4,32465170,04d5981c,1863
30,1,4,13,3,8,177,TRAINING,7,1,1,5,32465710,04d5918c,2614
30,1,4,13,3,8,178,TRAINING,2,4,1,1,32645710,045d918c,1798
30,1,4,13,3,8,179,TRAINING,3,0,0,0,32645701,045d91c8,1788
30,1,4,13,3,8,180,TRAINING,6,5,0,2,32675401,04519dc8,1900
30,1,4,13,3,8,181,TRAINING,7,1,1,5,32645701,045d91c8,1974
30,1,4,13,3,8,182,TRAINING,2,4,1,1,32641705,045d81c9,1625
30,1,4,13,3,8,183,TRAINING,1,8,0,4,52641703,945d81c0,1691
30,1,4,13,3,8,184,TRAINING,4,13,1,3,52641073,945d8c10,1600
30,1,4,13,3,8,185,TEST,3,0,0,0,true,789
30,1,4,13,3,8,186,TEST,6,5,0,1,false,1162
30,1,4,13,3,8,187,TEST,5,9,0,1,false,1044
30,1,4,13,3,8,188,TEST,1,8,0,1,false,1017
30,1,4,13,3,8,189,TEST,2,4,1,0,false,1298
30,1,4,13,3,8,190,TEST,4,13,1,1,true,1464
30,1,4,13,3,8,191,TEST,7,1,1,0,false,825
30,1,4,13,3,8,192,TEST,0,12,1,1,true,742
30,1,4,13,3,9,193,TRAINING,3,0,0,0,31460752,08d5c194,8691
30,1,4,13,3,9,194,TRAINING,6,5,0,3,31064752,08c5d194,3031
30,1,4,13,3,9,195,TRAINING,4,13,1,2,31460752,08d5c194,1962
30,1,4,13,3,9,196,TRAINING,4,13,1,2,71460352,18d5c094,2095
30,1,4,13,3,9,197,TRAINING,1,8,0,1,71462350,18d5409c,1688
30,1,4,13,3,9,198,TRAINING,7,1,1,7,01462357,c8d54091,1984
30,1,4,13,3,9,199,TRAINING,5,9,0,6,31462057,08d54c91,1681
30,1,4,13,3,9,200,TRAINING,5,9,0,6,32461057,04d58c91,1444
30,1,4,13,3,9,201,TRAINING,6,5,0,3,32460157,04d5c891,2051
30,1,4,13,3,9,202,TRAINING,7,1,1,7,34260157,0d45c891,1696
30,1,4,13,3,9,203,TRAINING,2,4,1,2,30264157,0c45d891,1890
30,1,4,13,3,9,204,TRAINING,2,4,1,2,30246157,0c4d5891,1400
30,1,4,13,3,9,205,TRAINING,1,8,0,5,50246137,9c4d5801,1481
30,1,4,13,3,9,206,TRAINING,0,12,1,1,50264137,9c45d801,1489
30,1,4,13,3,9,207,TRAINING,3,0,0,6,60254137,5c49d801,1522
30,1,4,13,3,9,208,TRAINING,0,12,1,1,60214537,5c48d901,1427
30,1,4,13,3,9,209,TEST,0,12,1,1,true,1040
30,1,4,13,3,9,210,TEST,7,1,1,0,false,640
30,1,4,13,3,9,211,TEST,1,8,0,0,true,645
30,1,4,13,3,9,212,TEST,5,9,0,0,true,684
30,1,4,13,3,9,213,TEST,2,4,1,1,true,474
30,1,4,13,3,9,214,TEST,6,5,0,0,true,833
30,1,4,13,3,9,215,TEST,3,0,0,0,true,1433
30,1,4,13,3,9,216,TEST,4,13,1,1,true,433
30,1,4,13,3,10,217,TRAINING,5,9,0,4,76135420,15809d4c,5054
30,1,4,13,3,10,218,TRAINING,1,8,0,2,76105423,158c9d40,2135
30,1,4,13,3,10,219,TRAINING,7,1,1,3,06175423,c5819d40,2352
30,1,4,13,3,10,220,TRAINING,6,5,0,4,05176423,c9815d40,1992
30,1,4,13,3,10,221,TRAINING,3,0,0,7,50176423,9c815d40,2146
30,1,4,13,3,10,222,TRAINING,2,4,1,6,57106423,918c5d40,2081
30,1,4,13,3,10,223,TRAINING,7,1,1,4,56107423,958c1d40,3191
30,1,4,13,3,10,224,TRAINING,1,8,0,2,53107426,908c1d45,1668
30,1,4,13,3,10,225,TRAINING,0,12,1,3,53107246,908c14d5,2023
30,1,4,13,3,10,226,TRAINING,0,12,1,3,52107346,948c10d5,1600
30,1,4,13,3,10,227,TRAINING,4,13,1,6,32107546,048c19d5,2016
30,1,4,13,3,10,228,TRAINING,3,0,0,0,32107645,048c15d9,1906
30,1,4,13,3,10,229,TRAINING,2,4,1,2,31207645,084c15d9,1703
30,1,4,13,3,10,230,TRAINING,5,9,0,7,31204675,084cd519,1658
30,1,4,13,3,10,231,TRAINING,4,13,1,4,31274605,0841d5c9,1871
30,1,4,13,3,10,232,TRAINING,6,5,0,5,71234605,1840d5c9,1762
30,1,4,13,3,10,233,TEST,1,8,0,0,true,878
30,1,4,13,3,10,234,TEST,7,1,1,1,true,2266
30,1,4,13,3,10,235,TEST,2,4,1,1,true,1449
30,1,4,13,3,10,236,TEST,4,13,1,1,true,2634
30,1,4,13,3,10,237,TEST,3,0,0,0,true,972
30,1,4,13,3,10,238,TEST,6,5,0,1,false,961
30,1,4,13,3,10,239,TEST,5,9,0,0,true,730
30,1,4,13,3,10,240,TEST,0,12,1,1,true,601
30,1,4,13,3,11,241,TRAINING,1,8,0,7,65204731,594cd108,3998
30,1,4,13,3,11,242,TRAINING,4,13,1,4,75204631,194cd508,3215
30,1,4,13,3,11,243,TRAINING,1,8,0,7,35204671,094cd518,1685
30,1,4,13,3,11,244,TRAINING,0,12,1,3,25304671,490cd518,1790
30,1,4,13,3,11,245,TRAINING,3,0,0,1,23504671,409cd518,2752
30,1,4,13,3,11,246,TRAINING,7,1,1,6,63504271,509cd418,2126
30,1,4,13,3,11,247,TRAINING,5,9,0,4,63405271,50dc9418,3437
30,1,4,13,3,11,248,TRAINING,0,12,1,3,63105274,508c941d,2437
30,1,4,13,3,11,249,TRAINING,5,9,0,4,61305274,580c941d,1662
30,1,4,13,3,11,250,TRAINING,2,4,1,5,61705234,581c940d,1758
30,1,4,13,3,11,251,TRAINING,6,5,0,0,64705231,5d1c9408,1717
30,1,4,13,3,11,252,TRAINING,2,4,1,5,60745231,5c1d9408,1964
30,1,4,13,3,11,253,TRAINING,3,0,0,2,60345271,5c0d9418,1404
30,1,4,13,3,11,254,TRAINING,4,13,1,4,60354271,5c09d418,1620
30,1,4,13,3,11,255,TRAINING,6,5,0,3,50364271,9c05d418,2784
30,1,4,13,3,11,256,TRAINING,7,1,1,6,50264371,9c45d018,1539
30,1,4,13,3,11,257,TEST,4,13,1,1,true,1956
30,1,4,13,3,11,258,TEST,3,0,0,0,true,513
30,1,4,13,3,11,259,TEST,6,5,0,0,true,1709
30,1,4,13,3,11,260,TEST,1,8,0,0,true,1727
30,1,4,13,3,11,261,TEST,5,9,0,0,true,792
30,1,4,13,3,11,262,TEST,7,1,1,0,false,653
30,1,4,13,3,11,263,TEST,0,12,1,1,true,587
30,1,4,13,3,11,264,TEST,2,4,1,1,true,579
30,1,4,13,3,12,265,TRAINING,3,0,0,2,04352167,cd094851,1585
30,1,4,13,3,12,266,TRAINING,5,9,0,1,05342167,c90d4851,3553
30,1,4,13,3,12,267,TRAINING,6,5,0,6,05372164,c901485d,2345
30,1,4,13,3,12,268,TRAINING,0,12,1,0,05371264,c901845d,3197
30,1,4,13,3,12,269,TRAINING,4,13,1,3,05341267,c90d8451,3754
30,1,4,13,3,12,270,TRAINING,7,1,1,7,05241367,c94d8051,4681
30,1,4,13,3,12,271,TRAINING,6,5,0,6,05243167,c94d0851,1520
30,1,4,13,3,12,272,TRAINING,4,13,1,3,35240167,094dc851,1538
30,1,4,13,3,12,273,TRAINING,5,9,0,0,53240167,904dc851,1857
30,1,4,13,3,12,274,TRAINING,1,8,0,5,52340167,940dc851,1441
30,1,4,13,3,12,275,TRAINING,7,1,1,7,52360147,9405c8d1,1618
30,1,4,13,3,12,276,TRAINING,3,0,0,4,52063147,94c508d1,1604
30,1,4,13,3,12,277,TRAINING,2,4,1,2,50263147,9c4508d1,1803
30,1,4,13,3,12,278,TRAINING,1,8,0,5,54263107,9d4508c1,1579
30,1,4,13,3,12,279,TRAINING,2,4,1,2,50263147,9c4508d1,1516
30,1,4,13,3,12,280,TRAINING,0,12,1,1,50263174,9c45081d,1588
30,1,4,13,3,12,281,TEST,7,1,1,0,false,1169
30,1,4,13,3,12,282,TEST,0,12,1,1,true,698
30,1,4,13,3,12,283,TEST,2,4,1,1,true,548
30,1,4,13,3,12,284,TEST,4,13,1,1,true,724
30,1,4,13,3,12,285,TEST,6,5,0,1,false,497
30,1,4,13,3,12,286,TEST,1,8,0,0,true,619
30,1,4,13,3,12,287,TEST,5,9,0,0,true,528
30,1,4,13,3,12,288,TEST,3,0,0,0,true,642
30,1,4,13,3,13,289,TRAINING,6,5,0,7,25341076,490d8c15,3147
30,1,4,13,3,13,290,TRAINING,4,13,1,3,23541076,409d8c15,1650
30,1,4,13,3,13,291,TRAINING,1,8,0,4,23041576,40cd8915,5765
30,1,4,13,3,13,292,TRAINING,7,1,1,6,63041572,50cd8914,1655
30,1,4,13,3,13,293,TRAINING,0,12,1,2,65041372,59cd8014,1898
30,1,4,13,3,13,294,TRAINING,5,9,0,1,65041273,59cd8410,1384
30,1,4,13,3,13,295,TRAINING,3,0,0,7,65047213,59cd1480,3552
30,1,4,13,3,13,296,TRAINING,5,9,0,1,25047613,49cd1580,3993
30,1,4,13,3,13,297,TRAINING,6,5,0,5,25147603,498d15c0,2042
30,1,4,13,3,13,298,TRAINING,7,1,1,4,25147630,498d150c,1792
30,1,4,13,3,13,299,TRAINING,0,12,1,7,15247630,894d150c,1759
30,1,4,13,3,13,300,TRAINING,2,4,1,2,14257630,8d49150c,1516
30,1,4,13,3,13,301,TRAINING,1,8,0,5,64257130,5d49180c,1955
30,1,4,13,3,13,302,TRAINING,3,0,0,6,74256130,1d49580c,2137
30,1,4,13,3,13,303,TRAINING,2,4,1,2,76254130,1549d80c,1680
30,1,4,13,3,13,304,TRAINING,4,13,1,4,67254130,5149d80c,2522
30,1,4,13,3,13,305,TEST,6,5,0,1,false,1056
30,1,4,13,3,13,306,TEST,2,4,1,0,false,752
30,1,4,13,3,13,307,TEST,3,0,0,0,true,714
30,1,4,13,3,13,308,TEST,7,1,1,0,false,2313
30,1,4,13,3,13,309,TEST,1,8,0,1,false,1120
30,1,4,13,3,13,310,TEST,0,12,1,0,false,793
30,1,4,13,3,13,311,TEST,5,9,0,1,false,602
30,1,4,13,3,13,312,TEST,4,13,1,0,false,880
30,1,4,13,3,14,313,TRAINING,1,8,0,5,05346172,c90d5814,14939
30,1,4,13,3,14,314,TRAINING,3,0,0,2,05364172,c905d814,2060
30,1,4,13,3,14,315,TRAINING,5,9,0,1,65304172,590cd814,4028
30,1,4,13,3,14,316,TRAINING,4,13,1,4,65374102,5901d8c4,4718
30,1,4,13,3,14,317,TRAINING,7,1,1,2,65734102,5910d8c4,2159
30,1,4,13,3,14,318,TRAINING,7,1,1,2,05734162,c910d854,4212
30,1,4,13,3,14,319,TRAINING,6,5,0,6,05724163,c914d850,1821
30,1,4,13,3,14,320,TRAINING,5,9,0,5,01724563,c814d950,1620
30,1,4,13,3,14,321,TRAINING,0,12,1,4,41720563,d814c950,2132
30,1,4,13,3,14,322,TRAINING,6,5,0,6,41320567,d804c951,1862
30,1,4,13,3,14,323,TRAINING,0,12,1,4,47320561,d104c958,1678
30,1,4,13,3,14,324,TRAINING,2,4,1,3,74320561,1d04c958,2003
30,1,4,13,3,14,325,TRAINING,1,8,0,7,74320651,1d04c598,3181
30,1,4,13,3,14,326,TRAINING,4,13,1,1,74320561,1d04c958,1773
30,1,4,13,3,14,327,TRAINING,3,0,0,3,74230561,1d40c958,2093
30,1,4,13,3,14,328,TRAINING,2,4,1,2,74231560,1d40895c,1942
30,1,4,13,3,14,329,TEST,6,5,0,1,false,2268
30,1,4,13,3,14,330,TEST,1,8,0,0,true,642
30,1,4,13,3,14,331,TEST,7,1,1,0,false,622
30,1,4,13,3,14,332,TEST,5,9,0,0,true,410
30,1,4,13,3,14,333,TEST,2,4,1,1,true,1549
30,1,4,13,3,14,334,TEST,3,0,0,0,true,700
30,1,4,13,3,14,335,TEST,4,13,1,1,true,586
30,1,4,13,3,14,336,TEST,0,12,1,1,true,702
30,1,4,13,3,15,337,TRAINING,2,4,1,5,31704256,081cd495,2379
30,1,4,13,3,15,338,TRAINING,3,0,0,0,34701256,0d1c8495,2008
30,1,4,13,3,15,339,TRAINING,7,1,1,7,34601257,0d5c8491,1928
30,1,4,13,3,15,340,TRAINING,0,12,1,1,30641257,0c5d8491,2815
30,1,4,13,3,15,341,TRAINING,5,9,0,6,20641357,4c5d8091,4009
30,1,4,13,3,15,342,TRAINING,4,13,1,4,20614357,4c58d091,2528
30,1,4,13,3,15,343,TRAINING,7,1,1,7,20634157,4c50d891,2158
30,1,4,13,3,15,344,TRAINING,1,8,0,5,26034157,45c0d891,1536
30,1,4,13,3,15,345,TRAINING,0,12,1,2,46032157,d5c04891,1790
30,1,4,13,3,15,346,TRAINING,1,8,0,5,46023157,d5c40891,3626
30,1,4,13,3,15,347,TRAINING,5,9,0,6,47023156,d1c40895,1590
30,1,4,13,3,15,348,TRAINING,4,13,1,1,74023156,1dc40895,1575
30,1,4,13,3,15,349,TRAINING,6,5,0,3,74063152,1dc50894,1845
30,1,4,13,3,15,350,TRAINING,6,5,0,3,74065132,1dc59804,1512
30,1,4,13,3,15,351,TRAINING,2,4,1,7,74061532,1dc58904,1726
30,1,4,13,3,15,352,TRAINING,3,0,0,6,71064532,18c5d904,1649
30,1,4,13,3,15,353,TEST,1,8,0,0,true,1411
30,1,4,13,3,15,354,TEST,4,13,1,0,false,4720
30,1,4,13,3,15,355,TEST,0,12,1,1,true,819
30,1,4,13,3,15,356,TEST,3,0,0,0,true,700
30,1,4,13,3,15,357,TEST,5,9,0,0,true,1785
30,1,4,13,3,15,358,TEST,6,5,0,1,false,907
30,1,4,13,3,15,359,TEST,2,4,1,1,true,853
30,1,4,13,3,15,360,TEST,7,1,1,0,false,450
30,1,4,13,3,16,361,TRAINING,2,4,1,7,36104572,058cd914,7628
30,1,4,13,3,16,362,TRAINING,4,13,1,0,46103572,d58c0914,3109
30,1,4,13,3,16,363,TRAINING,3,0,0,2,46301572,d50c8914,4978
30,1,4,13,3,16,364,TRAINING,0,12,1,3,46301275,d50c8419,5463
30,1,4,13,3,16,365,TRAINING,5,9,0,0,56301274,950c841d,1750
30,1,4,13,3,16,366,TRAINING,5,9,0,0,56401273,95dc8410,1558
30,1,4,13,3,16,367,TRAINING,6,5,0,1,56041273,95cd8410,2222
30,1,4,13,3,16,368,TRAINING,1,8,0,3,56014273,95c8d410,2080
30,1,4,13,3,16,369,TRAINING,3,0,0,7,46015273,d5c89410,1333
30,1,4,13,3,16,370,TRAINING,7,1,1,5,46015723,d5c89140,1835
30,1,4,13,3,16,371,TRAINING,7,1,1,5,46051723,d5c98140,1519
30,1,4,13,3,16,372,TRAINING,1,8,0,4,56041723,95cd8140,1685
30,1,4,13,3,16,373,TRAINING,4,13,1,3,52041763,94cd8150,2072
30,1,4,13,3,16,374,TRAINING,6,5,0,2,52641703,945d81c0,1848
30,1,4,13,3,16,375,TRAINING,2,4,1,7,53641702,905d81c4,1742
30,1,4,13,3,16,376,TRAINING,0,12,1,6,57641302,915d80c4,1670
30,1,4,13,3,16,377,TEST,5,9,0,0,true,804
30,1,4,13,3,16,378,TEST,4,13,1,1,true,1373
30,1,4,13,3,16,379,TEST,6,5,0,1,false,1861
30,1,4,13,3,16,380,TEST,3,0,0,0,true,1326
30,1,4,13,3,16,381,TEST,2,4,1,1,true,1116
30,1,4,13,3,16,382,TEST,1,8,0,0,true,789
30,1,4,13,3,16,383,TEST,0,12,1,1,true,499
30,1,4,13,3,16,384,TEST,7,1,1,0,false,549
30,1,4,13,3,17,385,TRAINING,6,5,0,6,02514367,c498d051,3379
30,1,4,13,3,17,386,TRAINING,1,8,0,3,42510367,d498c051,1884
30,1,4,13,3,17,387,TRAINING,0,12,1,2,42015367,d4c89051,1581
30,1,4,13,3,17,388,TRAINING,0,12,1,2,72015364,14c8905d,1598
30,1,4,13,3,17,389,TRAINING,7,1,1,0,75012364,19c8405d,1830
30,1,4,13,3,17,390,TRAINING,1,8,0,3,73012564,10c8495d,1994
30,1,4,13,3,17,391,TRAINING,5,9,0,5,74012563,1dc84950,2130
30,1,4,13,3,17,392,TRAINING,6,5,0,6,72014563,14c8d950,2224
30,1,4,13,3,17,393,TRAINING,5,9,0,5,32014567,04c8d951,1941
30,1,4,13,3,17,394,TRAINING,4,13,1,7,32017564,04c8195d,1722
30,1,4,13,3,17,395,TRAINING,2,4,1,1,32107564,048c195d,3164
30,1,4,13,3,17,396,TRAINING,2,4,1,1,32170564,0481c95d,1460
30,1,4,13,3,17,397,TRAINING,4,13,1,7,62170534,5481c90d,1739
30,1,4,13,3,17,398,TRAINING,3,0,0,6,62175034,54819c0d,1490
30,1,4,13,3,17,399,TRAINING,7,1,1,3,02175634,c481950d,1677
30,1,4,13,3,17,400,TRAINING,3,0,0,6,12075634,84c1950d,1533
30,1,4,13,3,17,401,TEST,2,4,1,1,true,1257
30,1,4,13,3,17,402,TEST,0,12,1,1,true,2042
30,1,4,13,3,17,403,TEST,5,9,0,0,true,441
30,1,4,13,3,17,404,TEST,1,8,0,0,true,1000
30,1,4,13,3,17,405,TEST,4,13,1,1,true,652
30,1,4,13,3,17,406,TEST,6,5,0,0,true,450
30,1,4,13,3,17,407,TEST,3,0,0,1,false,378
30,1,4,13,3,17,408,TEST,7,1,1,0,false,347
30,1,4,13,3,18,409,TRAINING,7,1,1,3,30271465,0c418d59,5840
30,1,4,13,3,18,410,TRAINING,3,0,0,0,35271460,09418d5c,4197
30,1,4,13,3,18,411,TRAINING,3,0,0,0,35172460,09814d5c,1563
30,1,4,13,3,18,412,TRAINING,4,13,1,3,35142760,098d415c,9811
30,1,4,13,3,18,413,TRAINING,0,12,1,7,35742160,091d485c,2306
30,1,4,13,3,18,414,TRAINING,7,1,1,5,35142760,098d415c,5138
30,1,4,13,3,18,415,TRAINING,2,4,1,4,65142730,598d410c,4348
30,1,4,13,3,18,416,TRAINING,1,8,0,2,60142735,5c8d4109,1581
30,1,4,13,3,18,417,TRAINING,5,9,0,1,65142730,598d410c,1648
30,1,4,13,3,18,418,TRAINING,6,5,0,0,65147230,598d140c,1873
30,1,4,13,3,18,419,TRAINING,5,9,0,1,65147320,598d104c,2120
30,1,4,13,3,18,420,TRAINING,0,12,1,7,65147230,598d140c,1685
30,1,4,13,3,18,421,TRAINING,1,8,0,2,65147320,598d104c,1549
30,1,4,13,3,18,422,TRAINING,2,4,1,0,25147360,498d105c,2046
30,1,4,13,3,18,423,TRAINING,4,13,1,3,25143760,498d015c,1580
30,1,4,13,3,18,424,TRAINING,6,5,0,6,25147360,498d105c,1413
30,1,4,13,3,18,425,TEST,0,12,1,1,true,737
30,1,4,13,3,18,426,TEST,5,9,0,0,true,580
30,1,4,13,3,18,427,TEST,3,0,0,0,true,463
30,1,4,13,3,18,428,TEST,2,4,1,1,true,677
30,1,4,13,3,18,429,TEST,7,1,1,1,true,1747
30,1,4,13,3,18,430,TEST,6,5,0,0,true,2036
30,1,4,13,3,18,431,TEST,1,8,0,0,true,667
30,1,4,13,3,18,432,TEST,4,13,1,1,true,594
30,1,4,13,3,19,433,TRAINING,4,13,1,7,01365724,c805914d,6730
30,1,4,13,3,19,434,TRAINING,6,5,0,3,05361724,c905814d,2264
30,1,4,13,3,19,435,TRAINING,5,9,0,6,02361754,c405819d,5318
30,1,4,13,3,19,436,TRAINING,3,0,0,2,01362754,c805419d,2619
30,1,4,13,3,19,437,TRAINING,6,5,0,7,01342756,c80d4195,1710
30,1,4,13,3,19,438,TRAINING,5,9,0,6,07342156,c10d4895,1465
30,1,4,13,3,19,439,TRAINING,1,8,0,5,70342156,1c0d4895,1681
30,1,4,13,3,19,440,TRAINING,0,12,1,1,70432156,1cd04895,2260
30,1,4,13,3,19,441,TRAINING,7,1,1,0,70632154,1c50489d,1766
30,1,4,13,3,19,442,TRAINING,7,1,1,0,70432156,1cd04895,1579
30,1,4,13,3,19,443,TRAINING,2,4,1,4,73402156,10dc4895,1824
30,1,4,13,3,19,444,TRAINING,1,8,0,5,73602154,105c489d,2022
30,1,4,13,3,19,445,TRAINING,2,4,1,4,73502164,109c485d,1617
30,1,4,13,3,19,446,TRAINING,0,12,1,3,37502164,019c485d,1880
30,1,4,13,3,19,447,TRAINING,4,13,1,7,31502764,089c415d,1690
30,1,4,13,3,19,448,TRAINING,3,0,0,5,71502364,189c405d,1273
30,1,4,13,3,19,449,TEST,1,8,0,0,true,1118
30,1,4,13,3,19,450,TEST,2,4,1,1,true,631
30,1,4,13,3,19,451,TEST,5,9,0,0,true,466
30,1,4,13,3,19,452,TEST,6,5,0,1,false,546
30,1,4,13,3,19,453,TEST,4,13,1,0,false,914
30,1,4,13,3,19,454,TEST,0,12,1,1,true,520
30,1,4,13,3,19,455,TEST,7,1,1,0,false,563
30,1,4,13,3,19,456,TEST,3,0,0,0,true,1131
30,1,4,13,3,INSTRUCT,postquestionnaire,1

rulestrategy:I can't explain my approach
howtoimprove:Nope, but I found it most stimulating! 
engagement:10
difficulty:8
physicalaids:no