302,0,2,16,0,INSTRUCT,instruct1,11422
302,0,2,16,0,INSTRUCT,instructCatExample,9471
302,0,2,16,0,INSTRUCT,instructCatColor,6784
302,0,2,16,0,INSTRUCT,instructCatStripe,11628
302,0,2,16,0,INSTRUCT,instructDemoIntro,28705
302,0,2,16,0,INSTRUCT,instructDemo,49216
302,0,2,16,0,INSTRUCT,instructTest,23047
302,0,2,16,0,INSTRUCT,instructTest2,34244
302,0,2,16,0,INSTRUCT,instructDimColor,14341
302,0,2,16,0,INSTRUCT,instructDimBorder,3409
302,0,2,16,0,INSTRUCT,instructDimDots,2586
302,0,2,16,0,INSTRUCT,instructDimStripe,1998
302,0,2,16,0,INSTRUCT,instructDimAll,12945
302,0,2,16,0,INSTRUCT,instructFinal,53823
302,0,2,16,0,1,1,TRAINING,2,4,1,0,21463750,4826cea0,3932
302,0,2,16,0,1,2,TRAINING,3,12,0,4,21473650,482ec6a0,1965
302,0,2,16,0,1,3,TRAINING,7,14,0,1,27413650,4e28c6a0,1880
302,0,2,16,0,1,4,TRAINING,1,8,0,3,27613450,4e68c2a0,2264
302,0,2,16,0,1,5,TRAINING,5,10,1,2,27513460,4ea8c260,1376
302,0,2,16,0,1,6,TRAINING,2,4,1,6,67513420,6ea8c240,4519
302,0,2,16,0,1,7,TRAINING,4,2,1,7,67513024,6ea8c042,1669
302,0,2,16,0,1,8,TRAINING,0,0,1,4,67510324,6ea80c42,1546
302,0,2,16,0,1,9,TRAINING,6,6,0,0,67310524,6ec80a42,955
302,0,2,16,0,1,10,TRAINING,2,4,1,1,62310574,64c80ae2,6164
302,0,2,16,0,1,11,TRAINING,3,12,0,3,62130574,648c0ae2,1399
302,0,2,16,0,1,12,TRAINING,1,8,0,2,72130564,e48c0a62,2106
302,0,2,16,0,1,13,TRAINING,5,10,1,5,02137564,048cea62,1094
302,0,2,16,0,1,14,TRAINING,7,14,0,4,06137524,068cea42,1119
302,0,2,16,0,1,15,TRAINING,6,6,0,1,36107524,c680ea42,4216
302,0,2,16,0,1,16,TRAINING,4,2,1,0,46107523,2680ea4c,1956
302,0,2,16,0,1,17,TEST,3,12,0,1,false,2290
302,0,2,16,0,1,18,TEST,7,14,0,1,false,1063
302,0,2,16,0,1,19,TEST,6,6,0,0,true,1896
302,0,2,16,0,1,20,TEST,2,4,1,0,false,962
302,0,2,16,0,1,21,TEST,0,0,1,0,false,974
302,0,2,16,0,1,22,TEST,1,8,0,1,false,1035
302,0,2,16,0,1,23,TEST,5,10,1,1,true,1250
302,0,2,16,0,1,24,TEST,4,2,1,0,false,731
302,0,2,16,0,2,25,TRAINING,0,0,1,2,72014635,e40826ca,10582
302,0,2,16,0,2,26,TRAINING,2,4,1,1,72014365,e4082c6a,2156
302,0,2,16,0,2,27,TRAINING,4,2,1,4,72064315,e4062c8a,1305
302,0,2,16,0,2,28,TRAINING,6,6,0,3,72064351,e4062ca8,1117
302,0,2,16,0,2,29,TRAINING,7,14,0,5,32064751,c4062ea8,2724
302,0,2,16,0,2,30,TRAINING,5,10,1,6,12064753,84062eac,1291
302,0,2,16,0,2,31,TRAINING,3,12,0,3,12034756,840c2ea6,1366
302,0,2,16,0,2,32,TRAINING,7,14,0,0,72034156,e40c28a6,1286
302,0,2,16,0,2,33,TRAINING,1,8,0,7,72034651,e40c26a8,1595
302,0,2,16,0,2,34,TRAINING,2,4,1,3,73024651,ec0426a8,3336
302,0,2,16,0,2,35,TRAINING,0,0,1,2,43027651,2c04e6a8,971
302,0,2,16,0,2,36,TRAINING,6,6,0,5,47023651,2e04c6a8,1532
302,0,2,16,0,2,37,TRAINING,7,14,0,1,57023641,ae04c628,2510
302,0,2,16,0,2,38,TRAINING,6,6,0,5,57021643,ae04862c,1059
302,0,2,16,0,2,39,TRAINING,3,12,0,0,37021645,ce04862a,1474
302,0,2,16,0,2,40,TRAINING,1,8,0,2,37120645,ce84062a,1652
302,0,2,16,0,2,41,TEST,0,0,1,1,true,1736
302,0,2,16,0,2,42,TEST,2,4,1,1,true,1657
302,0,2,16,0,2,43,TEST,7,14,0,1,false,2901
302,0,2,16,0,2,44,TEST,3,12,0,0,true,884
302,0,2,16,0,2,45,TEST,1,8,0,0,true,827
302,0,2,16,0,2,46,TEST,5,10,1,0,false,927
302,0,2,16,0,2,47,TEST,6,6,0,0,true,1662
302,0,2,16,0,2,48,TEST,4,2,1,1,true,2152
302,0,2,16,0,3,49,TRAINING,4,2,1,0,42173056,248ec0a6,3836
302,0,2,16,0,3,50,TRAINING,0,0,1,5,42173065,248ec06a,1650
302,0,2,16,0,3,51,TRAINING,2,4,1,1,42153067,248ac06e,1187
302,0,2,16,0,3,52,TRAINING,6,6,0,0,62153047,648ac02e,1437
302,0,2,16,0,3,53,TRAINING,7,14,0,7,62453017,642ac08e,6252
302,0,2,16,0,3,54,TRAINING,5,10,1,3,62453107,642ac80e,4124
302,0,2,16,0,3,55,TRAINING,4,2,1,2,60453127,602ac84e,1008
302,0,2,16,0,3,56,TRAINING,1,8,0,6,60453217,602ac48e,1297
302,0,2,16,0,3,57,TRAINING,6,6,0,5,20453617,402ac68e,1438
302,0,2,16,0,3,58,TRAINING,3,12,0,0,30452617,c02a468e,1502
302,0,2,16,0,3,59,TRAINING,5,10,1,3,30457612,c02ae684,4587
302,0,2,16,0,3,60,TRAINING,5,10,1,3,34057612,c20ae684,7878
302,0,2,16,0,3,61,TRAINING,6,6,0,5,34057621,c20ae648,3270
302,0,2,16,0,3,62,TRAINING,2,4,1,1,32057641,c40ae628,1373
302,0,2,16,0,3,63,TRAINING,0,0,1,2,32051647,c40a862e,1163
302,0,2,16,0,3,64,TRAINING,4,2,1,6,32061547,c4068a2e,1276
302,0,2,16,0,3,65,TEST,5,10,1,1,true,2088
302,0,2,16,0,3,66,TEST,2,4,1,0,false,2534
302,0,2,16,0,3,67,TEST,6,6,0,1,false,1093
302,0,2,16,0,3,68,TEST,1,8,0,1,false,2302
302,0,2,16,0,3,69,TEST,4,2,1,0,false,1356
302,0,2,16,0,3,70,TEST,0,0,1,0,false,797
302,0,2,16,0,3,71,TEST,3,12,0,1,false,1266
302,0,2,16,0,3,72,TEST,7,14,0,1,false,730
302,0,2,16,0,4,73,TRAINING,0,0,1,0,02134576,048c2ae6,2180
302,0,2,16,0,4,74,TRAINING,2,4,1,1,02136574,048c6ae2,1231
302,0,2,16,0,4,75,TRAINING,4,2,1,6,02136547,048c6a2e,1231
302,0,2,16,0,4,76,TRAINING,6,6,0,2,02631547,046c8a2e,1453
302,0,2,16,0,4,77,TRAINING,6,6,0,2,02613547,0468ca2e,3738
302,0,2,16,0,4,78,TRAINING,5,10,1,5,02631547,046c8a2e,8042
302,0,2,16,0,4,79,TRAINING,1,8,0,4,20631547,406c8a2e,3893
302,0,2,16,0,4,80,TRAINING,7,14,0,7,60231547,604c8a2e,1187
302,0,2,16,0,4,81,TRAINING,3,12,0,5,60251347,604a8c2e,1833
302,0,2,16,0,4,82,TRAINING,6,6,0,6,40251367,204a8c6e,5582
302,0,2,16,0,4,83,TRAINING,5,10,1,0,50241367,a0428c6e,4468
302,0,2,16,0,4,84,TRAINING,0,0,1,1,50741362,a0e28c64,1680
302,0,2,16,0,4,85,TRAINING,7,14,0,3,50471362,a02e8c64,3439
302,0,2,16,0,4,86,TRAINING,3,12,0,5,50471326,a02e8c46,1887
302,0,2,16,0,4,87,TRAINING,5,10,1,0,52471306,a42e8c06,1862
302,0,2,16,0,4,88,TRAINING,6,6,0,7,57421306,ae248c06,14446
302,0,2,16,0,4,89,TEST,0,0,1,1,true,1132
302,0,2,16,0,4,90,TEST,7,14,0,0,true,10505
302,0,2,16,0,4,91,TEST,3,12,0,0,true,1144
302,0,2,16,0,4,92,TEST,1,8,0,0,true,734
302,0,2,16,0,4,93,TEST,2,4,1,1,true,1238
302,0,2,16,0,4,94,TEST,4,2,1,0,false,1250
302,0,2,16,0,4,95,TEST,6,6,0,1,false,633
302,0,2,16,0,4,96,TEST,5,10,1,1,true,2396
302,0,2,16,0,5,97,TRAINING,6,6,0,7,50742316,a0e24c86,3024
302,0,2,16,0,5,98,TRAINING,0,0,1,3,54702316,a2e04c86,4812
302,0,2,16,0,5,99,TRAINING,4,2,1,1,24705316,42e0ac86,959
302,0,2,16,0,5,100,TRAINING,2,4,1,6,14705326,82e0ac46,1450
302,0,2,16,0,5,101,TRAINING,6,6,0,7,34705126,c2e0a846,1315
302,0,2,16,0,5,102,TRAINING,5,10,1,4,31705426,c8e0a246,4097
302,0,2,16,0,5,103,TRAINING,1,8,0,1,01735426,08eca246,1614
302,0,2,16,0,5,104,TRAINING,7,14,0,0,71035426,e80ca246,2622
302,0,2,16,0,5,105,TRAINING,3,12,0,3,71034526,e80c2a46,1567
302,0,2,16,0,5,106,TRAINING,6,6,0,5,71034625,e80c264a,6220
302,0,2,16,0,5,107,TRAINING,5,10,1,7,71234605,e84c260a,1566
302,0,2,16,0,5,108,TRAINING,5,10,1,7,71243605,e842c60a,1338
302,0,2,16,0,5,109,TRAINING,6,6,0,4,71246305,e8426c0a,1221
302,0,2,16,0,5,110,TRAINING,5,10,1,7,71426305,e8246c0a,1348
302,0,2,16,0,5,111,TRAINING,6,6,0,4,71406325,e8206c4a,1365
302,0,2,16,0,5,112,TRAINING,5,10,1,7,71436025,e82c604a,1333
302,0,2,16,0,5,113,TEST,5,10,1,1,true,2745
302,0,2,16,0,5,114,TEST,1,8,0,0,true,1348
302,0,2,16,0,5,115,TEST,3,12,0,0,true,749
302,0,2,16,0,5,116,TEST,6,6,0,1,false,2354
302,0,2,16,0,5,117,TEST,0,0,1,1,true,1017
302,0,2,16,0,5,118,TEST,4,2,1,1,true,903
302,0,2,16,0,5,119,TEST,7,14,0,0,true,1062
302,0,2,16,0,5,120,TEST,2,4,1,1,true,976
302,0,2,16,0,6,121,TRAINING,7,14,0,4,05147623,0a82e64c,2815
302,0,2,16,0,6,122,TRAINING,5,10,1,1,35147620,ca82e640,1312
302,0,2,16,0,6,123,TRAINING,7,14,0,4,35167420,ca86e240,1426
302,0,2,16,0,6,124,TRAINING,5,10,1,1,65137420,6a8ce240,1325
302,0,2,16,0,6,125,TRAINING,6,6,0,5,45137620,2a8ce640,1368
302,0,2,16,0,6,126,TRAINING,6,6,0,5,45731620,2aec8640,1228
302,0,2,16,0,6,127,TRAINING,6,6,0,5,45713620,2ae8c640,1178
302,0,2,16,0,6,128,TRAINING,5,10,1,1,75413620,ea28c640,1263
302,0,2,16,0,6,129,TRAINING,5,10,1,1,75412630,ea2846c0,1032
302,0,2,16,0,6,130,TRAINING,6,6,0,5,15472630,8a2e46c0,1222
302,0,2,16,0,6,131,TRAINING,6,6,0,5,15432670,8a2c46e0,1031
302,0,2,16,0,6,132,TRAINING,5,10,1,1,15234670,8a4c26e0,1421
302,0,2,16,0,6,133,TRAINING,6,6,0,5,15734620,8aec2640,1011
302,0,2,16,0,6,134,TRAINING,5,10,1,1,35714620,cae82640,1131
302,0,2,16,0,6,135,TRAINING,6,6,0,5,35417620,ca28e640,1966
302,0,2,16,0,6,136,TRAINING,5,10,1,1,35427610,ca24e680,999
302,0,2,16,0,6,137,TEST,6,6,0,0,true,3666
302,0,2,16,0,6,138,TEST,4,2,1,1,true,1259
302,0,2,16,0,6,139,TEST,1,8,0,0,true,1494
302,0,2,16,0,6,140,TEST,0,0,1,1,true,1126
302,0,2,16,0,6,141,TEST,5,10,1,1,true,1762
302,0,2,16,0,6,142,TEST,7,14,0,0,true,1086
302,0,2,16,0,6,143,TEST,2,4,1,1,true,1074
302,0,2,16,0,6,144,TEST,3,12,0,0,true,1237
302,0,2,16,0,7,145,TRAINING,0,0,1,6,13657204,8c6ae402,4157
302,0,2,16,0,7,146,TRAINING,4,2,1,7,23657104,4c6ae802,1570
302,0,2,16,0,7,147,TRAINING,6,6,0,3,23567104,4ca6e802,1460
302,0,2,16,0,7,148,TRAINING,2,4,1,6,03567124,0ca6e842,2418
302,0,2,16,0,7,149,TRAINING,1,8,0,2,03167524,0c86ea42,1297
302,0,2,16,0,7,150,TRAINING,5,10,1,1,05167324,0a86ec42,1561
302,0,2,16,0,7,151,TRAINING,3,12,0,5,05167342,0a86ec24,1286
302,0,2,16,0,7,152,TRAINING,7,14,0,4,05127346,0a84ec26,1010
302,0,2,16,0,7,153,TRAINING,5,10,1,1,05167342,0a86ec24,1114
302,0,2,16,0,7,154,TRAINING,6,6,0,3,05367142,0ac6e824,1363
302,0,2,16,0,7,155,TRAINING,5,10,1,1,05167342,0a86ec24,1176
302,0,2,16,0,7,156,TRAINING,6,6,0,3,35167042,ca86e024,1333
302,0,2,16,0,7,157,TRAINING,5,10,1,1,75163042,ea86c024,1544
302,0,2,16,0,7,158,TRAINING,6,6,0,3,75361042,eac68024,1349
302,0,2,16,0,7,159,TRAINING,5,10,1,1,45361072,2ac680e4,1271
302,0,2,16,0,7,160,TRAINING,6,6,0,3,45361270,2ac684e0,1168
302,0,2,16,0,7,161,TEST,0,0,1,1,true,1463
302,0,2,16,0,7,162,TEST,3,12,0,0,true,2577
302,0,2,16,0,7,163,TEST,7,14,0,0,true,1784
302,0,2,16,0,7,164,TEST,2,4,1,1,true,1536
302,0,2,16,0,7,165,TEST,4,2,1,1,true,1363
302,0,2,16,0,7,166,TEST,5,10,1,1,true,4054
302,0,2,16,0,7,167,TEST,6,6,0,0,true,2526
302,0,2,16,0,7,168,TEST,1,8,0,0,true,1273
302,0,2,16,0,INSTRUCT,postquestionnaire,4

rulestrategy:All the purples are B, except the dotted striped one. all the blues are A, except the dotted one.
howtoimprove:NO
engagement:10
difficulty:7
physicalaids:no