305,1,3,23,3,INSTRUCT,instruct1,30202
305,1,3,23,3,INSTRUCT,instructCatExample,17157
305,1,3,23,3,INSTRUCT,instructCatColor,10556
305,1,3,23,3,INSTRUCT,instructCatStripe,15521
305,1,3,23,3,INSTRUCT,instructDemoIntro,113391
305,1,3,23,3,INSTRUCT,instructDemo,159757
305,1,3,23,3,INSTRUCT,instructTest,55329
305,1,3,23,3,INSTRUCT,instructTest2,36230
305,1,3,23,3,INSTRUCT,instructDimColor,27097
305,1,3,23,3,INSTRUCT,instructDimBorder,16318
305,1,3,23,3,INSTRUCT,instructDimDots,9939
305,1,3,23,3,INSTRUCT,instructDimStripe,17797
305,1,3,23,3,INSTRUCT,instructDimAll,28347
305,1,3,23,3,INSTRUCT,instructFinal,16509
305,1,3,23,3,1,1,TRAINING,5,6,0,2,04561327,37652014,13132
305,1,3,23,3,1,2,TRAINING,0,3,1,0,04571326,37642015,9483
305,1,3,23,3,1,3,TRAINING,3,0,0,5,06571324,35642017,7274
305,1,3,23,3,1,4,TRAINING,0,3,1,0,06541327,35672014,10418
305,1,3,23,3,1,5,TRAINING,4,7,1,3,06541372,35672041,8250
305,1,3,23,3,1,6,TRAINING,1,2,1,4,06241375,35172046,6798
305,1,3,23,3,1,7,TRAINING,5,6,0,7,60241375,53172046,6880
305,1,3,23,3,1,8,TRAINING,4,7,1,3,67241305,54172036,8187
305,1,3,23,3,1,9,TRAINING,7,4,0,2,62741305,51472036,3801
305,1,3,23,3,1,10,TRAINING,2,1,1,1,52741306,61472035,3074
305,1,3,23,3,1,11,TRAINING,1,2,1,0,12745306,21476035,7013
305,1,3,23,3,1,12,TRAINING,7,4,0,5,12345706,21076435,6002
305,1,3,23,3,1,13,TRAINING,6,5,0,7,12305746,21036475,7436
305,1,3,23,3,1,14,TRAINING,2,1,1,4,15302746,26031475,5917
305,1,3,23,3,1,15,TRAINING,6,5,0,7,51302746,62031475,7456
305,1,3,23,3,1,16,TRAINING,3,0,0,2,54302716,67031425,5824
305,1,3,23,3,1,17,TEST,1,2,1,1,true,8857
305,1,3,23,3,1,18,TEST,4,7,1,0,false,2866
305,1,3,23,3,1,19,TEST,0,3,1,0,false,3051
305,1,3,23,3,1,20,TEST,6,5,0,0,true,2478
305,1,3,23,3,1,21,TEST,3,0,0,1,false,1560
305,1,3,23,3,1,22,TEST,7,4,0,1,false,1025
305,1,3,23,3,1,23,TEST,5,6,0,1,false,2443
305,1,3,23,3,1,24,TEST,2,1,1,0,false,1802
305,1,3,23,3,2,25,TRAINING,2,1,1,2,34276150,07145263,8227
305,1,3,23,3,2,26,TRAINING,1,2,1,5,34267150,07154263,8133
305,1,3,23,3,2,27,TRAINING,5,6,0,4,34265170,07156243,6403
305,1,3,23,3,2,28,TRAINING,6,5,0,3,04265173,37156240,4930
305,1,3,23,3,2,29,TRAINING,0,3,1,0,02465173,31756240,3038
305,1,3,23,3,2,30,TRAINING,4,7,1,2,02465137,31756204,2648
305,1,3,23,3,2,31,TRAINING,5,6,0,4,02465731,31756402,2927
305,1,3,23,3,2,32,TRAINING,3,0,0,3,02435761,31706452,6277
305,1,3,23,3,2,33,TRAINING,7,4,0,5,02635741,31506472,12022
305,1,3,23,3,2,34,TRAINING,7,4,0,5,02635714,31506427,7725
305,1,3,23,3,2,35,TRAINING,3,0,0,7,02645713,31576420,7122
305,1,3,23,3,2,36,TRAINING,4,7,1,2,02465713,31756420,23389
305,1,3,23,3,2,37,TRAINING,1,2,1,1,01465723,32756410,3739
305,1,3,23,3,2,38,TRAINING,6,5,0,7,01435726,32706415,3805
305,1,3,23,3,2,39,TRAINING,2,1,1,0,21435706,12706435,3546
305,1,3,23,3,2,40,TRAINING,0,3,1,3,21405736,12736405,13617
305,1,3,23,3,2,41,TEST,5,6,0,1,false,3011
305,1,3,23,3,2,42,TEST,2,1,1,0,false,1872
305,1,3,23,3,2,43,TEST,7,4,0,1,false,1198
305,1,3,23,3,2,44,TEST,4,7,1,0,false,1508
305,1,3,23,3,2,45,TEST,6,5,0,1,false,1327
305,1,3,23,3,2,46,TEST,1,2,1,0,false,1136
305,1,3,23,3,2,47,TEST,3,0,0,1,false,1716
305,1,3,23,3,2,48,TEST,0,3,1,0,false,3670
305,1,3,23,3,3,49,TRAINING,7,4,0,7,41320657,72013564,16396
305,1,3,23,3,3,50,TRAINING,0,3,1,4,51320647,62013574,4430
305,1,3,23,3,3,51,TRAINING,3,0,0,2,21350647,12063574,6342
305,1,3,23,3,3,52,TRAINING,5,6,0,1,25310647,16023574,3888
305,1,3,23,3,3,53,TRAINING,1,2,1,3,25310746,16023475,5612
305,1,3,23,3,3,54,TRAINING,1,2,1,3,25310764,16023457,3945
305,1,3,23,3,3,55,TRAINING,7,4,0,5,25316704,16025437,2697
305,1,3,23,3,3,56,TRAINING,6,5,0,2,25613704,16520437,9023
305,1,3,23,3,3,57,TRAINING,6,5,0,2,25631704,16502437,2589
305,1,3,23,3,3,58,TRAINING,0,3,1,6,45631702,76502431,3933
305,1,3,23,3,3,59,TRAINING,2,1,1,7,45637102,76504231,6741
305,1,3,23,3,3,60,TRAINING,3,0,0,3,41637502,72504631,3150
305,1,3,23,3,3,61,TRAINING,5,6,0,5,40637512,73504621,3108
305,1,3,23,3,3,62,TRAINING,4,7,1,0,42637510,71504623,4154
305,1,3,23,3,3,63,TRAINING,2,1,1,6,41637520,72504613,4909
305,1,3,23,3,3,64,TRAINING,4,7,1,0,47631520,74502613,3485
305,1,3,23,3,3,65,TEST,7,4,0,0,true,2735
305,1,3,23,3,3,66,TEST,4,7,1,1,true,1870
305,1,3,23,3,3,67,TEST,2,1,1,1,true,829
305,1,3,23,3,3,68,TEST,3,0,0,0,true,1400
305,1,3,23,3,3,69,TEST,0,3,1,1,true,1183
305,1,3,23,3,3,70,TEST,1,2,1,0,false,1133
305,1,3,23,3,3,71,TEST,6,5,0,1,false,989
305,1,3,23,3,3,72,TEST,5,6,0,0,true,1544
305,1,3,23,3,4,73,TRAINING,5,6,0,1,05417263,36724150,10538
305,1,3,23,3,4,74,TRAINING,7,4,0,4,05417362,36724051,4493
305,1,3,23,3,4,75,TRAINING,1,2,1,3,25417360,16724053,7092
305,1,3,23,3,4,76,TRAINING,5,6,0,6,26417350,15724063,2455
305,1,3,23,3,4,77,TRAINING,2,1,1,5,36417250,05724163,2153
305,1,3,23,3,4,78,TRAINING,6,5,0,4,37416250,04725163,1980
305,1,3,23,3,4,79,TRAINING,4,7,1,2,30416257,03725164,7764
305,1,3,23,3,4,80,TRAINING,0,3,1,6,35416207,06725134,2760
305,1,3,23,3,4,81,TRAINING,0,3,1,6,32416507,01725634,2076
305,1,3,23,3,4,82,TRAINING,2,1,1,1,32415607,01726534,5224
305,1,3,23,3,4,83,TRAINING,1,2,1,3,42315607,71026534,3352
305,1,3,23,3,4,84,TRAINING,3,0,0,5,42615307,71526034,3102
305,1,3,23,3,4,85,TRAINING,7,4,0,7,42610357,71523064,2307
305,1,3,23,3,4,86,TRAINING,4,7,1,6,52610347,61523074,2977
305,1,3,23,3,4,87,TRAINING,3,0,0,0,32610547,01523674,6532
305,1,3,23,3,4,88,TRAINING,6,5,0,4,32016547,01325674,7786
305,1,3,23,3,4,89,TEST,3,0,0,0,true,2044
305,1,3,23,3,4,90,TEST,4,7,1,1,true,1326
305,1,3,23,3,4,91,TEST,5,6,0,0,true,2249
305,1,3,23,3,4,92,TEST,1,2,1,0,false,1728
305,1,3,23,3,4,93,TEST,7,4,0,0,true,1145
305,1,3,23,3,4,94,TEST,6,5,0,1,false,2749
305,1,3,23,3,4,95,TEST,0,3,1,1,true,868
305,1,3,23,3,4,96,TEST,2,1,1,0,false,3149
305,1,3,23,3,5,97,TRAINING,4,7,1,4,17534206,24607135,2653
305,1,3,23,3,5,98,TRAINING,6,5,0,7,13574206,20647135,4177
305,1,3,23,3,5,99,TRAINING,5,6,0,6,13074256,20347165,5381
305,1,3,23,3,5,100,TRAINING,1,2,1,0,13470256,20743165,2769
305,1,3,23,3,5,101,TRAINING,0,3,1,4,17430256,24703165,6131
305,1,3,23,3,5,102,TRAINING,0,3,1,4,17630254,24503167,2139
305,1,3,23,3,5,103,TRAINING,3,0,0,5,17620354,24513067,2369
305,1,3,23,3,5,104,TRAINING,4,7,1,1,14620357,27513064,2407
305,1,3,23,3,5,105,TRAINING,5,6,0,6,24610357,17523064,3134
305,1,3,23,3,5,106,TRAINING,3,0,0,3,24630157,17503264,2693
305,1,3,23,3,5,107,TRAINING,7,4,0,7,24130657,17203564,3366
305,1,3,23,3,5,108,TRAINING,7,4,0,7,20134657,13207564,2175
305,1,3,23,3,5,109,TRAINING,1,2,1,3,20314657,13027564,13515
305,1,3,23,3,5,110,TRAINING,2,1,1,0,20314567,13027654,2792
305,1,3,23,3,5,111,TRAINING,6,5,0,6,20317564,13024657,3442
305,1,3,23,3,5,112,TRAINING,2,1,1,0,23017564,10324657,2576
305,1,3,23,3,5,113,TEST,4,7,1,0,false,1566
305,1,3,23,3,5,114,TEST,2,1,1,0,false,780
305,1,3,23,3,5,115,TEST,6,5,0,0,true,820
305,1,3,23,3,5,116,TEST,3,0,0,1,false,1010
305,1,3,23,3,5,117,TEST,5,6,0,1,false,647
305,1,3,23,3,5,118,TEST,7,4,0,1,false,829
305,1,3,23,3,5,119,TEST,0,3,1,0,false,1561
305,1,3,23,3,5,120,TEST,1,2,1,1,true,1109
305,1,3,23,3,6,121,TRAINING,2,1,1,5,14537206,27604135,2475
305,1,3,23,3,6,122,TRAINING,2,1,1,5,14507236,27634105,2413
305,1,3,23,3,6,123,TRAINING,3,0,0,6,14570236,27643105,3841
305,1,3,23,3,6,124,TRAINING,5,6,0,2,14576230,27645103,3659
305,1,3,23,3,6,125,TRAINING,1,2,1,0,10576234,23645107,3293
305,1,3,23,3,6,126,TRAINING,5,6,0,2,10576243,23645170,2612
305,1,3,23,3,6,127,TRAINING,4,7,1,4,10574263,23647150,3319
305,1,3,23,3,6,128,TRAINING,0,3,1,1,10564273,23657140,2333
305,1,3,23,3,6,129,TRAINING,7,4,0,6,10524673,23617540,3694
305,1,3,23,3,6,130,TRAINING,0,3,1,1,60524173,53617240,2610
305,1,3,23,3,6,131,TRAINING,7,4,0,6,60425173,53716240,2378
305,1,3,23,3,6,132,TRAINING,6,5,0,7,30425176,03716245,2700
305,1,3,23,3,6,133,TRAINING,1,2,1,5,03425176,30716245,2429
305,1,3,23,3,6,134,TRAINING,4,7,1,0,43025176,70316245,3172
305,1,3,23,3,6,135,TRAINING,6,5,0,7,43052176,70361245,2550
305,1,3,23,3,6,136,TRAINING,3,0,0,1,43052716,70361425,2818
305,1,3,23,3,6,137,TEST,0,3,1,0,false,3050
305,1,3,23,3,6,138,TEST,6,5,0,0,true,1183
305,1,3,23,3,6,139,TEST,3,0,0,1,false,1087
305,1,3,23,3,6,140,TEST,4,7,1,0,false,8954
305,1,3,23,3,6,141,TEST,5,6,0,1,false,2724
305,1,3,23,3,6,142,TEST,2,1,1,0,false,1766
305,1,3,23,3,6,143,TEST,7,4,0,1,false,3550
305,1,3,23,3,6,144,TEST,1,2,1,1,true,803
305,1,3,23,3,7,145,TRAINING,6,5,0,5,21570634,12643507,6229
305,1,3,23,3,7,146,TRAINING,1,2,1,1,21540637,12673504,3571
305,1,3,23,3,7,147,TRAINING,1,2,1,1,51240637,62173504,1798
305,1,3,23,3,7,148,TRAINING,4,7,1,3,51340627,62073514,2281
305,1,3,23,3,7,149,TRAINING,6,5,0,5,51740623,62473510,2453
305,1,3,23,3,7,150,TRAINING,0,3,1,4,31740625,02473516,2469
305,1,3,23,3,7,151,TRAINING,7,4,0,0,71340625,42073516,5961
305,1,3,23,3,7,152,TRAINING,7,4,0,0,71320645,42013576,11124
305,1,3,23,3,7,153,TRAINING,3,0,0,2,75320641,46013572,3539
305,1,3,23,3,7,154,TRAINING,4,7,1,7,75320614,46013527,4046
305,1,3,23,3,7,155,TRAINING,0,3,1,4,25370614,16043527,3110
305,1,3,23,3,7,156,TRAINING,3,0,0,3,25730614,16403527,3383
305,1,3,23,3,7,157,TRAINING,5,6,0,1,65730214,56403127,2531
305,1,3,23,3,7,158,TRAINING,2,1,1,5,65130274,56203147,5574
305,1,3,23,3,7,159,TRAINING,2,1,1,5,65031274,56302147,2794
305,1,3,23,3,7,160,TRAINING,5,6,0,0,56031274,65302147,3265
305,1,3,23,3,7,161,TEST,3,0,0,0,true,11514
305,1,3,23,3,7,162,TEST,6,5,0,1,false,13474
305,1,3,23,3,7,163,TEST,7,4,0,0,true,6818
305,1,3,23,3,7,164,TEST,4,7,1,1,true,2942
305,1,3,23,3,7,165,TEST,2,1,1,1,true,915
305,1,3,23,3,7,166,TEST,0,3,1,1,true,1014
305,1,3,23,3,7,167,TEST,1,2,1,0,false,1169
305,1,3,23,3,7,168,TEST,5,6,0,0,true,731
305,1,3,23,3,8,169,TRAINING,2,1,1,2,37205416,04136725,32452
305,1,3,23,3,8,170,TRAINING,6,5,0,7,17205436,24136705,2271
305,1,3,23,3,8,171,TRAINING,7,4,0,1,17235406,24106735,2177
305,1,3,23,3,8,172,TRAINING,1,2,1,6,07235416,34106725,2173
305,1,3,23,3,8,173,TRAINING,2,1,1,2,07234516,34107625,2614
305,1,3,23,3,8,174,TRAINING,6,5,0,4,07236514,34105627,2626
305,1,3,23,3,8,175,TRAINING,3,0,0,5,07256314,34165027,2586
305,1,3,23,3,8,176,TRAINING,5,6,0,3,47256310,74165023,3393
305,1,3,23,3,8,177,TRAINING,7,4,0,1,47156320,74265013,2064
305,1,3,23,3,8,178,TRAINING,5,6,0,3,47153620,74260513,2332
305,1,3,23,3,8,179,TRAINING,0,3,1,2,47053621,74360512,1970
305,1,3,23,3,8,180,TRAINING,1,2,1,1,41053627,72360514,2151
305,1,3,23,3,8,181,TRAINING,4,7,1,6,21053647,12360574,2527
305,1,3,23,3,8,182,TRAINING,0,3,1,2,31052647,02361574,2735
305,1,3,23,3,8,183,TRAINING,4,7,1,6,51032647,62301574,2988
305,1,3,23,3,8,184,TRAINING,3,0,0,0,31052647,02361574,2187
305,1,3,23,3,8,185,TEST,4,7,1,1,true,1597
305,1,3,23,3,8,186,TEST,3,0,0,0,true,1352
305,1,3,23,3,8,187,TEST,1,2,1,0,false,1155
305,1,3,23,3,8,188,TEST,2,1,1,1,true,1050
305,1,3,23,3,8,189,TEST,5,6,0,0,true,1390
305,1,3,23,3,8,190,TEST,6,5,0,1,false,2652
305,1,3,23,3,8,191,TEST,7,4,0,0,true,2616
305,1,3,23,3,8,192,TEST,0,3,1,1,true,1119
305,1,3,23,3,9,193,TRAINING,5,6,0,2,40521367,73612054,12567
305,1,3,23,3,9,194,TRAINING,5,6,0,2,70521364,43612057,1760
305,1,3,23,3,9,195,TRAINING,0,3,1,1,70531264,43602157,2099
305,1,3,23,3,9,196,TRAINING,0,3,1,1,20531764,13602457,1933
305,1,3,23,3,9,197,TRAINING,7,4,0,5,30521764,03612457,2089
305,1,3,23,3,9,198,TRAINING,3,0,0,0,30421765,03712456,2601
305,1,3,23,3,9,199,TRAINING,2,1,1,6,30461725,03752416,2563
305,1,3,23,3,9,200,TRAINING,2,1,1,6,30164725,03257416,1602
305,1,3,23,3,9,201,TRAINING,6,5,0,2,30614725,03527416,3038
305,1,3,23,3,9,202,TRAINING,3,0,0,5,70614325,43527016,2154
305,1,3,23,3,9,203,TRAINING,7,4,0,6,20614375,13527046,2115
305,1,3,23,3,9,204,TRAINING,1,2,1,4,20641375,13572046,2403
305,1,3,23,3,9,205,TRAINING,4,7,1,3,26041375,15372046,2444
305,1,3,23,3,9,206,TRAINING,4,7,1,3,26041357,15372064,2092
305,1,3,23,3,9,207,TRAINING,6,5,0,1,76041352,45372061,2248
305,1,3,23,3,9,208,TRAINING,1,2,1,6,76045312,45376021,2177
305,1,3,23,3,9,209,TEST,1,2,1,1,true,1584
305,1,3,23,3,9,210,TEST,7,4,0,0,true,1291
305,1,3,23,3,9,211,TEST,4,7,1,1,true,1061
305,1,3,23,3,9,212,TEST,3,0,0,0,true,927
305,1,3,23,3,9,213,TEST,2,1,1,0,false,1425
305,1,3,23,3,9,214,TEST,6,5,0,0,true,1496
305,1,3,23,3,9,215,TEST,5,6,0,1,false,1367
305,1,3,23,3,9,216,TEST,0,3,1,1,true,803
305,1,3,23,3,10,217,TRAINING,3,0,0,0,32675410,01546723,2771
305,1,3,23,3,10,218,TRAINING,2,1,1,1,32674510,01547623,2281
305,1,3,23,3,10,219,TRAINING,4,7,1,4,32654710,01567423,2271
305,1,3,23,3,10,220,TRAINING,5,6,0,3,12654730,21567403,2830
305,1,3,23,3,10,221,TRAINING,2,1,1,1,12054736,21367405,2177
305,1,3,23,3,10,222,TRAINING,0,3,1,2,12053746,21360475,2468
305,1,3,23,3,10,223,TRAINING,4,7,1,3,12043756,21370465,2090
305,1,3,23,3,10,224,TRAINING,6,5,0,4,12046753,21375460,2404
305,1,3,23,3,10,225,TRAINING,6,5,0,4,12546703,21675430,1930
305,1,3,23,3,10,226,TRAINING,1,2,1,0,12346705,21075436,2695
305,1,3,23,3,10,227,TRAINING,7,4,0,5,12046735,21375406,2941
305,1,3,23,3,10,228,TRAINING,5,6,0,7,14026735,27315406,2262
305,1,3,23,3,10,229,TRAINING,0,3,1,2,24016735,17325406,2345
305,1,3,23,3,10,230,TRAINING,1,2,1,3,64012735,57321406,2684
305,1,3,23,3,10,231,TRAINING,7,4,0,4,64017235,57324106,2978
305,1,3,23,3,10,232,TRAINING,3,0,0,1,63017245,50324176,2639
305,1,3,23,3,10,233,TEST,1,2,1,0,false,5172
305,1,3,23,3,10,234,TEST,0,3,1,1,true,963
305,1,3,23,3,10,235,TEST,6,5,0,1,false,867
305,1,3,23,3,10,236,TEST,4,7,1,1,true,1071
305,1,3,23,3,10,237,TEST,3,0,0,0,true,954
305,1,3,23,3,10,238,TEST,7,4,0,0,true,587
305,1,3,23,3,10,239,TEST,2,1,1,1,true,1025
305,1,3,23,3,10,240,TEST,5,6,0,0,true,1584
305,1,3,23,3,11,241,TRAINING,4,7,1,6,53127046,60214375,2325
305,1,3,23,3,11,242,TRAINING,7,4,0,4,63127045,50214376,4250
305,1,3,23,3,11,243,TRAINING,3,0,0,5,60127345,53214076,1957
305,1,3,23,3,11,244,TRAINING,0,3,1,0,06127345,35214076,2020
305,1,3,23,3,11,245,TRAINING,1,2,1,2,06172345,35241076,2175
305,1,3,23,3,11,246,TRAINING,5,6,0,7,06127345,35214076,2393
305,1,3,23,3,11,247,TRAINING,4,7,1,5,06127435,35214706,2034
305,1,3,23,3,11,248,TRAINING,0,3,1,0,07126435,34215706,2026
305,1,3,23,3,11,249,TRAINING,6,5,0,7,07125436,34216705,2659
305,1,3,23,3,11,250,TRAINING,5,6,0,1,05127436,36214705,2189
305,1,3,23,3,11,251,TRAINING,2,1,1,3,05427136,36714205,2990
305,1,3,23,3,11,252,TRAINING,2,1,1,3,05427631,36714502,1531
305,1,3,23,3,11,253,TRAINING,6,5,0,5,03427651,30714562,2367
305,1,3,23,3,11,254,TRAINING,3,0,0,1,03427615,30714526,2284
305,1,3,23,3,11,255,TRAINING,7,4,0,7,03425617,30716524,2927
305,1,3,23,3,11,256,TRAINING,1,2,1,2,03125647,30216574,2297
305,1,3,23,3,11,257,TEST,1,2,1,0,false,925
305,1,3,23,3,11,258,TEST,2,1,1,1,true,890
305,1,3,23,3,11,259,TEST,6,5,0,1,false,563
305,1,3,23,3,11,260,TEST,7,4,0,0,true,1072
305,1,3,23,3,11,261,TEST,3,0,0,0,true,564
305,1,3,23,3,11,262,TEST,4,7,1,1,true,1109
305,1,3,23,3,11,263,TEST,5,6,0,0,true,962
305,1,3,23,3,11,264,TEST,0,3,1,1,true,830
305,1,3,23,3,12,265,TRAINING,1,2,1,4,73421560,40712653,4417
305,1,3,23,3,12,266,TRAINING,4,7,1,7,73021564,40312657,2656
305,1,3,23,3,12,267,TRAINING,5,6,0,5,23071564,10342657,2394
305,1,3,23,3,12,268,TRAINING,0,3,1,3,23701564,10432657,2674
305,1,3,23,3,12,269,TRAINING,4,7,1,7,27301564,14032657,2952
305,1,3,23,3,12,270,TRAINING,1,2,1,2,27103564,14230657,2188
305,1,3,23,3,12,271,TRAINING,2,1,1,0,27103654,14230567,2467
305,1,3,23,3,12,272,TRAINING,2,1,1,0,23107654,10234567,1644
305,1,3,23,3,12,273,TRAINING,5,6,0,6,23147650,10274563,2163
305,1,3,23,3,12,274,TRAINING,7,4,0,4,23047651,10374562,2297
305,1,3,23,3,12,275,TRAINING,7,4,0,4,23067451,10354762,1798
305,1,3,23,3,12,276,TRAINING,6,5,0,6,23057461,10364752,1835
305,1,3,23,3,12,277,TRAINING,6,5,0,6,03257461,30164752,1533
305,1,3,23,3,12,278,TRAINING,0,3,1,0,01257463,32164750,2164
305,1,3,23,3,12,279,TRAINING,3,0,0,7,01254763,32167450,2931
305,1,3,23,3,12,280,TRAINING,3,0,0,7,07254163,34167250,1640
305,1,3,23,3,12,281,TEST,5,6,0,0,true,1267
305,1,3,23,3,12,282,TEST,3,0,0,0,true,1037
305,1,3,23,3,12,283,TEST,2,1,1,1,true,1108
305,1,3,23,3,12,284,TEST,1,2,1,0,false,1110
305,1,3,23,3,12,285,TEST,7,4,0,0,true,1012
305,1,3,23,3,12,286,TEST,6,5,0,1,false,965
305,1,3,23,3,12,287,TEST,4,7,1,1,true,633
305,1,3,23,3,12,288,TEST,0,3,1,1,true,577
305,1,3,23,3,13,289,TRAINING,5,6,0,3,73154062,40267351,2081
305,1,3,23,3,13,290,TRAINING,7,4,0,4,43157062,70264351,2146
305,1,3,23,3,13,291,TRAINING,5,6,0,3,43657012,70564321,2284
305,1,3,23,3,13,292,TRAINING,3,0,0,2,46357012,75064321,1909
305,1,3,23,3,13,293,TRAINING,0,3,1,5,46352017,75061324,2445
305,1,3,23,3,13,294,TRAINING,0,3,1,5,47352016,74061325,1486
305,1,3,23,3,13,295,TRAINING,6,5,0,7,47351026,74062315,2236
305,1,3,23,3,13,296,TRAINING,4,7,1,0,47352016,74061325,2249
305,1,3,23,3,13,297,TRAINING,6,5,0,7,47152036,74261305,2343
305,1,3,23,3,13,298,TRAINING,3,0,0,3,47132056,74201365,2323
305,1,3,23,3,13,299,TRAINING,2,1,1,4,17432056,24701365,3015
305,1,3,23,3,13,300,TRAINING,2,1,1,4,10432756,23701465,3262
305,1,3,23,3,13,301,TRAINING,1,2,1,0,10632754,23501467,2383
305,1,3,23,3,13,302,TRAINING,7,4,0,5,10432756,23701465,2401
305,1,3,23,3,13,303,TRAINING,4,7,1,2,10452736,23761405,2433
305,1,3,23,3,13,304,TRAINING,1,2,1,7,60452731,53761402,2212
305,1,3,23,3,13,305,TEST,7,4,0,0,true,1221
305,1,3,23,3,13,306,TEST,0,3,1,1,true,1059
305,1,3,23,3,13,307,TEST,3,0,0,0,true,939
305,1,3,23,3,13,308,TEST,2,1,1,1,true,1024
305,1,3,23,3,13,309,TEST,4,7,1,1,true,610
305,1,3,23,3,13,310,TEST,6,5,0,1,false,785
305,1,3,23,3,13,311,TEST,5,6,0,0,true,976
305,1,3,23,3,13,312,TEST,1,2,1,0,false,1205
305,1,3,23,3,14,313,TRAINING,3,0,0,3,51034276,62307145,4644
305,1,3,23,3,14,314,TRAINING,2,1,1,5,56034271,65307142,2657
305,1,3,23,3,14,315,TRAINING,6,5,0,6,57034261,64307152,2091
305,1,3,23,3,14,316,TRAINING,4,7,1,1,54037261,67304152,2270
305,1,3,23,3,14,317,TRAINING,3,0,0,0,34057261,07364152,1995
305,1,3,23,3,14,318,TRAINING,1,2,1,7,34057621,07364512,2382
305,1,3,23,3,14,319,TRAINING,7,4,0,4,34507621,07634512,2247
305,1,3,23,3,14,320,TRAINING,0,3,1,2,34057621,07364512,2251
305,1,3,23,3,14,321,TRAINING,0,3,1,2,43057621,70364512,1725
305,1,3,23,3,14,322,TRAINING,7,4,0,4,43057126,70364215,1954
305,1,3,23,3,14,323,TRAINING,2,1,1,3,43027156,70314265,2641
305,1,3,23,3,14,324,TRAINING,5,6,0,6,40327156,73014265,2334
305,1,3,23,3,14,325,TRAINING,4,7,1,0,40327651,73014562,2166
305,1,3,23,3,14,326,TRAINING,6,5,0,3,40367251,73054162,2041
305,1,3,23,3,14,327,TRAINING,5,6,0,6,40267351,73154062,2343
305,1,3,23,3,14,328,TRAINING,1,2,1,7,04267351,37154062,2200
305,1,3,23,3,14,329,TEST,4,7,1,1,true,1417
305,1,3,23,3,14,330,TEST,5,6,0,0,true,1085
305,1,3,23,3,14,331,TEST,3,0,0,0,true,1098
305,1,3,23,3,14,332,TEST,0,3,1,1,true,939
305,1,3,23,3,14,333,TEST,7,4,0,0,true,1145
305,1,3,23,3,14,334,TEST,1,2,1,0,false,671
305,1,3,23,3,14,335,TEST,2,1,1,1,true,1245
305,1,3,23,3,14,336,TEST,6,5,0,0,true,2213
305,1,3,23,3,15,337,TRAINING,1,2,1,6,67043215,54370126,14151
305,1,3,23,3,15,338,TRAINING,2,1,1,1,62043715,51370426,1800
305,1,3,23,3,15,339,TRAINING,4,7,1,3,62045713,51376420,2335
305,1,3,23,3,15,340,TRAINING,7,4,0,5,62540713,51673420,2104
305,1,3,23,3,15,341,TRAINING,5,6,0,4,62045713,51376420,2271
305,1,3,23,3,15,342,TRAINING,5,6,0,4,62405713,51736420,2155
305,1,3,23,3,15,343,TRAINING,6,5,0,0,63405712,50736421,2220
305,1,3,23,3,15,344,TRAINING,1,2,1,6,67405312,54736021,2483
305,1,3,23,3,15,345,TRAINING,4,7,1,2,65407312,56734021,1920
305,1,3,23,3,15,346,TRAINING,7,4,0,1,67405312,54736021,2115
305,1,3,23,3,15,347,TRAINING,3,0,0,5,67402315,54731026,2451
305,1,3,23,3,15,348,TRAINING,0,3,1,3,67405312,54736021,2081
305,1,3,23,3,15,349,TRAINING,0,3,1,3,47605312,74536021,1965
305,1,3,23,3,15,350,TRAINING,3,0,0,1,43605712,70536421,2186
305,1,3,23,3,15,351,TRAINING,2,1,1,7,63405712,50736421,2104
305,1,3,23,3,15,352,TRAINING,6,5,0,0,63450712,50763421,2548
305,1,3,23,3,15,353,TEST,1,2,1,0,false,1608
305,1,3,23,3,15,354,TEST,2,1,1,1,true,1254
305,1,3,23,3,15,355,TEST,7,4,0,0,true,1352
305,1,3,23,3,15,356,TEST,3,0,0,0,true,829
305,1,3,23,3,15,357,TEST,0,3,1,1,true,1269
305,1,3,23,3,15,358,TEST,4,7,1,1,true,1557
305,1,3,23,3,15,359,TEST,6,5,0,0,true,1293
305,1,3,23,3,15,360,TEST,5,6,0,0,true,951
305,1,3,23,3,16,361,TRAINING,4,7,1,4,35174620,06247513,3397
305,1,3,23,3,16,362,TRAINING,5,6,0,7,30174625,03247516,2294
305,1,3,23,3,16,363,TRAINING,7,4,0,3,30174265,03247156,2482
305,1,3,23,3,16,364,TRAINING,0,3,1,1,30274165,03147256,2100
305,1,3,23,3,16,365,TRAINING,7,4,0,3,30574162,03647251,2307
305,1,3,23,3,16,366,TRAINING,6,5,0,6,30572164,03641257,2492
305,1,3,23,3,16,367,TRAINING,0,3,1,7,34572160,07641253,2178
305,1,3,23,3,16,368,TRAINING,2,1,1,4,34752160,07461253,2584
305,1,3,23,3,16,369,TRAINING,3,0,0,0,34752610,07461523,2419
305,1,3,23,3,16,370,TRAINING,1,2,1,6,34052617,07361524,2311
305,1,3,23,3,16,371,TRAINING,2,1,1,4,34072615,07341526,5236
305,1,3,23,3,16,372,TRAINING,6,5,0,5,43072615,70341526,5005
305,1,3,23,3,16,373,TRAINING,1,2,1,6,47032615,74301526,3670
305,1,3,23,3,16,374,TRAINING,4,7,1,0,47230615,74103526,3402
305,1,3,23,3,16,375,TRAINING,3,0,0,3,42730615,71403526,2481
305,1,3,23,3,16,376,TRAINING,5,6,0,7,47230615,74103526,4547
305,1,3,23,3,16,377,TEST,3,0,0,0,true,1185
305,1,3,23,3,16,378,TEST,4,7,1,1,true,2084
305,1,3,23,3,16,379,TEST,1,2,1,1,true,2017
305,1,3,23,3,16,380,TEST,6,5,0,0,true,1280
305,1,3,23,3,16,381,TEST,2,1,1,1,true,1268
305,1,3,23,3,16,382,TEST,7,4,0,0,true,1352
305,1,3,23,3,16,383,TEST,0,3,1,1,true,1402
305,1,3,23,3,16,384,TEST,5,6,0,0,true,1460
305,1,3,23,3,17,385,TRAINING,3,0,0,7,61745203,52476130,2822
305,1,3,23,3,17,386,TRAINING,7,4,0,2,61705243,52436170,2545
305,1,3,23,3,17,387,TRAINING,7,4,0,2,61725043,52416370,1972
305,1,3,23,3,17,388,TRAINING,1,2,1,5,60725143,53416270,3134
305,1,3,23,3,17,389,TRAINING,0,3,1,1,50726143,63415270,2370
305,1,3,23,3,17,390,TRAINING,5,6,0,6,40726153,73415260,2626
305,1,3,23,3,17,391,TRAINING,6,5,0,4,30726154,03415267,4008
305,1,3,23,3,17,392,TRAINING,0,3,1,2,37026154,04315267,2433
305,1,3,23,3,17,393,TRAINING,1,2,1,5,37026145,04315276,2564
305,1,3,23,3,17,394,TRAINING,2,1,1,3,67023145,54310276,4882
305,1,3,23,3,17,395,TRAINING,4,7,1,6,37026145,04315276,2275
305,1,3,23,3,17,396,TRAINING,2,1,1,3,57026143,64315270,3206
305,1,3,23,3,17,397,TRAINING,5,6,0,5,17026543,24315670,2614
305,1,3,23,3,17,398,TRAINING,3,0,0,7,67021543,54312670,2968
305,1,3,23,3,17,399,TRAINING,4,7,1,3,67041523,54372610,3074
305,1,3,23,3,17,400,TRAINING,6,5,0,0,65041723,56372410,5102
305,1,3,23,3,17,401,TEST,4,7,1,1,true,3254
305,1,3,23,3,17,402,TEST,2,1,1,1,true,1095
305,1,3,23,3,17,403,TEST,6,5,0,0,true,1425
305,1,3,23,3,17,404,TEST,1,2,1,1,true,4617
305,1,3,23,3,17,405,TEST,7,4,0,0,true,1304
305,1,3,23,3,17,406,TEST,5,6,0,0,true,1026
305,1,3,23,3,17,407,TEST,3,0,0,0,true,794
305,1,3,23,3,17,408,TEST,0,3,1,1,true,1595
305,1,3,23,3,INSTRUCT,postquestionnaire,3

rulestrategy:It started to make sense to me when I grouped first according to the border colors. From there I looked at the textures, then stripes, then box colors. I did not use paper or pencil or calculator to complete the task.
howtoimprove:I think you explained the rules in a relaxed manner. This is important because some people get stressed just by reading the instructions. This is a great study. I am so RELIEVED I finished it, though :)
engagement:10
difficulty:10
physicalaids:no