31,1,0,13,10,INSTRUCT,instruct1,15206
31,1,0,13,10,INSTRUCT,instructCatExample,9043
31,1,0,13,10,INSTRUCT,instructCatColor,7165
31,1,0,13,10,INSTRUCT,instructCatStripe,7913
31,1,0,13,10,INSTRUCT,instructDemoIntro,20719
31,1,0,13,10,INSTRUCT,instructDemo,143796
31,1,0,13,10,INSTRUCT,instructTest,24030
31,1,0,13,10,INSTRUCT,instructTest2,15631
31,1,0,13,10,INSTRUCT,instructDimColor,11048
31,1,0,13,10,INSTRUCT,instructDimBorder,11855
31,1,0,13,10,INSTRUCT,instructDimDots,27071
31,1,0,13,10,INSTRUCT,instructDimStripe,5485
31,1,0,13,10,INSTRUCT,instructDimAll,36444
31,1,0,13,10,INSTRUCT,instructFinal,20573
31,1,0,13,10,1,1,TRAINING,0,10,0,6,65431207,3fb6e2a7,2533
31,1,0,13,10,1,2,TRAINING,7,7,1,7,65134207,3fe6b2a7,18078
31,1,0,13,10,1,3,TRAINING,4,11,0,2,65431207,3fb6e2a7,12177
31,1,0,13,10,1,4,TRAINING,2,2,0,5,56431207,f3b6e2a7,4186
31,1,0,13,10,1,5,TRAINING,4,11,0,2,51436207,feb632a7,21406
31,1,0,13,10,1,6,TRAINING,0,10,0,0,01436257,aeb632f7,6304
31,1,0,13,10,1,7,TRAINING,5,15,1,3,01456237,aebf3267,3931
31,1,0,13,10,1,8,TRAINING,7,7,1,2,01756234,ae7f326b,5178
31,1,0,13,10,1,9,TRAINING,3,6,1,5,01756324,ae7f362b,12116
31,1,0,13,10,1,10,TRAINING,6,3,0,4,01726354,ae7236fb,7512
31,1,0,13,10,1,11,TRAINING,3,6,1,5,04726351,ab7236fe,12434
31,1,0,13,10,1,12,TRAINING,1,14,1,2,04126357,abe236f7,6538
31,1,0,13,10,1,13,TRAINING,5,15,1,6,64120357,3be2a6f7,4160
31,1,0,13,10,1,14,TRAINING,6,3,0,0,63120457,36e2abf7,9111
31,1,0,13,10,1,15,TRAINING,2,2,0,3,63124057,36e2baf7,4847
31,1,0,13,10,1,16,TRAINING,1,14,1,2,63127054,36e27afb,12551
31,1,0,13,10,1,17,TEST,6,3,0,0,true,8631
31,1,0,13,10,1,18,TEST,3,6,1,1,true,9566
31,1,0,13,10,1,19,TEST,0,10,0,1,false,4083
31,1,0,13,10,1,20,TEST,7,7,1,1,true,4695
31,1,0,13,10,1,21,TEST,1,14,1,0,false,3564
31,1,0,13,10,1,22,TEST,5,15,1,1,true,5816
31,1,0,13,10,1,23,TEST,2,2,0,0,true,3288
31,1,0,13,10,1,24,TEST,4,11,0,0,true,3409
31,1,0,13,10,2,25,TRAINING,6,3,0,4,20456713,2abf37e6,6889
31,1,0,13,10,2,26,TRAINING,4,11,0,0,40256713,ba2f37e6,5625
31,1,0,13,10,2,27,TRAINING,3,6,1,7,40526713,baf237e6,4617
31,1,0,13,10,2,28,TRAINING,3,6,1,7,42506713,b2fa37e6,3266
31,1,0,13,10,2,29,TRAINING,5,15,1,2,42516703,b2fe37a6,2006
31,1,0,13,10,2,30,TRAINING,7,7,1,5,12546703,e2fb37a6,5232
31,1,0,13,10,2,31,TRAINING,1,14,1,6,02546713,a2fb37e6,2064
31,1,0,13,10,2,32,TRAINING,0,10,0,0,02346715,a26b37ef,2360
31,1,0,13,10,2,33,TRAINING,5,15,1,7,02347615,a26b73ef,1782
31,1,0,13,10,2,34,TRAINING,6,3,0,4,02346715,a26b37ef,2021
31,1,0,13,10,2,35,TRAINING,7,7,1,5,04326715,ab6237ef,2038
31,1,0,13,10,2,36,TRAINING,1,14,1,0,14326705,eb6237af,2922
31,1,0,13,10,2,37,TRAINING,2,2,0,3,14623705,eb3267af,1928
31,1,0,13,10,2,38,TRAINING,2,2,0,3,14623507,eb326fa7,1804
31,1,0,13,10,2,39,TRAINING,4,11,0,7,17623504,e7326fab,1761
31,1,0,13,10,2,40,TRAINING,0,10,0,6,16723504,e3726fab,1983
31,1,0,13,10,2,41,TEST,3,6,1,1,true,2698
31,1,0,13,10,2,42,TEST,1,14,1,1,true,2145
31,1,0,13,10,2,43,TEST,7,7,1,1,true,1153
31,1,0,13,10,2,44,TEST,5,15,1,1,true,934
31,1,0,13,10,2,45,TEST,0,10,0,0,true,998
31,1,0,13,10,2,46,TEST,4,11,0,0,true,904
31,1,0,13,10,2,47,TEST,2,2,0,0,true,949
31,1,0,13,10,2,48,TEST,6,3,0,0,true,932
31,1,0,13,10,3,49,TRAINING,4,11,0,2,16425037,e3b2fa67,8332
31,1,0,13,10,3,50,TRAINING,2,2,0,1,12465037,e2b3fa67,2314
31,1,0,13,10,3,51,TRAINING,5,15,1,4,12475036,e2b7fa63,1994
31,1,0,13,10,3,52,TRAINING,0,10,0,5,12435076,e2b6fa73,1889
31,1,0,13,10,3,53,TRAINING,3,6,1,0,32415076,62befa73,1853
31,1,0,13,10,3,54,TRAINING,6,3,0,7,37415026,67befa23,1687
31,1,0,13,10,3,55,TRAINING,3,6,1,0,32415076,62befa73,1654
31,1,0,13,10,3,56,TRAINING,6,3,0,7,32451076,62bfea73,1795
31,1,0,13,10,3,57,TRAINING,7,7,1,3,32471056,62b7eaf3,1639
31,1,0,13,10,3,58,TRAINING,1,14,1,4,32571046,62f7eab3,1738
31,1,0,13,10,3,59,TRAINING,2,2,0,1,32071546,62a7efb3,1780
31,1,0,13,10,3,60,TRAINING,5,15,1,5,42071536,b2a7ef63,1899
31,1,0,13,10,3,61,TRAINING,7,7,1,3,42076531,b2a73f6e,1697
31,1,0,13,10,3,62,TRAINING,0,10,0,2,46072531,b3a72f6e,1789
31,1,0,13,10,3,63,TRAINING,1,14,1,7,46073521,b3a76f2e,1691
31,1,0,13,10,3,64,TRAINING,4,11,0,0,43076521,b6a73f2e,1727
31,1,0,13,10,3,65,TEST,5,15,1,1,true,3009
31,1,0,13,10,3,66,TEST,1,14,1,1,true,937
31,1,0,13,10,3,67,TEST,6,3,0,0,true,943
31,1,0,13,10,3,68,TEST,0,10,0,0,true,932
31,1,0,13,10,3,69,TEST,3,6,1,1,true,901
31,1,0,13,10,3,70,TEST,2,2,0,0,true,906
31,1,0,13,10,3,71,TEST,7,7,1,1,true,829
31,1,0,13,10,3,72,TEST,4,11,0,0,true,893
31,1,0,13,10,INSTRUCT,postquestionnaire,7

rulestrategy:Striped was b not striped was a. Was easy once I realized the rule. 
howtoimprove:
engagement:10
difficulty:8
physicalaids:no