32,0,5,20,1,INSTRUCT,instruct1,6498
32,0,5,20,1,INSTRUCT,instructCatExample,7729
32,0,5,20,1,INSTRUCT,instructCatColor,5337
32,0,5,20,1,INSTRUCT,instructCatStripe,5746
32,0,5,20,1,INSTRUCT,instructDemoIntro,13142
32,0,5,20,1,INSTRUCT,instructDemo,96858
32,0,5,20,1,INSTRUCT,instructTest,19744
32,0,5,20,1,INSTRUCT,instructTest2,26367
32,0,5,20,1,INSTRUCT,instructDimColor,19713
32,0,5,20,1,INSTRUCT,instructDimBorder,4907
32,0,5,20,1,INSTRUCT,instructDimDots,6611
32,0,5,20,1,INSTRUCT,instructDimStripe,4460
32,0,5,20,1,INSTRUCT,instructDimAll,11273
32,0,5,20,1,INSTRUCT,instructFinal,13254
32,0,5,20,1,1,1,TRAINING,3,2,1,0,34150672,2c048e6a,1746
32,0,5,20,1,1,2,TRAINING,0,8,1,4,34150627,2c048ea6,1360
32,0,5,20,1,1,3,TRAINING,7,6,0,6,34150672,2c048e6a,1786
32,0,5,20,1,1,4,TRAINING,5,4,1,3,32150674,2a048e6c,1185
32,0,5,20,1,1,5,TRAINING,6,14,1,7,32150476,2a048c6e,1713
32,0,5,20,1,1,6,TRAINING,1,0,0,2,37150426,26048cae,5129
32,0,5,20,1,1,7,TRAINING,0,8,1,4,37140526,260c84ae,1634
32,0,5,20,1,1,8,TRAINING,5,4,1,5,36140527,2e0c84a6,2443
32,0,5,20,1,1,9,TRAINING,6,14,1,1,36120547,2e0a84c6,1490
32,0,5,20,1,1,10,TRAINING,2,10,0,3,76120543,6e0a84c2,9283
32,0,5,20,1,1,11,TRAINING,4,12,0,6,76320541,6e2a84c0,1017
32,0,5,20,1,1,12,TRAINING,6,14,1,1,76325041,6e2a48c0,1794
32,0,5,20,1,1,13,TRAINING,0,8,1,5,76352041,6e24a8c0,1035
32,0,5,20,1,1,14,TRAINING,3,2,1,4,76253041,6ea428c0,2057
32,0,5,20,1,1,15,TRAINING,7,6,0,0,71253046,60a428ce,2890
32,0,5,20,1,1,16,TRAINING,1,0,0,1,71203546,60a824ce,9616
32,0,5,20,1,1,17,TEST,4,12,0,1,false,7878
32,0,5,20,1,1,18,TEST,6,14,1,0,false,1848
32,0,5,20,1,1,19,TEST,3,2,1,0,false,1186
32,0,5,20,1,1,20,TEST,5,4,1,1,true,1746
32,0,5,20,1,1,21,TEST,2,10,0,1,false,1746
32,0,5,20,1,1,22,TEST,0,8,1,1,true,1538
32,0,5,20,1,1,23,TEST,1,0,0,0,true,650
32,0,5,20,1,1,24,TEST,7,6,0,0,true,1771
32,0,5,20,1,2,25,TRAINING,0,8,1,0,03642571,82eca460,2372
32,0,5,20,1,2,26,TRAINING,2,10,0,4,03652471,82e4ac60,1512
32,0,5,20,1,2,27,TRAINING,3,2,1,2,06352471,8e24ac60,1849
32,0,5,20,1,2,28,TRAINING,1,0,0,7,76352401,6e24ac80,3729
32,0,5,20,1,2,29,TRAINING,5,4,1,3,06352471,8e24ac60,3345
32,0,5,20,1,2,30,TRAINING,4,12,0,5,03652471,82e4ac60,2283
32,0,5,20,1,2,31,TRAINING,7,6,0,6,03256471,82a4ec60,8354
32,0,5,20,1,2,32,TRAINING,6,14,1,0,63250471,e2a48c60,1354
32,0,5,20,1,2,33,TRAINING,0,8,1,4,63210475,e2a08c64,3329
32,0,5,20,1,2,34,TRAINING,1,0,0,3,64210375,eca08264,2313
32,0,5,20,1,2,35,TRAINING,5,4,1,5,64210573,eca08462,1025
32,0,5,20,1,2,36,TRAINING,7,6,0,6,60214573,e8a0c462,1891
32,0,5,20,1,2,37,TRAINING,5,4,1,5,61204573,e0a8c462,13842
32,0,5,20,1,2,38,TRAINING,7,6,0,6,61203574,e0a8246c,1313
32,0,5,20,1,2,39,TRAINING,6,14,1,0,61023574,e08a246c,2402
32,0,5,20,1,2,40,TRAINING,4,12,0,7,61203574,e0a8246c,2418
32,0,5,20,1,2,41,TEST,2,10,0,1,false,3159
32,0,5,20,1,2,42,TEST,7,6,0,1,false,3267
32,0,5,20,1,2,43,TEST,4,12,0,0,true,1866
32,0,5,20,1,2,44,TEST,1,0,0,0,true,2706
32,0,5,20,1,2,45,TEST,5,4,1,1,true,2001
32,0,5,20,1,2,46,TEST,0,8,1,1,true,1913
32,0,5,20,1,2,47,TEST,6,14,1,0,false,1055
32,0,5,20,1,2,48,TEST,3,2,1,0,false,1401
32,0,5,20,1,3,49,TRAINING,0,8,1,2,71034526,6082c4ae,3251
32,0,5,20,1,3,50,TRAINING,1,0,0,1,71032546,6082a4ce,1969
32,0,5,20,1,3,51,TRAINING,5,4,1,0,51032746,4082a6ce,3129
32,0,5,20,1,3,52,TRAINING,3,2,1,3,51032764,4082a6ec,7293
32,0,5,20,1,3,53,TRAINING,7,6,0,7,51032467,4082ace6,981
32,0,5,20,1,3,54,TRAINING,0,8,1,2,21035467,a0824ce6,15097
32,0,5,20,1,3,55,TRAINING,4,12,0,6,21035647,a0824ec6,1970
32,0,5,20,1,3,56,TRAINING,6,14,1,5,23015647,a2804ec6,1129
32,0,5,20,1,3,57,TRAINING,2,10,0,4,53012647,4280aec6,1033
32,0,5,20,1,3,58,TRAINING,1,0,0,7,53072641,4286aec0,16761
32,0,5,20,1,3,59,TRAINING,5,4,1,0,53672041,42e6a8c0,1690
32,0,5,20,1,3,60,TRAINING,3,2,1,1,53672401,42e6ac80,2082
32,0,5,20,1,3,61,TRAINING,7,6,0,5,53642701,42eca680,1337
32,0,5,20,1,3,62,TRAINING,0,8,1,6,23645701,a2ec4680,977
32,0,5,20,1,3,63,TRAINING,4,12,0,3,13645702,02ec468a,1929
32,0,5,20,1,3,64,TRAINING,6,14,1,2,13647502,02ec648a,2274
32,0,5,20,1,3,65,TEST,5,4,1,1,true,2497
32,0,5,20,1,3,66,TEST,0,8,1,1,true,1210
32,0,5,20,1,3,67,TEST,2,10,0,0,true,2155
32,0,5,20,1,3,68,TEST,1,0,0,0,true,1714
32,0,5,20,1,3,69,TEST,3,2,1,1,true,1378
32,0,5,20,1,3,70,TEST,7,6,0,1,false,3810
32,0,5,20,1,3,71,TEST,4,12,0,1,false,2274
32,0,5,20,1,3,72,TEST,6,14,1,0,false,1251
32,0,5,20,1,4,73,TRAINING,0,8,1,2,25031647,a4820ec6,7297
32,0,5,20,1,4,74,TRAINING,2,10,0,5,65031247,e4820ac6,1233
32,0,5,20,1,4,75,TRAINING,3,2,1,3,67031245,e6820ac4,978
32,0,5,20,1,4,76,TRAINING,1,0,0,4,65031247,e4820ac6,1034
32,0,5,20,1,4,77,TRAINING,6,14,1,0,60531247,e8420ac6,1066
32,0,5,20,1,4,78,TRAINING,4,12,0,6,62531047,ea4208c6,2329
32,0,5,20,1,4,79,TRAINING,5,4,1,2,62531740,ea4206c8,14890
32,0,5,20,1,4,80,TRAINING,3,2,1,3,62530741,ea4286c0,1659
32,0,5,20,1,4,81,TRAINING,7,6,0,5,64530721,ec4286a0,1845
32,0,5,20,1,4,82,TRAINING,4,12,0,2,65430721,e4c286a0,12754
32,0,5,20,1,4,83,TRAINING,2,10,0,6,15430726,04c286ae,2105
32,0,5,20,1,4,84,TRAINING,0,8,1,4,15460723,04ce86a2,11723
32,0,5,20,1,4,85,TRAINING,5,4,1,1,15760423,046e8ca2,1417
32,0,5,20,1,4,86,TRAINING,3,2,1,7,25760413,a46e8c02,1426
32,0,5,20,1,4,87,TRAINING,6,14,1,6,25710463,a4608ce2,962
32,0,5,20,1,4,88,TRAINING,7,6,0,5,25410763,a4c086e2,2937
32,0,5,20,1,4,89,TEST,0,8,1,1,true,3564
32,0,5,20,1,4,90,TEST,7,6,0,0,true,721
32,0,5,20,1,4,91,TEST,3,2,1,1,true,2320
32,0,5,20,1,4,92,TEST,2,10,0,0,true,3059
32,0,5,20,1,4,93,TEST,1,0,0,0,true,1256
32,0,5,20,1,4,94,TEST,5,4,1,1,true,2289
32,0,5,20,1,4,95,TEST,6,14,1,1,true,1802
32,0,5,20,1,4,96,TEST,4,12,0,0,true,1772
32,0,5,20,1,5,97,TRAINING,7,6,0,0,74651320,6ce402a8,2378
32,0,5,20,1,5,98,TRAINING,1,0,0,4,74651230,6ce40a28,1218
32,0,5,20,1,5,99,TRAINING,3,2,1,6,76451230,6ec40a28,2337
32,0,5,20,1,5,100,TRAINING,5,4,1,7,76401235,6ec80a24,955
32,0,5,20,1,5,101,TRAINING,2,10,0,5,67401235,e6c80a24,2050
32,0,5,20,1,5,102,TRAINING,4,12,0,0,47601235,c6e80a24,1850
32,0,5,20,1,5,103,TRAINING,6,14,1,2,47605231,c6e84a20,1514
32,0,5,20,1,5,104,TRAINING,0,8,1,6,47635201,c6e24a80,994
32,0,5,20,1,5,105,TRAINING,4,12,0,5,27635401,a6e24c80,10754
32,0,5,20,1,5,106,TRAINING,2,10,0,0,23675401,a2e64c80,1977
32,0,5,20,1,5,107,TRAINING,3,2,1,1,23675410,a2e64c08,3753
32,0,5,20,1,5,108,TRAINING,5,4,1,3,23657410,a2e46c08,1297
32,0,5,20,1,5,109,TRAINING,0,8,1,7,43657210,c2e46a08,1737
32,0,5,20,1,5,110,TRAINING,6,14,1,2,73654210,62e4ca08,1595
32,0,5,20,1,5,111,TRAINING,2,10,0,5,13654270,02e4ca68,1434
32,0,5,20,1,5,112,TRAINING,7,6,0,1,17654230,06e4ca28,1170
32,0,5,20,1,5,113,TEST,1,0,0,0,true,2664
32,0,5,20,1,5,114,TEST,5,4,1,1,true,2192
32,0,5,20,1,5,115,TEST,2,10,0,1,false,14381
32,0,5,20,1,5,116,TEST,4,12,0,0,true,3249
32,0,5,20,1,5,117,TEST,7,6,0,0,true,1865
32,0,5,20,1,5,118,TEST,0,8,1,1,true,874
32,0,5,20,1,5,119,TEST,6,14,1,1,true,7041
32,0,5,20,1,5,120,TEST,3,2,1,1,true,3169
32,0,5,20,1,6,121,TRAINING,3,2,1,0,35760214,246e8a0c,3889
32,0,5,20,1,6,122,TRAINING,2,10,0,5,35761204,246e0a8c,6744
32,0,5,20,1,6,123,TRAINING,7,6,0,2,35701264,24680aec,3504
32,0,5,20,1,6,124,TRAINING,5,4,1,1,35701246,24680ace,1683
32,0,5,20,1,6,125,TRAINING,2,10,0,5,35701264,24680aec,6673
32,0,5,20,1,6,126,TRAINING,3,2,1,6,65701234,e4680a2c,1513
32,0,5,20,1,6,127,TRAINING,7,6,0,0,75601234,64e80a2c,11578
32,0,5,20,1,6,128,TRAINING,5,4,1,1,75604231,64e8ca20,1450
32,0,5,20,1,6,129,TRAINING,2,10,0,5,75104236,6408ca2e,9177
32,0,5,20,1,6,130,TRAINING,5,4,1,1,75604231,64e8ca20,7714
32,0,5,20,1,6,131,TRAINING,5,4,1,1,75614230,64e0ca28,24924
32,0,5,20,1,6,132,TRAINING,3,2,1,6,05614237,84e0ca26,2418
32,0,5,20,1,6,133,TRAINING,7,6,0,7,05612437,84e0ac26,8546
32,0,5,20,1,6,134,TRAINING,2,10,0,4,05412637,84c0ae26,9899
32,0,5,20,1,6,135,TRAINING,3,2,1,2,05312647,8420aec6,8187
32,0,5,20,1,6,136,TRAINING,6,14,1,1,06312547,8e20a4c6,7257
32,0,5,20,1,6,137,TEST,1,0,0,0,true,3512
32,0,5,20,1,6,138,TEST,3,2,1,1,true,5058
32,0,5,20,1,6,139,TEST,2,10,0,0,true,2889
32,0,5,20,1,6,140,TEST,6,14,1,1,true,8515
32,0,5,20,1,6,141,TEST,4,12,0,0,true,1650
32,0,5,20,1,6,142,TEST,5,4,1,1,true,956
32,0,5,20,1,6,143,TEST,7,6,0,0,true,5578
32,0,5,20,1,6,144,TEST,0,8,1,1,true,1120
32,0,5,20,1,7,145,TRAINING,1,0,0,4,46021375,ce8a0264,16309
32,0,5,20,1,7,146,TRAINING,5,4,1,7,42061375,ca8e0264,946
32,0,5,20,1,7,147,TRAINING,7,6,0,6,32061475,2a8e0c64,2665
32,0,5,20,1,7,148,TRAINING,3,2,1,0,32601475,2ae80c64,948
32,0,5,20,1,7,149,TRAINING,0,8,1,7,32651470,2ae40c68,952
32,0,5,20,1,7,150,TRAINING,4,12,0,5,32156470,2a04ec68,929
32,0,5,20,1,7,151,TRAINING,6,14,1,4,52136470,4a02ec68,1627
32,0,5,20,1,7,152,TRAINING,2,10,0,1,52176430,4a06ec28,1314
32,0,5,20,1,7,153,TRAINING,1,0,0,2,32176450,2a06ec48,5026
32,0,5,20,1,7,154,TRAINING,7,6,0,6,32156470,2a04ec68,1745
32,0,5,20,1,7,155,TRAINING,4,12,0,3,32146570,2a0ce468,2430
32,0,5,20,1,7,156,TRAINING,2,10,0,4,36142570,2e0ca468,1064
32,0,5,20,1,7,157,TRAINING,0,8,1,7,36542170,2e4ca068,3283
32,0,5,20,1,7,158,TRAINING,6,14,1,0,63542170,e24ca068,1773
32,0,5,20,1,7,159,TRAINING,5,4,1,2,62543170,ea4c2068,2173
32,0,5,20,1,7,160,TRAINING,3,2,1,4,62573140,ea4620c8,1466
32,0,5,20,1,7,161,TEST,7,6,0,0,true,3906
32,0,5,20,1,7,162,TEST,6,14,1,1,true,1809
32,0,5,20,1,7,163,TEST,5,4,1,1,true,1523
32,0,5,20,1,7,164,TEST,2,10,0,0,true,2161
32,0,5,20,1,7,165,TEST,4,12,0,0,true,2153
32,0,5,20,1,7,166,TEST,3,2,1,1,true,1553
32,0,5,20,1,7,167,TEST,0,8,1,1,true,2714
32,0,5,20,1,7,168,TEST,1,0,0,0,true,595
32,0,5,20,1,INSTRUCT,postquestionnaire,1

rulestrategy:Eventually, I figured out a pattern by arbitrarily assigning numbers to the same-colored boxes. 1 was a solid color, 2 added a line, 3 added texturing, and 4 removed the line, leaving a textured box. In that way, I discovered that the purple boxes went ABAB (1234), and the blue boxes were the opposite, BABA. I was then able to "count" each box's position when confronted with it individually (i.e. a blue, textured box with a line through it must belong in B, because it is number 3 in line).
howtoimprove:This page doesn't scroll correctly, other than that, I think you're fine.
engagement:10
difficulty:7
physicalaids:no