34,1,2,13,4,INSTRUCT,instruct1,14644
34,1,2,13,4,INSTRUCT,instructCatExample,14743
34,1,2,13,4,INSTRUCT,instructCatColor,6784
34,1,2,13,4,INSTRUCT,instructCatStripe,14107
34,1,2,13,4,INSTRUCT,instructDemoIntro,31391
34,1,2,13,4,INSTRUCT,instructDemo,24786
34,1,2,13,4,INSTRUCT,instructTest,32241
34,1,2,13,4,INSTRUCT,instructTest2,34373
34,1,2,13,4,INSTRUCT,instructDimColor,19555
34,1,2,13,4,INSTRUCT,instructDimBorder,4370
34,1,2,13,4,INSTRUCT,instructDimDots,5295
34,1,2,13,4,INSTRUCT,instructDimStripe,4748
34,1,2,13,4,INSTRUCT,instructDimAll,8817
34,1,2,13,4,INSTRUCT,instructFinal,43215
34,1,2,13,4,1,1,TRAINING,4,0,1,2,35410267,d405198c,3145
34,1,2,13,4,1,2,TRAINING,5,4,1,1,35410627,d405189c,4358
34,1,2,13,4,1,3,TRAINING,0,1,1,4,65410327,84051d9c,15951
34,1,2,13,4,1,4,TRAINING,5,4,1,1,75410326,c4051d98,6860
34,1,2,13,4,1,5,TRAINING,2,9,1,6,75310426,c4d51098,2167
34,1,2,13,4,1,6,TRAINING,6,8,0,7,45310726,04d51c98,5948
34,1,2,13,4,1,7,TRAINING,3,13,0,2,45301726,04d15c98,4151
34,1,2,13,4,1,8,TRAINING,2,9,1,5,45301276,04d159c8,6795
34,1,2,13,4,1,9,TRAINING,6,8,0,7,05341276,14d059c8,2729
34,1,2,13,4,1,10,TRAINING,7,12,0,6,03541276,1d4059c8,2340
34,1,2,13,4,1,11,TRAINING,1,5,0,4,23541076,9d4051c8,3812
34,1,2,13,4,1,12,TRAINING,0,1,1,3,23501476,9d4150c8,12397
34,1,2,13,4,1,13,TRAINING,4,0,1,5,26501473,984150cd,3448
34,1,2,13,4,1,14,TRAINING,3,13,0,7,25601473,948150cd,4137
34,1,2,13,4,1,15,TRAINING,7,12,0,4,25607413,9481c05d,4389
34,1,2,13,4,1,16,TRAINING,1,5,0,6,25067413,9418c05d,3892
34,1,2,13,4,1,17,TEST,7,12,0,0,true,3814
34,1,2,13,4,1,18,TEST,2,9,1,0,false,2691
34,1,2,13,4,1,19,TEST,5,4,1,0,false,3538
34,1,2,13,4,1,20,TEST,0,1,1,1,true,1416
34,1,2,13,4,1,21,TEST,6,8,0,0,true,1417
34,1,2,13,4,1,22,TEST,1,5,0,0,true,2081
34,1,2,13,4,1,23,TEST,3,13,0,0,true,1665
34,1,2,13,4,1,24,TEST,4,0,1,1,true,1534
34,1,2,13,4,2,25,TRAINING,6,8,0,2,30645721,d1804c95,6278
34,1,2,13,4,2,26,TRAINING,5,4,1,4,30645712,d1804c59,6185
34,1,2,13,4,2,27,TRAINING,5,4,1,4,30645172,d18045c9,7045
34,1,2,13,4,2,28,TRAINING,7,12,0,6,30465172,d10845c9,7540
34,1,2,13,4,2,29,TRAINING,0,1,1,1,20465173,910845cd,2329
34,1,2,13,4,2,30,TRAINING,7,12,0,6,20461573,910854cd,6656
34,1,2,13,4,2,31,TRAINING,2,9,1,0,20361574,91d854c0,3481
34,1,2,13,4,2,32,TRAINING,1,5,0,4,24361570,90d854c1,4215
34,1,2,13,4,2,33,TRAINING,4,0,1,1,24301576,90d154c8,14006
34,1,2,13,4,2,34,TRAINING,6,8,0,7,24351076,90d451c8,2704
34,1,2,13,4,2,35,TRAINING,1,5,0,0,14352076,50d491c8,3243
34,1,2,13,4,2,36,TRAINING,4,0,1,1,14052376,50149dc8,3957
34,1,2,13,4,2,37,TRAINING,3,13,0,5,14052367,50149d8c,3646
34,1,2,13,4,2,38,TRAINING,2,9,1,7,14057362,5014cd89,5353
34,1,2,13,4,2,39,TRAINING,3,13,0,5,14657302,5084cd19,10371
34,1,2,13,4,2,40,TRAINING,0,1,1,1,10657342,5184cd09,2812
34,1,2,13,4,2,41,TEST,1,5,0,1,false,5541
34,1,2,13,4,2,42,TEST,4,0,1,0,false,4844
34,1,2,13,4,2,43,TEST,2,9,1,1,true,2811
34,1,2,13,4,2,44,TEST,3,13,0,0,true,1952
34,1,2,13,4,2,45,TEST,0,1,1,0,false,1159
34,1,2,13,4,2,46,TEST,5,4,1,1,true,2111
34,1,2,13,4,2,47,TEST,6,8,0,1,false,1352
34,1,2,13,4,2,48,TEST,7,12,0,1,false,1288
34,1,2,13,4,3,49,TRAINING,3,13,0,5,21547360,9540cd81,22170
34,1,2,13,4,3,50,TRAINING,4,0,1,3,21547306,9540cd18,4848
34,1,2,13,4,3,51,TRAINING,0,1,1,6,51247306,4590cd18,10460
34,1,2,13,4,3,52,TRAINING,7,12,0,4,51347206,45d0c918,4061
34,1,2,13,4,3,53,TRAINING,5,4,1,0,51247306,4590cd18,5512
34,1,2,13,4,3,54,TRAINING,6,8,0,3,51267304,4598cd10,2357
34,1,2,13,4,3,55,TRAINING,5,4,1,0,50267314,4198cd50,4454
34,1,2,13,4,3,56,TRAINING,4,0,1,7,50261374,41985dc0,2071
34,1,2,13,4,3,57,TRAINING,6,8,0,6,50271364,419c5d80,5760
34,1,2,13,4,3,58,TRAINING,2,9,1,2,57201364,4c915d80,2409
34,1,2,13,4,3,59,TRAINING,3,13,0,5,57210364,4c951d80,3270
34,1,2,13,4,3,60,TRAINING,2,9,1,2,17250364,5c941d80,3516
34,1,2,13,4,3,61,TRAINING,1,5,0,7,47250361,0c941d85,2812
34,1,2,13,4,3,62,TRAINING,1,5,0,7,45270361,049c1d85,1953
34,1,2,13,4,3,63,TRAINING,7,12,0,3,45276301,049c8d15,3881
34,1,2,13,4,3,64,TRAINING,0,1,1,4,45270361,049c1d85,1938
34,1,2,13,4,3,65,TEST,2,9,1,0,false,1441
34,1,2,13,4,3,66,TEST,0,1,1,0,false,926
34,1,2,13,4,3,67,TEST,3,13,0,0,true,2122
34,1,2,13,4,3,68,TEST,7,12,0,1,false,2244
34,1,2,13,4,3,69,TEST,5,4,1,0,false,3324
34,1,2,13,4,3,70,TEST,1,5,0,0,true,5840
34,1,2,13,4,3,71,TEST,4,0,1,1,true,1916
34,1,2,13,4,3,72,TEST,6,8,0,0,true,4080
34,1,2,13,4,4,73,TRAINING,6,8,0,7,04715326,10c54d98,7687
34,1,2,13,4,4,74,TRAINING,4,0,1,1,04715236,10c549d8,3087
34,1,2,13,4,4,75,TRAINING,1,5,0,3,04712536,10c594d8,5368
34,1,2,13,4,4,76,TRAINING,7,12,0,2,04713526,10c5d498,4233
34,1,2,13,4,4,77,TRAINING,7,12,0,2,02713546,19c5d408,2696
34,1,2,13,4,4,78,TRAINING,0,1,1,0,06713542,18c5d409,2772
34,1,2,13,4,4,79,TRAINING,2,9,1,7,01763542,15c8d409,5044
34,1,2,13,4,4,80,TRAINING,0,1,1,0,01367542,15d8c409,3909
34,1,2,13,4,4,81,TRAINING,3,13,0,2,01376542,15dc8409,3451
34,1,2,13,4,4,82,TRAINING,6,8,0,4,01356742,15d48c09,4274
34,1,2,13,4,4,83,TRAINING,5,4,1,3,10356742,51d48c09,4990
34,1,2,13,4,4,84,TRAINING,1,5,0,0,17356042,5cd48109,2131
34,1,2,13,4,4,85,TRAINING,3,13,0,2,17356240,5cd48901,7342
34,1,2,13,4,4,86,TRAINING,4,0,1,6,17350246,5cd41908,3999
34,1,2,13,4,4,87,TRAINING,5,4,1,3,71350246,c5d41908,2383
34,1,2,13,4,4,88,TRAINING,2,9,1,5,01357246,15d4c908,3857
34,1,2,13,4,4,89,TEST,5,4,1,1,true,2792
34,1,2,13,4,4,90,TEST,4,0,1,1,true,3805
34,1,2,13,4,4,91,TEST,3,13,0,0,true,2525
34,1,2,13,4,4,92,TEST,2,9,1,1,true,1706
34,1,2,13,4,4,93,TEST,7,12,0,0,true,4667
34,1,2,13,4,4,94,TEST,6,8,0,0,true,2514
34,1,2,13,4,4,95,TEST,1,5,0,1,false,2084
34,1,2,13,4,4,96,TEST,0,1,1,0,false,5840
34,1,2,13,4,5,97,TRAINING,3,13,0,5,01456327,15048d9c,6882
34,1,2,13,4,5,98,TRAINING,7,12,0,7,01654327,15840d9c,12272
34,1,2,13,4,5,99,TRAINING,5,4,1,3,10654327,51840d9c,6010
34,1,2,13,4,5,100,TRAINING,0,1,1,1,10354627,51d4089c,5710
34,1,2,13,4,5,101,TRAINING,7,12,0,7,10654327,51840d9c,2410
34,1,2,13,4,5,102,TRAINING,2,9,1,0,20654317,91840d5c,5345
34,1,2,13,4,5,103,TRAINING,1,5,0,6,20456317,91048d5c,2789
34,1,2,13,4,5,104,TRAINING,1,5,0,6,20756314,91c48d50,2370
34,1,2,13,4,5,105,TRAINING,6,8,0,4,02756314,19c48d50,2201
34,1,2,13,4,5,106,TRAINING,2,9,1,1,02356714,19d48c50,3533
34,1,2,13,4,5,107,TRAINING,6,8,0,4,02376514,19dc8450,2855
34,1,2,13,4,5,108,TRAINING,0,1,1,0,02376541,19dc8405,3280
34,1,2,13,4,5,109,TRAINING,3,13,0,2,02376145,19dc8504,3481
34,1,2,13,4,5,110,TRAINING,4,0,1,1,04376125,10dc8594,5864
34,1,2,13,4,5,111,TRAINING,5,4,1,7,04316725,10d58c94,2802
34,1,2,13,4,5,112,TRAINING,4,0,1,1,04316275,10d589c4,2045
34,1,2,13,4,5,113,TEST,3,13,0,1,false,4187
34,1,2,13,4,5,114,TEST,0,1,1,0,false,2187
34,1,2,13,4,5,115,TEST,4,0,1,1,true,2362
34,1,2,13,4,5,116,TEST,7,12,0,0,true,1135
34,1,2,13,4,5,117,TEST,6,8,0,0,true,688
34,1,2,13,4,5,118,TEST,5,4,1,1,true,1473
34,1,2,13,4,5,119,TEST,1,5,0,0,true,1641
34,1,2,13,4,5,120,TEST,2,9,1,1,true,1851
34,1,2,13,4,6,121,TRAINING,3,13,0,1,43502176,0d4195c8,16213
34,1,2,13,4,6,122,TRAINING,6,8,0,4,43506172,0d4185c9,2540
34,1,2,13,4,6,123,TRAINING,2,9,1,5,43506271,0d4189c5,3298
34,1,2,13,4,6,124,TRAINING,5,4,1,1,45306271,04d189c5,11504
34,1,2,13,4,6,125,TRAINING,6,8,0,4,45036271,041d89c5,2554
34,1,2,13,4,6,126,TRAINING,2,9,1,0,25036471,941d80c5,2241
34,1,2,13,4,6,127,TRAINING,3,13,0,2,25306471,94d180c5,2099
34,1,2,13,4,6,128,TRAINING,0,1,1,7,25316470,94d580c1,4551
34,1,2,13,4,6,129,TRAINING,1,5,0,3,25317460,94d5c081,3298
34,1,2,13,4,6,130,TRAINING,4,0,1,5,23517460,9d45c081,3600
34,1,2,13,4,6,131,TRAINING,4,0,1,5,20517463,9145c08d,3585
34,1,2,13,4,6,132,TRAINING,5,4,1,2,20517436,9145c0d8,2281
34,1,2,13,4,6,133,TRAINING,7,12,0,4,10527436,5149c0d8,2736
34,1,2,13,4,6,134,TRAINING,1,5,0,0,10527346,5149cd08,2659
34,1,2,13,4,6,135,TRAINING,0,1,1,1,10567342,5148cd09,2243
34,1,2,13,4,6,136,TRAINING,7,12,0,3,10576342,514c8d09,2893
34,1,2,13,4,6,137,TEST,0,1,1,1,true,2152
34,1,2,13,4,6,138,TEST,7,12,0,0,true,1876
34,1,2,13,4,6,139,TEST,4,0,1,1,true,4760
34,1,2,13,4,6,140,TEST,5,4,1,1,true,1223
34,1,2,13,4,6,141,TEST,3,13,0,0,true,1340
34,1,2,13,4,6,142,TEST,1,5,0,0,true,1304
34,1,2,13,4,6,143,TEST,6,8,0,1,false,1029
34,1,2,13,4,6,144,TEST,2,9,1,1,true,1491
34,1,2,13,4,7,145,TRAINING,4,0,1,5,73120456,cd591048,5568
34,1,2,13,4,7,146,TRAINING,1,5,0,2,03127456,1d59c048,2282
34,1,2,13,4,7,147,TRAINING,0,1,1,0,07123456,1c59d048,2934
34,1,2,13,4,7,148,TRAINING,0,1,1,0,07124356,1c590d48,2085
34,1,2,13,4,7,149,TRAINING,6,8,0,7,07125346,1c594d08,2242
34,1,2,13,4,7,150,TRAINING,7,12,0,1,07215346,1c954d08,1891
34,1,2,13,4,7,151,TRAINING,2,9,1,5,07315246,1cd54908,4291
34,1,2,13,4,7,152,TRAINING,3,13,0,2,07351246,1cd45908,2281
34,1,2,13,4,7,153,TRAINING,6,8,0,7,07341256,1cd05948,3076
34,1,2,13,4,7,154,TRAINING,4,0,1,5,07321456,1cd95048,2465
34,1,2,13,4,7,155,TRAINING,5,4,1,6,02371456,19dc5048,1851
34,1,2,13,4,7,156,TRAINING,7,12,0,3,02376451,19dc8045,2726
34,1,2,13,4,7,157,TRAINING,2,9,1,1,02476351,190c8d45,2999
34,1,2,13,4,7,158,TRAINING,3,13,0,2,02376451,19dc8045,3404
34,1,2,13,4,7,159,TRAINING,1,5,0,4,02371456,19dc5048,3377
34,1,2,13,4,7,160,TRAINING,5,4,1,6,02361457,19d8504c,2110
34,1,2,13,4,7,161,TEST,1,5,0,1,false,2197
34,1,2,13,4,7,162,TEST,6,8,0,0,true,822
34,1,2,13,4,7,163,TEST,3,13,0,0,true,639
34,1,2,13,4,7,164,TEST,5,4,1,1,true,1498
34,1,2,13,4,7,165,TEST,7,12,0,0,true,769
34,1,2,13,4,7,166,TEST,4,0,1,1,true,2349
34,1,2,13,4,7,167,TEST,0,1,1,0,false,833
34,1,2,13,4,7,168,TEST,2,9,1,1,true,3051
34,1,2,13,4,8,169,TRAINING,6,8,0,5,13205674,5d9148c0,6580
34,1,2,13,4,8,170,TRAINING,5,4,1,4,13245670,5d9048c1,3091
34,1,2,13,4,8,171,TRAINING,2,9,1,2,03245671,1d9048c5,4656
34,1,2,13,4,8,172,TRAINING,3,13,0,1,03245176,1d9045c8,2425
34,1,2,13,4,8,173,TRAINING,7,12,0,6,03245671,1d9048c5,3875
34,1,2,13,4,8,174,TRAINING,2,9,1,2,63245071,8d9041c5,4431
34,1,2,13,4,8,175,TRAINING,0,1,1,1,60245371,81904dc5,5582
34,1,2,13,4,8,176,TRAINING,6,8,0,6,70245361,c1904d85,2933
34,1,2,13,4,8,177,TRAINING,4,0,1,0,40275361,019c4d85,8453
34,1,2,13,4,8,178,TRAINING,5,4,1,4,40725361,01c94d85,2163
34,1,2,13,4,8,179,TRAINING,7,12,0,5,40325761,01d94c85,2348
34,1,2,13,4,8,180,TRAINING,4,0,1,0,40235761,019d4c85,2450
34,1,2,13,4,8,181,TRAINING,3,13,0,3,41235760,059d4c81,2244
34,1,2,13,4,8,182,TRAINING,1,5,0,1,41235670,059d48c1,3233
34,1,2,13,4,8,183,TRAINING,1,5,0,1,51234670,459d08c1,1826
34,1,2,13,4,8,184,TRAINING,0,1,1,7,31254670,d59408c1,2868
34,1,2,13,4,8,185,TEST,4,0,1,1,true,2326
34,1,2,13,4,8,186,TEST,3,13,0,1,false,884
34,1,2,13,4,8,187,TEST,0,1,1,1,true,1366
34,1,2,13,4,8,188,TEST,6,8,0,0,true,822
34,1,2,13,4,8,189,TEST,5,4,1,0,false,1615
34,1,2,13,4,8,190,TEST,2,9,1,1,true,1682
34,1,2,13,4,8,191,TEST,7,12,0,0,true,664
34,1,2,13,4,8,192,TEST,1,5,0,0,true,1500
34,1,2,13,4,9,193,TRAINING,2,9,1,2,65234107,849d051c,8196
34,1,2,13,4,9,194,TRAINING,1,5,0,5,05234167,149d058c,3587
34,1,2,13,4,9,195,TRAINING,3,13,0,3,05237164,149dc580,5597
34,1,2,13,4,9,196,TRAINING,7,12,0,4,50237164,419dc580,3665
34,1,2,13,4,9,197,TRAINING,0,1,1,1,50237146,419dc508,3406
34,1,2,13,4,9,198,TRAINING,4,0,1,6,10237546,519dc408,3718
34,1,2,13,4,9,199,TRAINING,6,8,0,7,10327546,51d9c408,1969
34,1,2,13,4,9,200,TRAINING,1,5,0,0,10325746,51d94c08,3509
34,1,2,13,4,9,201,TRAINING,6,8,0,7,10352746,51d49c08,2310
34,1,2,13,4,9,202,TRAINING,5,4,1,3,10452736,51049cd8,3143
34,1,2,13,4,9,203,TRAINING,0,1,1,1,20451736,91045cd8,2361
34,1,2,13,4,9,204,TRAINING,2,9,1,0,20451637,910458dc,4671
34,1,2,13,4,9,205,TRAINING,3,13,0,6,20541637,914058dc,1994
34,1,2,13,4,9,206,TRAINING,5,4,1,2,21540637,954018dc,1784
34,1,2,13,4,9,207,TRAINING,7,12,0,7,12540637,594018dc,1837
34,1,2,13,4,9,208,TRAINING,4,0,1,3,21540637,954018dc,3170
34,1,2,13,4,9,209,TEST,6,8,0,1,false,1633
34,1,2,13,4,9,210,TEST,1,5,0,0,true,1212
34,1,2,13,4,9,211,TEST,3,13,0,0,true,1837
34,1,2,13,4,9,212,TEST,2,9,1,0,false,1501
34,1,2,13,4,9,213,TEST,7,12,0,1,false,770
34,1,2,13,4,9,214,TEST,5,4,1,1,true,1109
34,1,2,13,4,9,215,TEST,4,0,1,1,true,744
34,1,2,13,4,9,216,TEST,0,1,1,0,false,717
34,1,2,13,4,10,217,TRAINING,7,12,0,1,47256103,0c94851d,13756
34,1,2,13,4,10,218,TRAINING,1,5,0,0,17256403,5c94801d,4215
34,1,2,13,4,10,219,TRAINING,3,13,0,7,17056423,5c14809d,3549
34,1,2,13,4,10,220,TRAINING,3,13,0,7,17506423,5c41809d,2154
34,1,2,13,4,10,221,TRAINING,5,4,1,2,47506123,0c41859d,2033
34,1,2,13,4,10,222,TRAINING,0,1,1,3,17506423,5c41809d,5665
34,1,2,13,4,10,223,TRAINING,6,8,0,0,67501423,8c41509d,2766
34,1,2,13,4,10,224,TRAINING,5,4,1,2,67501243,8c41590d,2805
34,1,2,13,4,10,225,TRAINING,0,1,1,6,67541203,8c40591d,2113
34,1,2,13,4,10,226,TRAINING,1,5,0,0,17546203,5c40891d,1787
34,1,2,13,4,10,227,TRAINING,7,12,0,1,17543206,5c40d918,2961
34,1,2,13,4,10,228,TRAINING,4,0,1,3,17540236,5c4019d8,2309
34,1,2,13,4,10,229,TRAINING,2,9,1,5,17543206,5c40d918,1683
34,1,2,13,4,10,230,TRAINING,4,0,1,3,17043256,5c10d948,2271
34,1,2,13,4,10,231,TRAINING,6,8,0,7,15043276,5410d9c8,5925
34,1,2,13,4,10,232,TRAINING,2,9,1,1,12043576,5910d4c8,3758
34,1,2,13,4,10,233,TEST,1,5,0,0,true,2212
34,1,2,13,4,10,234,TEST,6,8,0,1,false,4085
34,1,2,13,4,10,235,TEST,5,4,1,0,false,1047
34,1,2,13,4,10,236,TEST,2,9,1,0,false,1080
34,1,2,13,4,10,237,TEST,3,13,0,0,true,823
34,1,2,13,4,10,238,TEST,4,0,1,0,false,874
34,1,2,13,4,10,239,TEST,7,12,0,0,true,807
34,1,2,13,4,10,240,TEST,0,1,1,1,true,1475
34,1,2,13,4,11,241,TRAINING,2,9,1,1,52613407,4985d01c,8687
34,1,2,13,4,11,242,TRAINING,2,9,1,1,52163407,4958d01c,5377
34,1,2,13,4,11,243,TRAINING,7,12,0,7,02163457,1958d04c,2544
34,1,2,13,4,11,244,TRAINING,1,5,0,2,62103457,8951d04c,2361
34,1,2,13,4,11,245,TRAINING,7,12,0,7,64103257,8051d94c,12219
34,1,2,13,4,11,246,TRAINING,0,1,1,3,54103267,4051d98c,3412
34,1,2,13,4,11,247,TRAINING,5,4,1,0,53104267,4d51098c,2502
34,1,2,13,4,11,248,TRAINING,3,13,0,1,53102467,4d51908c,1655
34,1,2,13,4,11,249,TRAINING,4,0,1,4,53104267,4d51098c,1984
34,1,2,13,4,11,250,TRAINING,6,8,0,6,23104567,9d51048c,1919
34,1,2,13,4,11,251,TRAINING,6,8,0,6,23014567,9d15048c,2413
34,1,2,13,4,11,252,TRAINING,5,4,1,5,23714560,9dc50481,1776
34,1,2,13,4,11,253,TRAINING,4,0,1,4,23704561,9dc10485,1787
34,1,2,13,4,11,254,TRAINING,3,13,0,1,03724561,1dc90485,1958
34,1,2,13,4,11,255,TRAINING,0,1,1,7,13724560,5dc90481,2023
34,1,2,13,4,11,256,TRAINING,1,5,0,3,23714560,9dc50481,2558
34,1,2,13,4,11,257,TEST,5,4,1,1,true,5405
34,1,2,13,4,11,258,TEST,2,9,1,1,true,911
34,1,2,13,4,11,259,TEST,3,13,0,1,false,1840
34,1,2,13,4,11,260,TEST,7,12,0,0,true,1698
34,1,2,13,4,11,261,TEST,0,1,1,0,false,1175
34,1,2,13,4,11,262,TEST,6,8,0,0,true,627
34,1,2,13,4,11,263,TEST,4,0,1,0,false,822
34,1,2,13,4,11,264,TEST,1,5,0,1,false,926
34,1,2,13,4,12,265,TRAINING,2,9,1,6,43701625,0dc15894,11942
34,1,2,13,4,12,266,TRAINING,0,1,1,3,53701624,4dc15890,3184
34,1,2,13,4,12,267,TRAINING,5,4,1,4,13705624,5dc14890,2781
34,1,2,13,4,12,268,TRAINING,3,13,0,1,13605724,5d814c90,2992
34,1,2,13,4,12,269,TRAINING,2,9,1,6,73605124,cd814590,3001
34,1,2,13,4,12,270,TRAINING,7,12,0,0,73605421,cd814095,6487
34,1,2,13,4,12,271,TRAINING,4,0,1,5,73506421,cd418095,2114
34,1,2,13,4,12,272,TRAINING,7,12,0,0,71506423,c541809d,1956
34,1,2,13,4,12,273,TRAINING,1,5,0,6,72506413,c941805d,2337
34,1,2,13,4,12,274,TRAINING,5,4,1,2,73506412,cd418059,2844
34,1,2,13,4,12,275,TRAINING,1,5,0,6,43506712,0d418c59,2103
34,1,2,13,4,12,276,TRAINING,6,8,0,4,40536712,014d8c59,6030
34,1,2,13,4,12,277,TRAINING,3,13,0,3,47536012,0c4d8159,2075
34,1,2,13,4,12,278,TRAINING,4,0,1,0,45736012,04cd8159,1710
34,1,2,13,4,12,279,TRAINING,0,1,1,5,42736015,09cd8154,1906
34,1,2,13,4,12,280,TRAINING,6,8,0,4,42756013,09c4815d,1814
34,1,2,13,4,12,281,TEST,0,1,1,1,true,1558
34,1,2,13,4,12,282,TEST,1,5,0,0,true,1293
34,1,2,13,4,12,283,TEST,4,0,1,0,false,1226
34,1,2,13,4,12,284,TEST,2,9,1,0,false,498
34,1,2,13,4,12,285,TEST,5,4,1,1,true,1380
34,1,2,13,4,12,286,TEST,6,8,0,0,true,942
34,1,2,13,4,12,287,TEST,3,13,0,1,false,867
34,1,2,13,4,12,288,TEST,7,12,0,1,false,717
34,1,2,13,4,13,289,TRAINING,1,5,0,0,16307524,58d1c490,17666
34,1,2,13,4,13,290,TRAINING,3,13,0,5,16507324,5841cd90,5406
34,1,2,13,4,13,291,TRAINING,7,12,0,1,17506324,5c418d90,4400
34,1,2,13,4,13,292,TRAINING,7,12,0,1,07516324,1c458d90,1566
34,1,2,13,4,13,293,TRAINING,0,1,1,5,37516024,dc458190,2271
34,1,2,13,4,13,294,TRAINING,1,5,0,0,17536024,5c4d8190,1776
34,1,2,13,4,13,295,TRAINING,3,13,0,3,17236054,5c9d8140,2193
34,1,2,13,4,13,296,TRAINING,5,4,1,6,17036254,5c1d8940,2298
34,1,2,13,4,13,297,TRAINING,4,0,1,2,17436250,5c0d8941,1763
34,1,2,13,4,13,298,TRAINING,2,9,1,1,12436750,590d8c41,4594
34,1,2,13,4,13,299,TRAINING,5,4,1,6,12430756,590d1c48,1958
34,1,2,13,4,13,300,TRAINING,4,0,1,2,12470356,590c1d48,1908
34,1,2,13,4,13,301,TRAINING,6,8,0,7,12407356,5901cd48,2256
34,1,2,13,4,13,302,TRAINING,6,8,0,7,52407316,4901cd58,1724
34,1,2,13,4,13,303,TRAINING,0,1,1,3,42507316,0941cd58,1697
34,1,2,13,4,13,304,TRAINING,2,9,1,1,42501376,09415dc8,1581
34,1,2,13,4,13,305,TEST,5,4,1,0,false,1899
34,1,2,13,4,13,306,TEST,3,13,0,0,true,639
34,1,2,13,4,13,307,TEST,2,9,1,1,true,848
34,1,2,13,4,13,308,TEST,1,5,0,0,true,523
34,1,2,13,4,13,309,TEST,4,0,1,1,true,1332
34,1,2,13,4,13,310,TEST,6,8,0,1,false,708
34,1,2,13,4,13,311,TEST,7,12,0,0,true,689
34,1,2,13,4,13,312,TEST,0,1,1,1,true,797
34,1,2,13,4,14,313,TRAINING,3,13,0,7,27561403,9c48501d,16258
34,1,2,13,4,14,314,TRAINING,5,4,1,2,27560413,9c48105d,2467
34,1,2,13,4,14,315,TRAINING,1,5,0,6,26570413,984c105d,2116
34,1,2,13,4,14,316,TRAINING,6,8,0,4,20576413,914c805d,2820
34,1,2,13,4,14,317,TRAINING,2,9,1,0,27506413,9c41805d,1684
34,1,2,13,4,14,318,TRAINING,2,9,1,0,20576413,914c805d,2403
34,1,2,13,4,14,319,TRAINING,1,5,0,6,20576314,914c8d50,1827
34,1,2,13,4,14,320,TRAINING,4,0,1,7,20675314,918c4d50,1839
34,1,2,13,4,14,321,TRAINING,0,1,1,4,25670314,948c1d50,1945
34,1,2,13,4,14,322,TRAINING,0,1,1,4,25760314,94c81d50,1763
34,1,2,13,4,14,323,TRAINING,5,4,1,5,23760514,9dc81450,5836
34,1,2,13,4,14,324,TRAINING,6,8,0,3,32760514,d9c81450,2167
34,1,2,13,4,14,325,TRAINING,7,12,0,2,12760534,59c814d0,1670
34,1,2,13,4,14,326,TRAINING,7,12,0,2,12760543,59c8140d,1712
34,1,2,13,4,14,327,TRAINING,3,13,0,7,12740563,59c0148d,2188
34,1,2,13,4,14,328,TRAINING,4,0,1,3,15740263,54c0198d,1736
34,1,2,13,4,14,329,TEST,5,4,1,1,true,1269
34,1,2,13,4,14,330,TEST,2,9,1,0,false,865
34,1,2,13,4,14,331,TEST,1,5,0,1,false,723
34,1,2,13,4,14,332,TEST,6,8,0,0,true,888
34,1,2,13,4,14,333,TEST,7,12,0,0,true,774
34,1,2,13,4,14,334,TEST,0,1,1,1,true,666
34,1,2,13,4,14,335,TEST,3,13,0,0,true,692
34,1,2,13,4,14,336,TEST,4,0,1,1,true,888
34,1,2,13,4,15,337,TRAINING,5,4,1,6,01264753,15980c4d,8521
34,1,2,13,4,15,338,TRAINING,0,1,1,0,07264153,1c98054d,2306
34,1,2,13,4,15,339,TRAINING,6,8,0,3,07462153,1c08954d,2795
34,1,2,13,4,15,340,TRAINING,3,13,0,7,02467153,1908c54d,2740
34,1,2,13,4,15,341,TRAINING,7,12,0,4,20467153,9108c54d,2599
34,1,2,13,4,15,342,TRAINING,5,4,1,6,20647153,9180c54d,1867
34,1,2,13,4,15,343,TRAINING,2,9,1,0,20617453,9185c04d,1944
34,1,2,13,4,15,344,TRAINING,3,13,0,7,20647153,9180c54d,2077
34,1,2,13,4,15,345,TRAINING,7,12,0,1,27640153,9c80154d,1825
34,1,2,13,4,15,346,TRAINING,4,0,1,3,27640513,9c80145d,3237
34,1,2,13,4,15,347,TRAINING,0,1,1,4,57640213,4c80195d,2767
34,1,2,13,4,15,348,TRAINING,6,8,0,2,52640713,49801c5d,1813
34,1,2,13,4,15,349,TRAINING,2,9,1,0,25640713,94801c5d,1985
34,1,2,13,4,15,350,TRAINING,4,0,1,5,25670413,948c105d,1945
34,1,2,13,4,15,351,TRAINING,1,5,0,6,25607413,9481c05d,2519
34,1,2,13,4,15,352,TRAINING,1,5,0,6,26507413,9841c05d,2035
34,1,2,13,4,15,353,TEST,6,8,0,0,true,1492
34,1,2,13,4,15,354,TEST,7,12,0,0,true,912
34,1,2,13,4,15,355,TEST,3,13,0,1,false,1487
34,1,2,13,4,15,356,TEST,4,0,1,1,true,1201
34,1,2,13,4,15,357,TEST,5,4,1,1,true,1124
34,1,2,13,4,15,358,TEST,2,9,1,1,true,1516
34,1,2,13,4,15,359,TEST,1,5,0,0,true,1605
34,1,2,13,4,15,360,TEST,0,1,1,0,false,1071
34,1,2,13,4,16,361,TRAINING,1,5,0,0,10253674,5194d8c0,3330
34,1,2,13,4,16,362,TRAINING,0,1,1,3,15203674,5491d8c0,2229
34,1,2,13,4,16,363,TRAINING,4,0,1,6,15203647,5491d80c,2806
34,1,2,13,4,16,364,TRAINING,5,4,1,7,17203645,5c91d804,2519
34,1,2,13,4,16,365,TRAINING,6,8,0,5,12703645,59c1d804,4282
34,1,2,13,4,16,366,TRAINING,3,13,0,4,12743605,59c0d814,4817
34,1,2,13,4,16,367,TRAINING,3,13,0,4,17243605,5c90d814,1878
34,1,2,13,4,16,368,TRAINING,5,4,1,0,57243601,4c90d815,3930
34,1,2,13,4,16,369,TRAINING,6,8,0,5,57423601,4c09d815,3003
34,1,2,13,4,16,370,TRAINING,1,5,0,7,54723601,40c9d815,2166
34,1,2,13,4,16,371,TRAINING,4,0,1,1,04723651,10c9d845,1840
34,1,2,13,4,16,372,TRAINING,2,9,1,3,04327651,10d9c845,1697
34,1,2,13,4,16,373,TRAINING,7,12,0,4,04527631,1049c8d5,1749
34,1,2,13,4,16,374,TRAINING,2,9,1,3,04527136,1049c5d8,1877
34,1,2,13,4,16,375,TRAINING,0,1,1,2,54027136,4019c5d8,1658
34,1,2,13,4,16,376,TRAINING,7,12,0,0,74025136,c01945d8,2415
34,1,2,13,4,16,377,TEST,3,13,0,0,true,4526
34,1,2,13,4,16,378,TEST,0,1,1,0,false,816
34,1,2,13,4,16,379,TEST,6,8,0,0,true,1134
34,1,2,13,4,16,380,TEST,7,12,0,1,false,706
34,1,2,13,4,16,381,TEST,4,0,1,0,false,1031
34,1,2,13,4,16,382,TEST,1,5,0,0,true,1108
34,1,2,13,4,16,383,TEST,5,4,1,1,true,940
34,1,2,13,4,16,384,TEST,2,9,1,0,false,889
34,1,2,13,4,17,385,TRAINING,6,8,0,0,65410372,84051dc9,19624
34,1,2,13,4,17,386,TRAINING,0,1,1,4,65410732,84051cd9,2258
34,1,2,13,4,17,387,TRAINING,2,9,1,7,65140732,84501cd9,4359
34,1,2,13,4,17,388,TRAINING,1,5,0,2,64150732,80541cd9,1554
34,1,2,13,4,17,389,TRAINING,2,9,1,7,64153702,8054dc19,1842
34,1,2,13,4,17,390,TRAINING,3,13,0,4,04153762,1054dc89,1776
34,1,2,13,4,17,391,TRAINING,7,12,0,5,54103762,4051dc89,2002
34,1,2,13,4,17,392,TRAINING,6,8,0,6,52103764,4951dc80,1645
34,1,2,13,4,17,393,TRAINING,5,4,1,0,52143760,4950dc81,1961
34,1,2,13,4,17,394,TRAINING,4,0,1,5,52173460,495cd081,1920
34,1,2,13,4,17,395,TRAINING,3,13,0,4,57123460,4c59d081,1670
34,1,2,13,4,17,396,TRAINING,7,12,0,1,57623410,4c89d051,1723
34,1,2,13,4,17,397,TRAINING,4,0,1,5,57263410,4c98d051,7090
34,1,2,13,4,17,398,TRAINING,5,4,1,0,57260413,4c98105d,8646
34,1,2,13,4,17,399,TRAINING,0,1,1,4,53260417,4d98105c,1540
34,1,2,13,4,17,400,TRAINING,1,5,0,6,53240617,4d90185c,1555
34,1,2,13,4,17,401,TEST,1,5,0,0,true,1415
34,1,2,13,4,17,402,TEST,0,1,1,0,false,1319
34,1,2,13,4,17,403,TEST,7,12,0,1,false,876
34,1,2,13,4,17,404,TEST,3,13,0,0,true,1215
34,1,2,13,4,17,405,TEST,4,0,1,0,false,913
34,1,2,13,4,17,406,TEST,6,8,0,0,true,993
34,1,2,13,4,17,407,TEST,2,9,1,1,true,1569
34,1,2,13,4,17,408,TEST,5,4,1,1,true,1122
34,1,2,13,4,18,409,TRAINING,1,5,0,2,45123760,0459dc81,1286
34,1,2,13,4,18,410,TRAINING,0,1,1,6,45123706,0459dc18,4046
34,1,2,13,4,18,411,TRAINING,7,12,0,5,45163702,0458dc19,1709
34,1,2,13,4,18,412,TRAINING,4,0,1,0,45123706,0459dc18,1946
34,1,2,13,4,18,413,TRAINING,4,0,1,0,45120736,04591cd8,1539
34,1,2,13,4,18,414,TRAINING,6,8,0,7,45170236,045c19d8,2130
34,1,2,13,4,18,415,TRAINING,2,9,1,5,45173206,045cd918,3839
34,1,2,13,4,18,416,TRAINING,1,5,0,4,45371206,04dc5918,1673
34,1,2,13,4,18,417,TRAINING,5,4,1,1,45371260,04dc5981,1553
34,1,2,13,4,18,418,TRAINING,3,13,0,2,05371264,14dc5980,1776
34,1,2,13,4,18,419,TRAINING,3,13,0,2,05372164,14dc9580,2325
34,1,2,13,4,18,420,TRAINING,6,8,0,3,05362174,14d895c0,1893
34,1,2,13,4,18,421,TRAINING,5,4,1,7,04362175,10d895c4,2560
34,1,2,13,4,18,422,TRAINING,0,1,1,6,74362105,c0d89514,1672
34,1,2,13,4,18,423,TRAINING,7,12,0,0,72364105,c9d80514,1542
34,1,2,13,4,18,424,TRAINING,2,9,1,1,72314605,c9d50814,1579
34,1,2,13,4,18,425,TEST,3,13,0,1,false,1838
34,1,2,13,4,18,426,TEST,1,5,0,1,false,1005
34,1,2,13,4,18,427,TEST,6,8,0,0,true,942
34,1,2,13,4,18,428,TEST,5,4,1,0,false,912
34,1,2,13,4,18,429,TEST,0,1,1,1,true,964
34,1,2,13,4,18,430,TEST,2,9,1,0,false,704
34,1,2,13,4,18,431,TEST,7,12,0,0,true,640
34,1,2,13,4,18,432,TEST,4,0,1,0,false,521
34,1,2,13,4,19,433,TRAINING,1,5,0,2,42170635,095c18d4,1173
34,1,2,13,4,19,434,TRAINING,1,5,0,2,42150637,095418dc,1641
34,1,2,13,4,19,435,TRAINING,7,12,0,7,42150367,09541d8c,1750
34,1,2,13,4,19,436,TRAINING,6,8,0,6,43150267,0d54198c,1645
34,1,2,13,4,19,437,TRAINING,5,4,1,3,13450267,5d04198c,1657
34,1,2,13,4,19,438,TRAINING,3,13,0,1,13250467,5d94108c,1527
34,1,2,13,4,19,439,TRAINING,0,1,1,7,13257460,5d94c081,1671
34,1,2,13,4,19,440,TRAINING,6,8,0,4,13256470,5d9480c1,1854
34,1,2,13,4,19,441,TRAINING,2,9,1,2,31256470,d59480c1,1500
34,1,2,13,4,19,442,TRAINING,2,9,1,2,51236470,459d80c1,1489
34,1,2,13,4,19,443,TRAINING,4,0,1,5,57236410,4c9d8051,1593
34,1,2,13,4,19,444,TRAINING,3,13,0,7,57206413,4c91805d,1616
34,1,2,13,4,19,445,TRAINING,7,12,0,1,17206453,5c91804d,2233
34,1,2,13,4,19,446,TRAINING,5,4,1,4,17205463,5c91408d,1567
34,1,2,13,4,19,447,TRAINING,0,1,1,3,17205364,5c914d80,2101
34,1,2,13,4,19,448,TRAINING,4,0,1,7,37205164,dc914580,1658
34,1,2,13,4,19,449,TEST,7,12,0,1,false,1416
34,1,2,13,4,19,450,TEST,0,1,1,1,true,1084
34,1,2,13,4,19,451,TEST,5,4,1,1,true,564
34,1,2,13,4,19,452,TEST,3,13,0,1,false,561
34,1,2,13,4,19,453,TEST,4,0,1,1,true,458
34,1,2,13,4,19,454,TEST,6,8,0,1,false,343
34,1,2,13,4,19,455,TEST,2,9,1,1,true,534
34,1,2,13,4,19,456,TEST,1,5,0,1,false,575
34,1,2,13,4,INSTRUCT,postquestionnaire,2

rulestrategy:I could never come up with a rule.  It was either too difficult or designed for failure.  I became very frustrated and considered taking notes, but decided that it wouldn't help me anyway.
howtoimprove:The was the most frustrating survey/test I have ever taken on the computer.
engagement:8
difficulty:10
physicalaids:no