35,0,3,21,8,INSTRUCT,instruct1,30664
35,0,3,21,8,INSTRUCT,instructCatExample,26748
35,0,3,21,8,INSTRUCT,instructCatColor,11426
35,0,3,21,8,INSTRUCT,instructCatStripe,19505
35,0,3,21,8,INSTRUCT,instructDemoIntro,54832
35,0,3,21,8,INSTRUCT,instructDemo,48094
35,0,3,21,8,INSTRUCT,instructTest,38107
35,0,3,21,8,INSTRUCT,instructTest2,38270
35,0,3,21,8,INSTRUCT,instructDimColor,15493
35,0,3,21,8,INSTRUCT,instructDimBorder,10035
35,0,3,21,8,INSTRUCT,instructDimDots,6717
35,0,3,21,8,INSTRUCT,instructDimStripe,53742
35,0,3,21,8,INSTRUCT,instructDimAll,30242
35,0,3,21,8,INSTRUCT,instructFinal,56587
35,0,3,21,8,1,1,TRAINING,1,3,1,0,14572063,367fa2eb,7415
35,0,3,21,8,1,2,TRAINING,5,7,0,2,14527063,367af2eb,1283
35,0,3,21,8,1,3,TRAINING,1,3,1,0,14567023,367ef2ab,3129
35,0,3,21,8,1,4,TRAINING,4,6,1,1,14567320,367efba2,978
35,0,3,21,8,1,5,TRAINING,0,2,1,2,14067325,362efba7,1080
35,0,3,21,8,1,6,TRAINING,5,7,0,3,14057326,3627fbae,1395
35,0,3,21,8,1,7,TRAINING,2,10,1,0,24057316,a627fb3e,6440
35,0,3,21,8,1,8,TRAINING,7,15,0,4,24057613,a627fe3b,1010
35,0,3,21,8,1,9,TRAINING,6,14,0,5,21057643,a327fe6b,1922
35,0,3,21,8,1,10,TRAINING,4,6,1,6,21507643,a372fe6b,1066
35,0,3,21,8,1,11,TRAINING,2,10,1,0,21537640,a37bfe62,4226
35,0,3,21,8,1,12,TRAINING,1,3,1,1,21537046,a37bf26e,1050
35,0,3,21,8,1,13,TRAINING,2,10,1,0,21530746,a37b2f6e,2100
35,0,3,21,8,1,14,TRAINING,1,3,1,1,21730546,a3fb276e,2039
35,0,3,21,8,1,15,TRAINING,2,10,1,0,21760543,a3fe276b,1897
35,0,3,21,8,1,16,TRAINING,1,3,1,1,21760534,a3fe27b6,1172
35,0,3,21,8,1,17,TEST,6,14,0,0,true,8436
35,0,3,21,8,1,18,TEST,5,7,0,0,true,5848
35,0,3,21,8,1,19,TEST,1,3,1,1,true,1956
35,0,3,21,8,1,20,TEST,0,2,1,1,true,1569
35,0,3,21,8,1,21,TEST,4,6,1,0,false,1204
35,0,3,21,8,1,22,TEST,7,15,0,0,true,1040
35,0,3,21,8,1,23,TEST,3,11,0,1,false,882
35,0,3,21,8,1,24,TEST,2,10,1,1,true,3383
35,0,3,21,8,2,25,TRAINING,4,6,1,0,47560231,6f7e2ab3,6127
35,0,3,21,8,2,26,TRAINING,0,2,1,4,47160235,6f3e2ab7,1899
35,0,3,21,8,2,27,TRAINING,2,10,1,7,47160532,6f3e27ba,2177
35,0,3,21,8,2,28,TRAINING,6,14,0,6,47130562,6f3b27ea,1696
35,0,3,21,8,2,29,TRAINING,4,6,1,0,47031562,6f2b37ea,5085
35,0,3,21,8,2,30,TRAINING,1,3,1,4,45031762,672b3fea,1721
35,0,3,21,8,2,31,TRAINING,0,2,1,2,43051762,6b273fea,1697
35,0,3,21,8,2,32,TRAINING,5,7,0,3,23051764,ab273fe6,1297
35,0,3,21,8,2,33,TRAINING,1,3,1,0,13052764,3b27afe6,5570
35,0,3,21,8,2,34,TRAINING,3,11,0,1,13452760,3b67afe2,1049
35,0,3,21,8,2,35,TRAINING,4,6,1,2,13402765,3b62afe7,2898
35,0,3,21,8,2,36,TRAINING,7,15,0,7,13402567,3b62a7ef,1713
35,0,3,21,8,2,37,TRAINING,1,3,1,0,12403567,3a62b7ef,6362
35,0,3,21,8,2,38,TRAINING,2,10,1,1,12405367,3a627bef,1689
35,0,3,21,8,2,39,TRAINING,1,3,1,0,12705364,3af27be6,8105
35,0,3,21,8,2,40,TRAINING,2,10,1,1,12705634,3af27eb6,2217
35,0,3,21,8,2,41,TEST,0,2,1,1,true,9432
35,0,3,21,8,2,42,TEST,1,3,1,1,true,1980
35,0,3,21,8,2,43,TEST,6,14,0,0,true,1674
35,0,3,21,8,2,44,TEST,7,15,0,0,true,891
35,0,3,21,8,2,45,TEST,5,7,0,1,false,1120
35,0,3,21,8,2,46,TEST,3,11,0,0,true,1203
35,0,3,21,8,2,47,TEST,2,10,1,0,false,898
35,0,3,21,8,2,48,TEST,4,6,1,1,true,899
35,0,3,21,8,3,49,TRAINING,0,2,1,0,07542631,2f76aeb3,3962
35,0,3,21,8,3,50,TRAINING,4,6,1,3,07542613,2f76ae3b,2173
35,0,3,21,8,3,51,TRAINING,2,10,1,4,01542673,2376aefb,2062
35,0,3,21,8,3,52,TRAINING,6,14,0,5,51042673,7326aefb,3001
35,0,3,21,8,3,53,TRAINING,3,11,0,1,53042671,7b26aef3,5946
35,0,3,21,8,3,54,TRAINING,2,10,1,4,53142670,7b36aef2,1457
35,0,3,21,8,3,55,TRAINING,5,7,0,0,53102674,7b32aef6,2882
35,0,3,21,8,3,56,TRAINING,3,11,0,1,53402671,7b62aef3,1360
35,0,3,21,8,3,57,TRAINING,0,2,1,2,53042671,7b26aef3,1794
35,0,3,21,8,3,58,TRAINING,5,7,0,4,23045671,ab267ef3,3209
35,0,3,21,8,3,59,TRAINING,6,14,0,5,24035671,a62b7ef3,1491
35,0,3,21,8,3,60,TRAINING,4,6,1,1,04235671,26ab7ef3,1342
35,0,3,21,8,3,61,TRAINING,0,2,1,0,04135672,263b7efa,12842
35,0,3,21,8,3,62,TRAINING,2,10,1,7,04315672,26b37efa,4554
35,0,3,21,8,3,63,TRAINING,6,14,0,5,07315642,2fb37e6a,6417
35,0,3,21,8,3,64,TRAINING,4,6,1,2,07415632,2f637eba,2353
35,0,3,21,8,3,65,TEST,6,14,0,0,true,4586
35,0,3,21,8,3,66,TEST,1,3,1,1,true,1250
35,0,3,21,8,3,67,TEST,4,6,1,0,false,1037
35,0,3,21,8,3,68,TEST,2,10,1,1,true,996
35,0,3,21,8,3,69,TEST,3,11,0,1,false,635
35,0,3,21,8,3,70,TEST,5,7,0,0,true,778
35,0,3,21,8,3,71,TEST,7,15,0,0,true,539
35,0,3,21,8,3,72,TEST,0,2,1,1,true,801
35,0,3,21,8,4,73,TRAINING,0,2,1,2,37052461,bf27a6e3,12369
35,0,3,21,8,4,74,TRAINING,2,10,1,4,37052164,bf27a3e6,2098
35,0,3,21,8,4,75,TRAINING,6,14,0,6,37042165,bf26a3e7,3510
35,0,3,21,8,4,76,TRAINING,4,6,1,0,47032165,6f2ba3e7,7760
35,0,3,21,8,4,77,TRAINING,7,15,0,1,47052163,6f27a3eb,2163
35,0,3,21,8,4,78,TRAINING,0,2,1,2,47052136,6f27a3be,1265
35,0,3,21,8,4,79,TRAINING,2,10,1,4,47012536,6f23a7be,7426
35,0,3,21,8,4,80,TRAINING,7,15,0,5,45012736,6723afbe,1459
35,0,3,21,8,4,81,TRAINING,4,6,1,0,46012735,6e23afb7,1569
35,0,3,21,8,4,82,TRAINING,6,14,0,1,46012753,6e23af7b,2388
35,0,3,21,8,4,83,TRAINING,7,15,0,5,46012735,6e23afb7,1766
35,0,3,21,8,4,84,TRAINING,5,7,0,7,06412735,2e63afb7,1377
35,0,3,21,8,4,85,TRAINING,4,6,1,2,01462735,236eafb7,2002
35,0,3,21,8,4,86,TRAINING,0,2,1,0,07462135,2f6ea3b7,6754
35,0,3,21,8,4,87,TRAINING,4,6,1,2,07461235,2f6e3ab7,2938
35,0,3,21,8,4,88,TRAINING,2,10,1,5,07451236,2f673abe,3150
35,0,3,21,8,4,89,TEST,3,11,0,0,true,6034
35,0,3,21,8,4,90,TEST,2,10,1,1,true,1266
35,0,3,21,8,4,91,TEST,4,6,1,1,true,618
35,0,3,21,8,4,92,TEST,7,15,0,0,true,840
35,0,3,21,8,4,93,TEST,6,14,0,1,false,834
35,0,3,21,8,4,94,TEST,0,2,1,1,true,571
35,0,3,21,8,4,95,TEST,5,7,0,0,true,893
35,0,3,21,8,4,96,TEST,1,3,1,0,false,722
35,0,3,21,8,5,97,TRAINING,2,10,1,0,21567430,a37ef6b2,14897
35,0,3,21,8,5,98,TRAINING,6,14,0,3,21367450,a3bef672,1697
35,0,3,21,8,5,99,TRAINING,2,10,1,0,21367540,a3bef762,3922
35,0,3,21,8,5,100,TRAINING,3,11,0,2,21364570,a3be67f2,2050
35,0,3,21,8,5,101,TRAINING,6,14,0,3,20364571,a2be67f3,8014
35,0,3,21,8,5,102,TRAINING,4,6,1,4,70364521,f2be67a3,3289
35,0,3,21,8,5,103,TRAINING,0,2,1,1,70364251,f2be6a73,14537
35,0,3,21,8,5,104,TRAINING,2,10,1,5,30764251,b2fe6a73,2177
35,0,3,21,8,5,105,TRAINING,3,11,0,6,50764231,72fe6ab3,5409
35,0,3,21,8,5,106,TRAINING,1,3,1,3,50714236,72f36abe,2115
35,0,3,21,8,5,107,TRAINING,5,7,0,0,50214736,72a36fbe,5642
35,0,3,21,8,5,108,TRAINING,4,6,1,4,53214706,7ba36f2e,1616
35,0,3,21,8,5,109,TRAINING,2,10,1,2,51234706,73ab6f2e,11694
35,0,3,21,8,5,110,TRAINING,6,14,0,7,50234716,72ab6f3e,5328
35,0,3,21,8,5,111,TRAINING,0,2,1,1,50231746,72ab3f6e,3871
35,0,3,21,8,5,112,TRAINING,2,10,1,2,40231756,62ab3f7e,1744
35,0,3,21,8,5,113,TEST,1,3,1,1,true,1578
35,0,3,21,8,5,114,TEST,6,14,0,0,true,1017
35,0,3,21,8,5,115,TEST,2,10,1,1,true,817
35,0,3,21,8,5,116,TEST,5,7,0,0,true,963
35,0,3,21,8,5,117,TEST,3,11,0,1,false,12471
35,0,3,21,8,5,118,TEST,4,6,1,0,false,1323
35,0,3,21,8,5,119,TEST,0,2,1,1,true,704
35,0,3,21,8,5,120,TEST,7,15,0,0,true,826
35,0,3,21,8,6,121,TRAINING,2,10,1,0,20641753,a2e63f7b,10096
35,0,3,21,8,6,122,TRAINING,0,2,1,1,20341756,a2b63f7e,1158
35,0,3,21,8,6,123,TRAINING,4,6,1,3,20346751,a2b6ef73,1377
35,0,3,21,8,6,124,TRAINING,2,10,1,4,60342751,e2b6af73,2698
35,0,3,21,8,6,125,TRAINING,3,11,0,2,60342715,e2b6af37,3554
35,0,3,21,8,6,126,TRAINING,7,15,0,5,60352714,e2b7af36,1538
35,0,3,21,8,6,127,TRAINING,1,3,1,6,20356714,a2b7ef36,1409
35,0,3,21,8,6,128,TRAINING,2,10,1,0,23056714,ab27ef36,9930
35,0,3,21,8,6,129,TRAINING,3,11,0,1,23756014,abf7e236,1321
35,0,3,21,8,6,130,TRAINING,2,10,1,0,23156074,ab37e2f6,1625
35,0,3,21,8,6,131,TRAINING,2,10,1,0,23756014,abf7e236,3227
35,0,3,21,8,6,132,TRAINING,6,14,0,4,23706514,abf2e736,1073
35,0,3,21,8,6,133,TRAINING,4,6,1,7,23706154,abf2e376,6594
35,0,3,21,8,6,134,TRAINING,5,7,0,3,23756104,abf7e326,1552
35,0,3,21,8,6,135,TRAINING,2,10,1,0,23657104,abe7f326,6939
35,0,3,21,8,6,136,TRAINING,3,11,0,1,23657140,abe7f362,1855
35,0,3,21,8,6,137,TEST,7,15,0,0,true,3128
35,0,3,21,8,6,138,TEST,4,6,1,1,true,2115
35,0,3,21,8,6,139,TEST,5,7,0,0,true,1074
35,0,3,21,8,6,140,TEST,6,14,0,0,true,1228
35,0,3,21,8,6,141,TEST,1,3,1,0,false,834
35,0,3,21,8,6,142,TEST,0,2,1,1,true,853
35,0,3,21,8,6,143,TEST,2,10,1,1,true,558
35,0,3,21,8,6,144,TEST,3,11,0,0,true,1491
35,0,3,21,8,7,145,TRAINING,2,10,1,2,37210546,bfa3276e,13616
35,0,3,21,8,7,146,TRAINING,6,14,0,1,36210547,bea3276f,1761
35,0,3,21,8,7,147,TRAINING,3,11,0,0,36210457,bea3267f,7146
35,0,3,21,8,7,148,TRAINING,6,14,0,1,36012457,be23a67f,1760
35,0,3,21,8,7,149,TRAINING,2,10,1,6,36015427,be2376af,1905
35,0,3,21,8,7,150,TRAINING,7,15,0,0,76015423,fe2376ab,6864
35,0,3,21,8,7,151,TRAINING,6,14,0,1,76415023,fe6372ab,1401
35,0,3,21,8,7,152,TRAINING,4,6,1,2,76413025,fe63b2a7,1401
35,0,3,21,8,7,153,TRAINING,6,14,0,1,16473025,3e6fb2a7,2005
35,0,3,21,8,7,154,TRAINING,4,6,1,2,16472035,3e6fa2b7,4255
35,0,3,21,8,7,155,TRAINING,1,3,1,0,16432075,3e6ba2f7,10866
35,0,3,21,8,7,156,TRAINING,3,11,0,3,17432065,3f6ba2e7,1946
35,0,3,21,8,7,157,TRAINING,2,10,1,2,17234065,3fab62e7,7290
35,0,3,21,8,7,158,TRAINING,6,14,0,6,17234560,3fab67e2,1672
35,0,3,21,8,7,159,TRAINING,4,6,1,4,57234160,7fab63e2,4897
35,0,3,21,8,7,160,TRAINING,7,15,0,0,75234160,f7ab63e2,1913
35,0,3,21,8,7,161,TEST,5,7,0,0,true,3688
35,0,3,21,8,7,162,TEST,1,3,1,1,true,2367
35,0,3,21,8,7,163,TEST,2,10,1,1,true,837
35,0,3,21,8,7,164,TEST,0,2,1,1,true,1215
35,0,3,21,8,7,165,TEST,7,15,0,0,true,872
35,0,3,21,8,7,166,TEST,4,6,1,0,false,978
35,0,3,21,8,7,167,TEST,3,11,0,1,false,1266
35,0,3,21,8,7,168,TEST,6,14,0,0,true,739
35,0,3,21,8,8,169,TRAINING,4,6,1,0,45716203,67f3ea2b,14993
35,0,3,21,8,8,170,TRAINING,2,10,1,4,45712603,67f3ae2b,2617
35,0,3,21,8,8,171,TRAINING,6,14,0,5,43712605,6bf3ae27,2369
35,0,3,21,8,8,172,TRAINING,2,10,1,4,13742605,3bf6ae27,2224
35,0,3,21,8,8,173,TRAINING,4,6,1,1,14732605,36fbae27,1940
35,0,3,21,8,8,174,TRAINING,0,2,1,6,34712605,b6f3ae27,3928
35,0,3,21,8,8,175,TRAINING,3,11,0,0,34612705,b6e3af27,4404
35,0,3,21,8,8,176,TRAINING,1,3,1,3,34615702,b6e37f2a,2344
35,0,3,21,8,8,177,TRAINING,4,6,1,1,34015762,b6237fea,9394
35,0,3,21,8,8,178,TRAINING,5,7,0,2,34510762,b6732fea,1642
35,0,3,21,8,8,179,TRAINING,4,6,1,1,34510726,b6732fae,7793
35,0,3,21,8,8,180,TRAINING,6,14,0,7,14530726,367b2fae,1617
35,0,3,21,8,8,181,TRAINING,1,3,1,0,14537026,367bf2ae,9218
35,0,3,21,8,8,182,TRAINING,5,7,0,2,14532076,367ba2fe,1625
35,0,3,21,8,8,183,TRAINING,2,10,1,4,17532046,3f7ba26e,5521
35,0,3,21,8,8,184,TRAINING,6,14,0,5,17532640,3f7bae62,1721
35,0,3,21,8,8,185,TEST,7,15,0,1,false,3969
35,0,3,21,8,8,186,TEST,3,11,0,0,true,1837
35,0,3,21,8,8,187,TEST,4,6,1,1,true,1051
35,0,3,21,8,8,188,TEST,1,3,1,0,false,1099
35,0,3,21,8,8,189,TEST,5,7,0,1,false,1017
35,0,3,21,8,8,190,TEST,2,10,1,0,false,969
35,0,3,21,8,8,191,TEST,0,2,1,0,false,532
35,0,3,21,8,8,192,TEST,6,14,0,1,false,946
35,0,3,21,8,9,193,TRAINING,2,10,1,1,72160435,fa3e26b7,6799
35,0,3,21,8,9,194,TRAINING,6,14,0,3,32160475,ba3e26f7,2561
35,0,3,21,8,9,195,TRAINING,3,11,0,0,32760415,bafe2637,5750
35,0,3,21,8,9,196,TRAINING,2,10,1,1,32760145,bafe2367,1361
35,0,3,21,8,9,197,TRAINING,7,15,0,2,32760154,bafe2376,2284
35,0,3,21,8,9,198,TRAINING,5,7,0,6,32740156,baf6237e,6049
35,0,3,21,8,9,199,TRAINING,6,14,0,7,02743156,2af6b37e,3306
35,0,3,21,8,9,200,TRAINING,0,2,1,0,07243156,2fa6b37e,7304
35,0,3,21,8,9,201,TRAINING,0,2,1,0,07241356,2fa63b7e,23304
35,0,3,21,8,9,202,TRAINING,1,3,1,4,07421356,2f6a3b7e,1478
35,0,3,21,8,9,203,TRAINING,4,6,1,2,02471356,2a6f3b7e,1599
35,0,3,21,8,9,204,TRAINING,5,7,0,6,02431756,2a6b3f7e,1561
35,0,3,21,8,9,205,TRAINING,6,14,0,0,62431750,ea6b3f72,5280
35,0,3,21,8,9,206,TRAINING,7,15,0,1,67431250,ef6b3a72,1290
35,0,3,21,8,9,207,TRAINING,2,10,1,5,67435210,ef6b7a32,1546
35,0,3,21,8,9,208,TRAINING,6,14,0,0,67435201,ef6b7a23,6426
35,0,3,21,8,9,209,TEST,4,6,1,1,true,2941
35,0,3,21,8,9,210,TEST,2,10,1,1,true,1195
35,0,3,21,8,9,211,TEST,1,3,1,1,true,1090
35,0,3,21,8,9,212,TEST,0,2,1,0,false,995
35,0,3,21,8,9,213,TEST,6,14,0,0,true,4928
35,0,3,21,8,9,214,TEST,5,7,0,0,true,2443
35,0,3,21,8,9,215,TEST,3,11,0,1,false,1075
35,0,3,21,8,9,216,TEST,7,15,0,1,false,867
35,0,3,21,8,10,217,TRAINING,6,14,0,0,65024137,e72a63bf,14370
35,0,3,21,8,10,218,TRAINING,4,6,1,2,65420137,e76a23bf,1824
35,0,3,21,8,10,219,TRAINING,6,14,0,0,65470132,e76f23ba,2145
35,0,3,21,8,10,220,TRAINING,2,10,1,1,62470135,ea6f23b7,1362
35,0,3,21,8,10,221,TRAINING,6,14,0,0,62370145,eabf2367,1552
35,0,3,21,8,10,222,TRAINING,5,7,0,2,62570143,ea7f236b,1442
35,0,3,21,8,10,223,TRAINING,7,15,0,3,62570134,ea7f23b6,1313
35,0,3,21,8,10,224,TRAINING,6,14,0,4,02576134,2a7fe3b6,2537
35,0,3,21,8,10,225,TRAINING,4,6,1,7,52076134,7a2fe3b6,1611
35,0,3,21,8,10,226,TRAINING,2,10,1,1,52036174,7a2be3f6,19345
35,0,3,21,8,10,227,TRAINING,0,2,1,2,62035174,ea2b73f6,1417
35,0,3,21,8,10,228,TRAINING,1,3,1,5,42035176,6a2b73fe,1770
35,0,3,21,8,10,229,TRAINING,4,6,1,0,47035126,6f2b73ae,6592
35,0,3,21,8,10,230,TRAINING,5,7,0,4,47035162,6f2b73ea,2232
35,0,3,21,8,10,231,TRAINING,7,15,0,1,47305162,6fb273ea,6650
35,0,3,21,8,10,232,TRAINING,4,6,1,5,17305462,3fb276ea,4227
35,0,3,21,8,10,233,TEST,4,6,1,1,true,4463
35,0,3,21,8,10,234,TEST,3,11,0,0,true,1097
35,0,3,21,8,10,235,TEST,5,7,0,0,true,787
35,0,3,21,8,10,236,TEST,7,15,0,0,true,658
35,0,3,21,8,10,237,TEST,1,3,1,0,false,602
35,0,3,21,8,10,238,TEST,6,14,0,1,false,818
35,0,3,21,8,10,239,TEST,0,2,1,1,true,636
35,0,3,21,8,10,240,TEST,2,10,1,1,true,497
35,0,3,21,8,11,241,TRAINING,4,6,1,2,35401726,b7623fae,11167
35,0,3,21,8,11,242,TRAINING,0,2,1,0,05431726,276b3fae,1785
35,0,3,21,8,11,243,TRAINING,2,10,1,6,06431725,2e6b3fa7,5281
35,0,3,21,8,11,244,TRAINING,6,14,0,7,05431726,276b3fae,1850
35,0,3,21,8,11,245,TRAINING,3,11,0,3,50431726,726b3fae,10946
35,0,3,21,8,11,246,TRAINING,6,14,0,7,57431026,7f6b32ae,1063
35,0,3,21,8,11,247,TRAINING,2,10,1,6,75431026,f76b32ae,1498
35,0,3,21,8,11,248,TRAINING,7,15,0,0,70431526,f26b37ae,2330
35,0,3,21,8,11,249,TRAINING,4,6,1,2,70461523,f26e37ab,1344
35,0,3,21,8,11,250,TRAINING,4,6,1,2,70431526,f26b37ae,8723
35,0,3,21,8,11,251,TRAINING,6,14,0,7,70435126,f26b73ae,1448
35,0,3,21,8,11,252,TRAINING,0,2,1,1,70425136,f26a73be,2875
35,0,3,21,8,11,253,TRAINING,2,10,1,0,20475136,a26f73be,1817
35,0,3,21,8,11,254,TRAINING,4,6,1,2,20475316,a26f7b3e,1469
35,0,3,21,8,11,255,TRAINING,0,2,1,5,23475016,ab6f723e,2431
35,0,3,21,8,11,256,TRAINING,6,14,0,7,27435016,af6b723e,1408
35,0,3,21,8,11,257,TEST,0,2,1,1,true,1194
35,0,3,21,8,11,258,TEST,2,10,1,1,true,810
35,0,3,21,8,11,259,TEST,1,3,1,0,false,851
35,0,3,21,8,11,260,TEST,4,6,1,1,true,844
35,0,3,21,8,11,261,TEST,6,14,0,1,false,528
35,0,3,21,8,11,262,TEST,5,7,0,0,true,923
35,0,3,21,8,11,263,TEST,3,11,0,0,true,561
35,0,3,21,8,11,264,TEST,7,15,0,0,true,467
35,0,3,21,8,12,265,TRAINING,4,6,1,2,37401265,bf623ae7,5915
35,0,3,21,8,12,266,TRAINING,0,2,1,3,57401263,7f623aeb,1074
35,0,3,21,8,12,267,TRAINING,2,10,1,5,53401267,7b623aef,1441
35,0,3,21,8,12,268,TRAINING,6,14,0,6,35401267,b7623aef,1872
35,0,3,21,8,12,269,TRAINING,3,11,0,0,31405267,b3627aef,8962
35,0,3,21,8,12,270,TRAINING,2,10,1,5,31045267,b3267aef,1402
35,0,3,21,8,12,271,TRAINING,4,6,1,2,31405267,b3627aef,8271
35,0,3,21,8,12,272,TRAINING,5,7,0,4,01435267,236b7aef,1490
35,0,3,21,8,12,273,TRAINING,2,10,1,5,03415267,2b637aef,2222
35,0,3,21,8,12,274,TRAINING,6,14,0,2,03615247,2be37a6f,1950
35,0,3,21,8,12,275,TRAINING,0,2,1,0,03614257,2be36a7f,2626
35,0,3,21,8,12,276,TRAINING,6,14,0,2,03624157,2bea637f,1394
35,0,3,21,8,12,277,TRAINING,0,2,1,0,03674152,2bef637a,14834
35,0,3,21,8,12,278,TRAINING,5,7,0,4,03675142,2bef736a,1533
35,0,3,21,8,12,279,TRAINING,0,2,1,0,03765142,2bfe736a,1422
35,0,3,21,8,12,280,TRAINING,4,6,1,2,03465172,2b6e73fa,1426
35,0,3,21,8,12,281,TEST,5,7,0,0,true,1508
35,0,3,21,8,12,282,TEST,7,15,0,0,true,663
35,0,3,21,8,12,283,TEST,6,14,0,1,false,1160
35,0,3,21,8,12,284,TEST,3,11,0,0,true,1026
35,0,3,21,8,12,285,TEST,1,3,1,0,false,1053
35,0,3,21,8,12,286,TEST,2,10,1,1,true,926
35,0,3,21,8,12,287,TEST,4,6,1,1,true,887
35,0,3,21,8,12,288,TEST,0,2,1,1,true,713
35,0,3,21,8,13,289,TRAINING,2,10,1,0,20561473,a27e36fb,3667
35,0,3,21,8,13,290,TRAINING,0,2,1,1,20563471,a27eb6f3,1650
35,0,3,21,8,13,291,TRAINING,4,6,1,3,20543671,a276bef3,1577
35,0,3,21,8,13,292,TRAINING,2,10,1,7,10543672,3276befa,1665
35,0,3,21,8,13,293,TRAINING,0,2,1,5,16543072,3e76b2fa,1580
35,0,3,21,8,13,294,TRAINING,1,3,1,0,13546072,3b76e2fa,1403
35,0,3,21,8,13,295,TRAINING,3,11,0,1,13576042,3b7fe26a,2312
35,0,3,21,8,13,296,TRAINING,7,15,0,3,13276045,3bafe267,1747
35,0,3,21,8,13,297,TRAINING,3,11,0,1,13672045,3befa267,4964
35,0,3,21,8,13,298,TRAINING,6,14,0,2,13674025,3bef62a7,1273
35,0,3,21,8,13,299,TRAINING,7,15,0,4,13647025,3be6f2a7,2002
35,0,3,21,8,13,300,TRAINING,2,10,1,6,15647023,37e6f2ab,2081
35,0,3,21,8,13,301,TRAINING,6,14,0,0,65147023,e736f2ab,5736
35,0,3,21,8,13,302,TRAINING,5,7,0,1,65147320,e736fba2,1257
35,0,3,21,8,13,303,TRAINING,4,6,1,3,65047321,e726fba3,1370
35,0,3,21,8,13,304,TRAINING,0,2,1,2,35047621,b726fea3,2858
35,0,3,21,8,13,305,TEST,0,2,1,1,true,1345
35,0,3,21,8,13,306,TEST,4,6,1,1,true,625
35,0,3,21,8,13,307,TEST,1,3,1,0,false,789
35,0,3,21,8,13,308,TEST,5,7,0,0,true,563
35,0,3,21,8,13,309,TEST,2,10,1,1,true,1033
35,0,3,21,8,13,310,TEST,3,11,0,0,true,724
35,0,3,21,8,13,311,TEST,6,14,0,1,false,737
35,0,3,21,8,13,312,TEST,7,15,0,0,true,795
35,0,3,21,8,14,313,TRAINING,4,6,1,1,54362701,76beaf23,10971
35,0,3,21,8,14,314,TRAINING,6,14,0,3,54263701,76aebf23,1258
35,0,3,21,8,14,315,TRAINING,6,14,0,3,54163702,763ebf2a,1722
35,0,3,21,8,14,316,TRAINING,7,15,0,1,57163402,7f3eb62a,1719
35,0,3,21,8,14,317,TRAINING,2,10,1,4,57162403,7f3ea62b,1502
35,0,3,21,8,14,318,TRAINING,4,6,1,0,47162503,6f3ea72b,1769
35,0,3,21,8,14,319,TRAINING,7,15,0,1,47612503,6fe3a72b,1401
35,0,3,21,8,14,320,TRAINING,6,14,0,2,47612053,6fe3a27b,5689
35,0,3,21,8,14,321,TRAINING,4,6,1,3,17642053,3fe6a27b,1834
35,0,3,21,8,14,322,TRAINING,7,15,0,1,07642153,2fe6a37b,5210
35,0,3,21,8,14,323,TRAINING,6,14,0,2,27640153,afe6237b,3596
35,0,3,21,8,14,324,TRAINING,2,10,1,0,27640135,afe623b7,1615
35,0,3,21,8,14,325,TRAINING,4,6,1,1,24670135,a6ef23b7,1531
35,0,3,21,8,14,326,TRAINING,6,14,0,2,24675130,a6ef73b2,3777
35,0,3,21,8,14,327,TRAINING,5,7,0,3,24657130,a6e7f3b2,2570
35,0,3,21,8,14,328,TRAINING,4,6,1,1,34657120,b6e7f3a2,2185
35,0,3,21,8,14,329,TEST,2,10,1,0,false,2832
35,0,3,21,8,14,330,TEST,1,3,1,1,true,1107
35,0,3,21,8,14,331,TEST,6,14,0,0,true,722
35,0,3,21,8,14,332,TEST,5,7,0,1,false,659
35,0,3,21,8,14,333,TEST,0,2,1,0,false,779
35,0,3,21,8,14,334,TEST,4,6,1,0,false,674
35,0,3,21,8,14,335,TEST,7,15,0,1,false,826
35,0,3,21,8,14,336,TEST,3,11,0,1,false,539
35,0,3,21,8,15,337,TRAINING,6,14,0,0,64052713,e627af3b,13335
35,0,3,21,8,15,338,TRAINING,4,6,1,1,64057213,e627fa3b,1106
35,0,3,21,8,15,339,TRAINING,6,14,0,0,64027513,e62af73b,2763
35,0,3,21,8,15,340,TRAINING,2,10,1,3,64027315,e62afb37,1507
35,0,3,21,8,15,341,TRAINING,6,14,0,0,64021375,e62a3bf7,1409
35,0,3,21,8,15,342,TRAINING,4,6,1,1,64021735,e62a3fb7,1110
35,0,3,21,8,15,343,TRAINING,6,14,0,0,64031725,e62b3fa7,10913
35,0,3,21,8,15,344,TRAINING,4,6,1,1,64531720,e67b3fa2,1041
35,0,3,21,8,15,345,TRAINING,6,14,0,0,64532710,e67baf32,2001
35,0,3,21,8,15,346,TRAINING,2,10,1,3,64523710,e67abf32,2249
35,0,3,21,8,15,347,TRAINING,6,14,0,0,64023715,e62abf37,1346
35,0,3,21,8,15,348,TRAINING,4,6,1,1,64023175,e62ab3f7,2472
35,0,3,21,8,15,349,TRAINING,6,14,0,0,64123075,e63ab2f7,9990
35,0,3,21,8,15,350,TRAINING,4,6,1,1,64123705,e63abf27,1675
35,0,3,21,8,15,351,TRAINING,3,11,0,2,64321705,e6ba3f27,4234
35,0,3,21,8,15,352,TRAINING,1,3,1,4,64321075,e6ba32f7,2058
35,0,3,21,8,15,353,TEST,1,3,1,1,true,2137
35,0,3,21,8,15,354,TEST,7,15,0,1,false,650
35,0,3,21,8,15,355,TEST,3,11,0,1,false,458
35,0,3,21,8,15,356,TEST,6,14,0,0,true,692
35,0,3,21,8,15,357,TEST,0,2,1,0,false,444
35,0,3,21,8,15,358,TEST,5,7,0,1,false,922
35,0,3,21,8,15,359,TEST,4,6,1,0,false,866
35,0,3,21,8,15,360,TEST,2,10,1,0,false,516
35,0,3,21,8,16,361,TRAINING,6,14,0,1,36145207,be367a2f,12004
35,0,3,21,8,16,362,TRAINING,0,2,1,3,36105247,be327a6f,1434
35,0,3,21,8,16,363,TRAINING,6,14,0,1,16305247,3eb27a6f,2335
35,0,3,21,8,16,364,TRAINING,3,11,0,2,16305274,3eb27af6,1330
35,0,3,21,8,16,365,TRAINING,7,15,0,0,76305214,feb27a36,2203
35,0,3,21,8,16,366,TRAINING,2,10,1,3,76325014,feba7236,2041
35,0,3,21,8,16,367,TRAINING,7,15,0,0,76325104,feba7326,3322
35,0,3,21,8,16,368,TRAINING,5,7,0,1,75326104,f7bae326,1482
35,0,3,21,8,16,369,TRAINING,6,14,0,4,75026134,f72ae3b6,1505
35,0,3,21,8,16,370,TRAINING,4,6,1,0,45026137,672ae3bf,2894
35,0,3,21,8,16,371,TRAINING,4,6,1,0,45036127,672be3af,6805
35,0,3,21,8,16,372,TRAINING,2,10,1,2,45236107,67abe32f,1413
35,0,3,21,8,16,373,TRAINING,0,2,1,4,45230167,67ab23ef,2024
35,0,3,21,8,16,374,TRAINING,6,14,0,6,45270163,67af23eb,1100
35,0,3,21,8,16,375,TRAINING,2,10,1,0,25470163,a76f23eb,1882
35,0,3,21,8,16,376,TRAINING,7,15,0,3,25470361,a76f2be3,1706
35,0,3,21,8,16,377,TEST,6,14,0,0,true,4365
35,0,3,21,8,16,378,TEST,2,10,1,0,false,1223
35,0,3,21,8,16,379,TEST,7,15,0,0,true,626
35,0,3,21,8,16,380,TEST,1,3,1,1,true,977
35,0,3,21,8,16,381,TEST,3,11,0,0,true,712
35,0,3,21,8,16,382,TEST,5,7,0,1,false,772
35,0,3,21,8,16,383,TEST,4,6,1,1,true,568
35,0,3,21,8,16,384,TEST,0,2,1,1,true,474
35,0,3,21,8,17,385,TRAINING,0,2,1,1,50276413,72afe63b,2639
35,0,3,21,8,17,386,TRAINING,6,14,0,4,50376412,72bfe63a,2420
35,0,3,21,8,17,387,TRAINING,3,11,0,2,10376452,32bfe67a,2841
35,0,3,21,8,17,388,TRAINING,7,15,0,3,10376542,32bfe76a,1752
35,0,3,21,8,17,389,TRAINING,6,14,0,4,10376245,32bfea67,1498
35,0,3,21,8,17,390,TRAINING,2,10,1,5,15376240,37bfea62,1338
35,0,3,21,8,17,391,TRAINING,4,6,1,0,45376210,67bfea32,3800
35,0,3,21,8,17,392,TRAINING,5,7,0,1,45371260,67bf3ae2,1281
35,0,3,21,8,17,393,TRAINING,7,15,0,2,45731260,67fb3ae2,1199
35,0,3,21,8,17,394,TRAINING,6,14,0,3,45761230,67fe3ab2,1252
35,0,3,21,8,17,395,TRAINING,2,10,1,5,40761235,62fe3ab7,1204
35,0,3,21,8,17,396,TRAINING,3,11,0,6,50761234,72fe3ab6,1728
35,0,3,21,8,17,397,TRAINING,5,7,0,0,50671234,72ef3ab6,2353
35,0,3,21,8,17,398,TRAINING,1,3,1,1,51670234,73ef2ab6,3346
35,0,3,21,8,17,399,TRAINING,4,6,1,3,51640237,73e62abf,4621
35,0,3,21,8,17,400,TRAINING,0,2,1,4,31640257,b3e62a7f,1044
35,0,3,21,8,17,401,TEST,5,7,0,0,true,1970
35,0,3,21,8,17,402,TEST,7,15,0,0,true,1634
35,0,3,21,8,17,403,TEST,3,11,0,0,true,615
35,0,3,21,8,17,404,TEST,6,14,0,0,true,1291
35,0,3,21,8,17,405,TEST,2,10,1,0,false,601
35,0,3,21,8,17,406,TEST,0,2,1,1,true,747
35,0,3,21,8,17,407,TEST,4,6,1,1,true,515
35,0,3,21,8,17,408,TEST,1,3,1,0,false,794
35,0,3,21,8,18,409,TRAINING,2,10,1,1,52436701,7a6bef23,3860
35,0,3,21,8,18,410,TRAINING,6,14,0,2,52634701,7aeb6f23,1466
35,0,3,21,8,18,411,TRAINING,2,10,1,1,52631704,7aeb3f26,1505
35,0,3,21,8,18,412,TRAINING,7,15,0,0,72631504,faeb3726,3898
35,0,3,21,8,18,413,TRAINING,2,10,1,1,72635104,faeb7326,1192
35,0,3,21,8,18,414,TRAINING,7,15,0,0,72365104,fabe7326,3778
35,0,3,21,8,18,415,TRAINING,6,14,0,2,72635104,faeb7326,2171
35,0,3,21,8,18,416,TRAINING,5,7,0,5,72631504,faeb3726,1210
35,0,3,21,8,18,417,TRAINING,4,6,1,7,72630514,faeb2736,1131
35,0,3,21,8,18,418,TRAINING,6,14,0,2,71630524,f3eb27a6,3991
35,0,3,21,8,18,419,TRAINING,0,2,1,4,71650324,f3e72ba6,2690
35,0,3,21,8,18,420,TRAINING,4,6,1,0,41650327,63e72baf,5714
35,0,3,21,8,18,421,TRAINING,1,3,1,2,46150327,6e372baf,1401
35,0,3,21,8,18,422,TRAINING,0,2,1,4,46130527,6e3b27af,1690
35,0,3,21,8,18,423,TRAINING,5,7,0,5,26130547,ae3b276f,1248
35,0,3,21,8,18,424,TRAINING,6,14,0,2,21630547,a3eb276f,4850
35,0,3,21,8,18,425,TEST,4,6,1,1,true,1057
35,0,3,21,8,18,426,TEST,5,7,0,1,false,506
35,0,3,21,8,18,427,TEST,6,14,0,1,false,491
35,0,3,21,8,18,428,TEST,1,3,1,1,true,490
35,0,3,21,8,18,429,TEST,2,10,1,0,false,793
35,0,3,21,8,18,430,TEST,3,11,0,0,true,474
35,0,3,21,8,18,431,TEST,7,15,0,0,true,507
35,0,3,21,8,18,432,TEST,0,2,1,1,true,804
35,0,3,21,8,19,433,TRAINING,2,10,1,1,52170364,7a3f2be6,4102
35,0,3,21,8,19,434,TRAINING,6,14,0,3,52160374,7a3e2bf6,1845
35,0,3,21,8,19,435,TRAINING,3,11,0,0,32160574,ba3e27f6,1671
35,0,3,21,8,19,436,TRAINING,2,10,1,1,32167504,ba3ef726,1209
35,0,3,21,8,19,437,TRAINING,5,7,0,3,32157604,ba37fe26,1522
35,0,3,21,8,19,438,TRAINING,6,14,0,5,32150674,ba372ef6,1280
35,0,3,21,8,19,439,TRAINING,7,15,0,6,34150672,b6372efa,1395
35,0,3,21,8,19,440,TRAINING,5,7,0,3,14350672,36b72efa,4721
35,0,3,21,8,19,441,TRAINING,4,6,1,1,64350172,e6b723fa,2849
35,0,3,21,8,19,442,TRAINING,3,11,0,2,04356172,26b7e3fa,5001
35,0,3,21,8,19,443,TRAINING,6,14,0,0,64350172,e6b723fa,1975
35,0,3,21,8,19,444,TRAINING,2,10,1,4,64352170,e6b7a3f2,1632
35,0,3,21,8,19,445,TRAINING,6,14,0,0,64532170,e67ba3f2,4786
35,0,3,21,8,19,446,TRAINING,3,11,0,3,65432170,e76ba3f2,1557
35,0,3,21,8,19,447,TRAINING,6,14,0,0,62435170,ea6b73f2,1940
35,0,3,21,8,19,448,TRAINING,2,10,1,1,62431570,ea6b37f2,1106
35,0,3,21,8,19,449,TEST,0,2,1,1,true,1009
35,0,3,21,8,19,450,TEST,7,15,0,0,true,691
35,0,3,21,8,19,451,TEST,4,6,1,0,false,506
35,0,3,21,8,19,452,TEST,6,14,0,0,true,522
35,0,3,21,8,19,453,TEST,2,10,1,1,true,731
35,0,3,21,8,19,454,TEST,3,11,0,1,false,459
35,0,3,21,8,19,455,TEST,5,7,0,0,true,745
35,0,3,21,8,19,456,TEST,1,3,1,1,true,1449
35,0,3,21,8,INSTRUCT,postquestionnaire,11

rulestrategy:I started with the frame color.  They were all rough, so that didn't matter.  Next I went to the background color, and finally if they had a diagonal bar or not.  I just started with a white frame and if I got 2 or 3 right I went from there.  I feel like it was mostly trial and error and I didn't think I was doing well, so I would not be able to explain to someone else how to do it.
howtoimprove:The only thing I can say is make it easier and let people know more if they are doing well or not.  It is easy to get discouraged and think, I can't get the hang of this, I'm just going to X out of it and try another.
engagement:10
difficulty:10
physicalaids:no