37,1,3,22,11,INSTRUCT,instruct1,37113
37,1,3,22,11,INSTRUCT,instructCatExample,62360
37,1,3,22,11,INSTRUCT,instructCatColor,7379
37,1,3,22,11,INSTRUCT,instructCatStripe,12374
37,1,3,22,11,INSTRUCT,instructDemoIntro,7213
37,1,3,22,11,INSTRUCT,instructDemo,106725
37,1,3,22,11,INSTRUCT,instructTest,36115
37,1,3,22,11,INSTRUCT,instructTest2,15133
37,1,3,22,11,INSTRUCT,instructDimColor,12254
37,1,3,22,11,INSTRUCT,instructDimBorder,5618
37,1,3,22,11,INSTRUCT,instructDimDots,3812
37,1,3,22,11,INSTRUCT,instructDimStripe,4702
37,1,3,22,11,INSTRUCT,instructDimAll,3703
37,1,3,22,11,INSTRUCT,instructFinal,7816
37,1,3,22,11,1,1,TRAINING,6,13,0,3,17560234,6ced754f,4742
37,1,3,22,11,1,2,TRAINING,2,5,1,5,17560243,6ced75f4,2346
37,1,3,22,11,1,3,TRAINING,3,4,0,1,13560247,64ed75fc,9897
37,1,3,22,11,1,4,TRAINING,6,13,0,3,13760245,64cd75fe,1949
37,1,3,22,11,1,5,TRAINING,4,15,1,6,53760241,e4cd75f6,7419
37,1,3,22,11,1,6,TRAINING,2,5,1,5,13760245,64cd75fe,2095
37,1,3,22,11,1,7,TRAINING,7,12,0,2,13706245,64c7d5fe,6452
37,1,3,22,11,1,8,TRAINING,4,15,1,3,13746205,64cfd57e,3602
37,1,3,22,11,1,9,TRAINING,0,7,1,4,13740265,64cf75de,2412
37,1,3,22,11,1,10,TRAINING,0,7,1,4,16740235,6dcf754e,1793
37,1,3,22,11,1,11,TRAINING,5,14,0,7,61740235,d6cf754e,2291
37,1,3,22,11,1,12,TRAINING,7,12,0,2,41760235,f6cd754e,4724
37,1,3,22,11,1,13,TRAINING,5,14,0,7,41760325,f6cd745e,2006
37,1,3,22,11,1,14,TRAINING,1,6,1,5,43760125,f4cd765e,1619
37,1,3,22,11,1,15,TRAINING,1,6,1,5,47360125,fc4d765e,1540
37,1,3,22,11,1,16,TRAINING,3,4,0,2,45360127,fe4d765c,2003
37,1,3,22,11,1,17,TEST,3,4,0,0,true,5256
37,1,3,22,11,1,18,TEST,6,13,0,0,true,1650
37,1,3,22,11,1,19,TEST,5,14,0,1,false,940
37,1,3,22,11,1,20,TEST,4,15,1,1,true,2124
37,1,3,22,11,1,21,TEST,1,6,1,1,true,1755
37,1,3,22,11,1,22,TEST,7,12,0,0,true,1139
37,1,3,22,11,1,23,TEST,2,5,1,0,false,867
37,1,3,22,11,1,24,TEST,0,7,1,1,true,881
37,1,3,22,11,2,25,TRAINING,1,6,1,3,47516302,fce6d475,45733
37,1,3,22,11,2,26,TRAINING,5,14,0,2,46517302,fde6c475,2080
37,1,3,22,11,2,27,TRAINING,6,13,0,0,64517302,dfe6c475,2033
37,1,3,22,11,2,28,TRAINING,7,12,0,4,61547302,d6efc475,1776
37,1,3,22,11,2,29,TRAINING,2,5,1,1,62547301,d5efc476,1725
37,1,3,22,11,2,30,TRAINING,7,12,0,4,02547361,75efc4d6,1940
37,1,3,22,11,2,31,TRAINING,2,5,1,1,02517364,75e6c4df,2080
37,1,3,22,11,2,32,TRAINING,4,15,1,7,02157364,756ec4df,2386
37,1,3,22,11,2,33,TRAINING,0,7,1,0,02357164,754ec6df,2088
37,1,3,22,11,2,34,TRAINING,3,4,0,2,06357124,7d4ec65f,1882
37,1,3,22,11,2,35,TRAINING,5,14,0,3,04357126,7f4ec65d,1812
37,1,3,22,11,2,36,TRAINING,4,15,1,1,14357026,6f4ec75d,3031
37,1,3,22,11,2,37,TRAINING,0,7,1,5,14356027,6f4ed75c,1736
37,1,3,22,11,2,38,TRAINING,3,4,0,2,14365027,6f4de75c,1944
37,1,3,22,11,2,39,TRAINING,6,13,0,3,15364027,6e4df75c,1904
37,1,3,22,11,2,40,TRAINING,1,6,1,0,15364072,6e4df7c5,2330
37,1,3,22,11,2,41,TEST,4,15,1,1,true,1123
37,1,3,22,11,2,42,TEST,7,12,0,0,true,826
37,1,3,22,11,2,43,TEST,5,14,0,0,true,716
37,1,3,22,11,2,44,TEST,2,5,1,1,true,1953
37,1,3,22,11,2,45,TEST,6,13,0,1,false,884
37,1,3,22,11,2,46,TEST,1,6,1,0,false,2449
37,1,3,22,11,2,47,TEST,3,4,0,0,true,667
37,1,3,22,11,2,48,TEST,0,7,1,1,true,837
37,1,3,22,11,3,49,TRAINING,7,12,0,2,65702314,dec7546f,1484
37,1,3,22,11,3,50,TRAINING,7,12,0,2,65720314,dec5746f,1827
37,1,3,22,11,3,51,TRAINING,3,4,0,5,64720315,dfc5746e,1944
37,1,3,22,11,3,52,TRAINING,1,6,1,6,64750312,dfce7465,2035
37,1,3,22,11,3,53,TRAINING,6,13,0,0,64057312,df7ec465,2215
37,1,3,22,11,3,54,TRAINING,4,15,1,4,67054312,dc7ef465,1760
37,1,3,22,11,3,55,TRAINING,4,15,1,4,67154302,dc6ef475,1760
37,1,3,22,11,3,56,TRAINING,2,5,1,6,67154320,dc6ef457,1920
37,1,3,22,11,3,57,TRAINING,5,14,0,3,67154023,dc6ef754,1905
37,1,3,22,11,3,58,TRAINING,1,6,1,2,67154320,dc6ef457,2409
37,1,3,22,11,3,59,TRAINING,6,13,0,0,63154720,d46efc57,1867
37,1,3,22,11,3,60,TRAINING,5,14,0,6,63124750,d465fce7,2168
37,1,3,22,11,3,61,TRAINING,0,7,1,7,63421750,d4f56ce7,2035
37,1,3,22,11,3,62,TRAINING,0,7,1,7,63721450,d4c56fe7,1730
37,1,3,22,11,3,63,TRAINING,3,4,0,6,65721430,dec56f47,1711
37,1,3,22,11,3,64,TRAINING,2,5,1,4,65712430,dec65f47,2018
37,1,3,22,11,3,65,TEST,1,6,1,0,false,1085
37,1,3,22,11,3,66,TEST,5,14,0,0,true,597
37,1,3,22,11,3,67,TEST,6,13,0,1,false,854
37,1,3,22,11,3,68,TEST,3,4,0,0,true,851
37,1,3,22,11,3,69,TEST,2,5,1,1,true,911
37,1,3,22,11,3,70,TEST,7,12,0,0,true,798
37,1,3,22,11,3,71,TEST,4,15,1,1,true,828
37,1,3,22,11,3,72,TEST,0,7,1,1,true,519
37,1,3,22,11,4,73,TRAINING,0,7,1,0,01547362,76efc4d5,5293
37,1,3,22,11,4,74,TRAINING,1,6,1,1,01537462,76e4cfd5,1722
37,1,3,22,11,4,75,TRAINING,3,4,0,7,01527463,76e5cfd4,2077
37,1,3,22,11,4,76,TRAINING,7,12,0,3,01572463,76ec5fd4,2059
37,1,3,22,11,4,77,TRAINING,5,14,0,2,10572463,67ec5fd4,1812
37,1,3,22,11,4,78,TRAINING,4,15,1,1,14572063,6fec57d4,1677
37,1,3,22,11,4,79,TRAINING,7,12,0,3,14576023,6fecd754,1866
37,1,3,22,11,4,80,TRAINING,2,5,1,4,14572063,6fec57d4,1919
37,1,3,22,11,4,81,TRAINING,4,15,1,1,54172063,ef6c57d4,1691
37,1,3,22,11,4,82,TRAINING,0,7,1,0,04172563,7f6c5ed4,3250
37,1,3,22,11,4,83,TRAINING,6,13,0,2,04672513,7fdc5e64,2337
37,1,3,22,11,4,84,TRAINING,2,5,1,4,04612573,7fd65ec4,1705
37,1,3,22,11,4,85,TRAINING,5,14,0,5,04632571,7fd45ec6,1633
37,1,3,22,11,4,86,TRAINING,3,4,0,0,34602571,4fd75ec6,1955
37,1,3,22,11,4,87,TRAINING,6,13,0,4,34206571,4f57dec6,1773
37,1,3,22,11,4,88,TRAINING,1,6,1,7,37206541,4c57def6,2060
37,1,3,22,11,4,89,TEST,2,5,1,0,false,1003
37,1,3,22,11,4,90,TEST,1,6,1,1,true,824
37,1,3,22,11,4,91,TEST,6,13,0,0,true,781
37,1,3,22,11,4,92,TEST,7,12,0,0,true,494
37,1,3,22,11,4,93,TEST,3,4,0,0,true,488
37,1,3,22,11,4,94,TEST,5,14,0,0,true,749
37,1,3,22,11,4,95,TEST,0,7,1,1,true,761
37,1,3,22,11,4,96,TEST,4,15,1,1,true,498
37,1,3,22,11,5,97,TRAINING,0,7,1,4,15370426,6e4c7f5d,3399
37,1,3,22,11,5,98,TRAINING,4,15,1,5,13570426,64ec7f5d,2949
37,1,3,22,11,5,99,TRAINING,7,12,0,3,12570436,65ec7f4d,4886
37,1,3,22,11,5,100,TRAINING,2,5,1,1,52170436,e56c7f4d,2036
37,1,3,22,11,5,101,TRAINING,7,12,0,3,52370416,e54c7f6d,4867
37,1,3,22,11,5,102,TRAINING,3,4,0,2,02375416,754cef6d,1946
37,1,3,22,11,5,103,TRAINING,1,6,1,7,02375461,754cefd6,2095
37,1,3,22,11,5,104,TRAINING,5,14,0,0,52370461,e54c7fd6,2503
37,1,3,22,11,5,105,TRAINING,2,5,1,3,57320461,ec457fd6,2480
37,1,3,22,11,5,106,TRAINING,5,14,0,0,57320164,ec4576df,2181
37,1,3,22,11,5,107,TRAINING,6,13,0,6,50327164,e745c6df,6738
37,1,3,22,11,5,108,TRAINING,1,6,1,5,50723164,e7c546df,1961
37,1,3,22,11,5,109,TRAINING,3,4,0,4,50743162,e7cf46d5,2088
37,1,3,22,11,5,110,TRAINING,6,13,0,6,20743165,57cf46de,1732
37,1,3,22,11,5,111,TRAINING,0,7,1,1,20543167,57ef46dc,2614
37,1,3,22,11,5,112,TRAINING,4,15,1,3,10543267,67ef45dc,2528
37,1,3,22,11,5,113,TEST,7,12,0,0,true,1053
37,1,3,22,11,5,114,TEST,5,14,0,0,true,1837
37,1,3,22,11,5,115,TEST,3,4,0,0,true,1610
37,1,3,22,11,5,116,TEST,2,5,1,1,true,856
37,1,3,22,11,5,117,TEST,0,7,1,1,true,678
37,1,3,22,11,5,118,TEST,1,6,1,1,true,1729
37,1,3,22,11,5,119,TEST,4,15,1,1,true,777
37,1,3,22,11,5,120,TEST,6,13,0,0,true,974
37,1,3,22,11,6,121,TRAINING,0,7,1,0,01624375,76d5f4ce,11046
37,1,3,22,11,6,122,TRAINING,6,13,0,3,01264375,765df4ce,3342
37,1,3,22,11,6,123,TRAINING,3,4,0,5,01564372,76edf4c5,7820
37,1,3,22,11,6,124,TRAINING,7,12,0,6,21564370,56edf4c7,5005
37,1,3,22,11,6,125,TRAINING,0,7,1,7,24561370,5fed64c7,1951
37,1,3,22,11,6,126,TRAINING,4,15,1,1,24531670,5fe46dc7,2140
37,1,3,22,11,6,127,TRAINING,1,6,1,2,24135670,5f64edc7,2306
37,1,3,22,11,6,128,TRAINING,6,13,0,5,24175630,5f6ced47,2061
37,1,3,22,11,6,129,TRAINING,4,15,1,1,24175603,5f6ced74,2879
37,1,3,22,11,6,130,TRAINING,3,4,0,0,34175602,4f6ced75,1751
37,1,3,22,11,6,131,TRAINING,5,14,0,4,34175062,4f6ce7d5,3122
37,1,3,22,11,6,132,TRAINING,1,6,1,2,32175064,456ce7df,2432
37,1,3,22,11,6,133,TRAINING,2,5,1,7,34175062,4f6ce7d5,2289
37,1,3,22,11,6,134,TRAINING,5,14,0,6,34176052,4f6cd7e5,1884
37,1,3,22,11,6,135,TRAINING,2,5,1,7,36174052,4d6cf7e5,2017
37,1,3,22,11,6,136,TRAINING,7,12,0,5,36104752,4d67fce5,1774
37,1,3,22,11,6,137,TEST,5,14,0,0,true,1459
37,1,3,22,11,6,138,TEST,6,13,0,0,true,3375
37,1,3,22,11,6,139,TEST,1,6,1,1,true,4649
37,1,3,22,11,6,140,TEST,4,15,1,1,true,601
37,1,3,22,11,6,141,TEST,2,5,1,1,true,537
37,1,3,22,11,6,142,TEST,7,12,0,0,true,805
37,1,3,22,11,6,143,TEST,0,7,1,1,true,752
37,1,3,22,11,6,144,TEST,3,4,0,0,true,1231
37,1,3,22,11,INSTRUCT,postquestionnaire,372

rulestrategy:I learned that the purple textured and bordered yellow blocks were mostly B, while blue and purple plain blocks were mostly A. Mostly though, I think I used memory more than anything. I tried to memorize the ones that were A and B in the test.
howtoimprove:This was fun and challenging. I didn't think I would get it as quickly as I did lol.
engagement:10
difficulty:5
physicalaids:no