38,1,1,18,12,INSTRUCT,instruct1,10742
38,1,1,18,12,INSTRUCT,instructCatExample,17094
38,1,1,18,12,INSTRUCT,instructCatColor,4002
38,1,1,18,12,INSTRUCT,instructCatStripe,3776
38,1,1,18,12,INSTRUCT,instructDemoIntro,13754
38,1,1,18,12,INSTRUCT,instructDemo,194772
38,1,1,18,12,INSTRUCT,instructTest,26676
38,1,1,18,12,INSTRUCT,instructTest2,18392
38,1,1,18,12,INSTRUCT,instructDimColor,20359
38,1,1,18,12,INSTRUCT,instructDimBorder,2137
38,1,1,18,12,INSTRUCT,instructDimDots,2356
38,1,1,18,12,INSTRUCT,instructDimStripe,23525
38,1,1,18,12,INSTRUCT,instructDimAll,5117
38,1,1,18,12,INSTRUCT,instructFinal,14415
38,1,1,18,12,1,1,TRAINING,7,7,0,3,63274150,6fe72b3a,5008
38,1,1,18,12,1,2,TRAINING,7,7,0,3,63274051,6fe72a3b,10592
38,1,1,18,12,1,3,TRAINING,6,6,1,4,43276051,2fe76a3b,1919
38,1,1,18,12,1,4,TRAINING,5,3,1,6,43276150,2fe76b3a,8736
38,1,1,18,12,1,5,TRAINING,6,6,1,4,03276154,afe76b32,10639
38,1,1,18,12,1,6,TRAINING,2,14,1,2,04276153,a2e76b3f,9329
38,1,1,18,12,1,7,TRAINING,2,14,1,2,54276103,32e76baf,1981
38,1,1,18,12,1,8,TRAINING,4,2,0,1,54273106,32e7fba6,1794
38,1,1,18,12,1,9,TRAINING,0,10,0,6,54273601,32e7f6ab,1825
38,1,1,18,12,1,10,TRAINING,3,15,0,4,54173602,32b7f6ae,2153
38,1,1,18,12,1,11,TRAINING,1,11,1,2,57143602,37b2f6ae,1560
38,1,1,18,12,1,12,TRAINING,4,2,0,3,52143607,3eb2f6a7,1966
38,1,1,18,12,1,13,TRAINING,0,10,0,6,25143607,e3b2f6a7,1732
38,1,1,18,12,1,14,TRAINING,1,11,1,2,27143605,e7b2f6a3,1529
38,1,1,18,12,1,15,TRAINING,3,15,0,0,37142605,f7b2e6a3,1794
38,1,1,18,12,1,16,TRAINING,5,3,1,5,37142506,f7b2e3a6,1513
38,1,1,18,12,1,17,TEST,5,3,1,1,true,1420
38,1,1,18,12,1,18,TEST,7,7,0,0,true,3042
38,1,1,18,12,1,19,TEST,4,2,0,1,false,3151
38,1,1,18,12,1,20,TEST,1,11,1,1,true,421
38,1,1,18,12,1,21,TEST,2,14,1,0,false,2979
38,1,1,18,12,1,22,TEST,0,10,0,1,false,811
38,1,1,18,12,1,23,TEST,3,15,0,0,true,780
38,1,1,18,12,1,24,TEST,6,6,1,0,false,406
38,1,1,18,12,2,25,TRAINING,2,14,1,5,13074256,bfa72e36,2090
38,1,1,18,12,2,26,TRAINING,5,3,1,2,13574206,bf372ea6,10202
38,1,1,18,12,2,27,TRAINING,3,15,0,1,13574260,bf372e6a,10312
38,1,1,18,12,2,28,TRAINING,5,3,1,2,13504267,bf3a2e67,10312
38,1,1,18,12,2,29,TRAINING,3,15,0,1,13540267,bf32ae67,26881
38,1,1,18,12,2,30,TRAINING,6,6,1,6,73540261,7f32ae6b,7909
38,1,1,18,12,2,31,TRAINING,2,14,1,5,73510264,7f3bae62,5554
38,1,1,18,12,2,32,TRAINING,4,2,0,2,73410265,7f2bae63,4306
38,1,1,18,12,2,33,TRAINING,0,10,0,4,13470265,bf27ae63,5788
38,1,1,18,12,2,34,TRAINING,6,6,1,6,12470365,be27af63,5366
38,1,1,18,12,2,35,TRAINING,7,7,0,3,21470365,eb27af63,3994
38,1,1,18,12,2,36,TRAINING,1,11,1,1,21370465,ebf7a263,4633
38,1,1,18,12,2,37,TRAINING,4,2,0,7,21370564,ebf7a362,4524
38,1,1,18,12,2,38,TRAINING,0,10,0,4,61370524,6bf7a3e2,4212
38,1,1,18,12,2,39,TRAINING,1,11,1,1,61730524,6b7fa3e2,4259
38,1,1,18,12,2,40,TRAINING,7,7,0,3,61370524,6bf7a3e2,5522
38,1,1,18,12,2,41,TEST,0,10,0,0,true,20670
38,1,1,18,12,2,42,TEST,7,7,0,0,true,21029
38,1,1,18,12,2,43,TEST,4,2,0,0,true,6786
38,1,1,18,12,2,44,TEST,5,3,1,0,false,7597
38,1,1,18,12,2,45,TEST,6,6,1,1,true,4305
38,1,1,18,12,2,46,TEST,3,15,0,0,true,4602
38,1,1,18,12,2,47,TEST,1,11,1,1,true,7472
38,1,1,18,12,2,48,TEST,2,14,1,1,true,10436
38,1,1,18,12,3,49,TRAINING,2,14,1,6,37561024,f736bae2,9891
38,1,1,18,12,3,50,TRAINING,0,10,0,5,73561024,7f36bae2,7004
38,1,1,18,12,3,51,TRAINING,5,3,1,4,73165024,7fb63ae2,13743
38,1,1,18,12,3,52,TRAINING,6,6,1,2,73615024,7f6b3ae2,4961
38,1,1,18,12,3,53,TRAINING,7,7,0,0,71635024,7b6f3ae2,6428
38,1,1,18,12,3,54,TRAINING,4,2,0,5,71635420,7b6f32ea,4758
38,1,1,18,12,3,55,TRAINING,1,11,1,3,73615420,7f6b32ea,3978
38,1,1,18,12,3,56,TRAINING,6,6,1,1,76315420,76fb32ea,5663
38,1,1,18,12,3,57,TRAINING,3,15,0,2,76312450,76fbe23a,5382
38,1,1,18,12,3,58,TRAINING,0,10,0,0,06312457,a6fbe237,5148
38,1,1,18,12,3,59,TRAINING,1,11,1,3,02316457,aefb6237,5101
38,1,1,18,12,3,60,TRAINING,3,15,0,2,02316475,aefb6273,5694
38,1,1,18,12,3,61,TRAINING,2,14,1,1,52316470,3efb627a,5211
38,1,1,18,12,3,62,TRAINING,4,2,0,5,52316407,3efb62a7,7691
38,1,1,18,12,3,63,TRAINING,5,3,1,7,72316405,7efb62a3,6037
38,1,1,18,12,3,64,TRAINING,7,7,0,1,27316405,e7fb62a3,4680
38,1,1,18,12,3,65,TEST,5,3,1,1,true,3681
38,1,1,18,12,3,66,TEST,1,11,1,1,true,4383
38,1,1,18,12,3,67,TEST,4,2,0,0,true,6583
38,1,1,18,12,3,68,TEST,2,14,1,1,true,6505
38,1,1,18,12,3,69,TEST,7,7,0,0,true,9484
38,1,1,18,12,3,70,TEST,6,6,1,1,true,5679
38,1,1,18,12,3,71,TEST,3,15,0,0,true,5351
38,1,1,18,12,3,72,TEST,0,10,0,0,true,9719
38,1,1,18,12,4,73,TRAINING,0,10,0,3,71406532,7b2a63fe,7347
38,1,1,18,12,4,74,TRAINING,6,6,1,4,74106532,72ba63fe,8393
38,1,1,18,12,4,75,TRAINING,4,2,0,7,72106534,7eba63f2,5304
38,1,1,18,12,4,76,TRAINING,2,14,1,1,72016534,7eab63f2,4477
38,1,1,18,12,4,77,TRAINING,2,14,1,1,72106534,7eba63f2,7285
38,1,1,18,12,4,78,TRAINING,3,15,0,6,12706534,be7a63f2,5116
38,1,1,18,12,4,79,TRAINING,1,11,1,7,42706531,2e7a63fb,5756
38,1,1,18,12,4,80,TRAINING,5,3,1,5,46702531,267ae3fb,4992
38,1,1,18,12,4,81,TRAINING,7,7,0,2,42706531,2e7a63fb,5679
38,1,1,18,12,4,82,TRAINING,6,6,1,4,02746531,ae7263fb,5117
38,1,1,18,12,4,83,TRAINING,0,10,0,0,02746513,ae7263bf,5288
38,1,1,18,12,4,84,TRAINING,3,15,0,1,03746512,af7263be,4804
38,1,1,18,12,4,85,TRAINING,1,11,1,6,03745612,af7236be,5428
38,1,1,18,12,4,86,TRAINING,5,3,1,4,03245617,afe236b7,6224
38,1,1,18,12,4,87,TRAINING,4,2,0,3,73245610,7fe236ba,6022
38,1,1,18,12,4,88,TRAINING,7,7,0,0,72345610,7ef236ba,8658
38,1,1,18,12,4,89,TEST,6,6,1,1,true,5756
38,1,1,18,12,4,90,TEST,5,3,1,1,true,3947
38,1,1,18,12,4,91,TEST,3,15,0,0,true,4773
38,1,1,18,12,4,92,TEST,7,7,0,0,true,3806
38,1,1,18,12,4,93,TEST,4,2,0,0,true,7863
38,1,1,18,12,4,94,TEST,1,11,1,1,true,3214
38,1,1,18,12,4,95,TEST,0,10,0,0,true,2855
38,1,1,18,12,4,96,TEST,2,14,1,1,true,6677
38,1,1,18,12,INSTRUCT,postquestionnaire,0

rulestrategy:White outline shapes with a line and texture were category B, while yellow outline shapes with a line and texture were category A. Yellow outline shapes with texture and no line were category A, while white outline shapes with texture and no line were category B. Basically, if a white outline shape with some set of characteristics was in group X, then a yellow outline shape with identical characteristics was in the opposite group.
howtoimprove:
engagement:7
difficulty:9
physicalaids:no