39,0,0,21,11,INSTRUCT,instruct1,37827
39,0,0,21,11,INSTRUCT,instructCatExample,18084
39,0,0,21,11,INSTRUCT,instructCatColor,9518
39,0,0,21,11,INSTRUCT,instructCatStripe,14133
39,0,0,21,11,INSTRUCT,instructDemoIntro,31150
39,0,0,21,11,INSTRUCT,instructDemo,51405
39,0,0,21,11,INSTRUCT,instructTest,34078
39,0,0,21,11,INSTRUCT,instructTest2,34990
39,0,0,21,11,INSTRUCT,instructDimColor,20846
39,0,0,21,11,INSTRUCT,instructDimBorder,5246
39,0,0,21,11,INSTRUCT,instructDimDots,4991
39,0,0,21,11,INSTRUCT,instructDimStripe,6839
39,0,0,21,11,INSTRUCT,instructDimAll,12830
39,0,0,21,11,INSTRUCT,instructFinal,29615
39,0,0,21,11,1,1,TRAINING,0,11,0,4,26150743,37aeb6f2,7839
39,0,0,21,11,1,2,TRAINING,1,10,1,2,26170543,37a6bef2,4674
39,0,0,21,11,1,3,TRAINING,6,7,0,5,25170643,3ea6b7f2,6306
39,0,0,21,11,1,4,TRAINING,3,2,1,6,25170634,3ea6b72f,4089
39,0,0,21,11,1,5,TRAINING,2,3,0,0,21570634,3ae6b72f,2410
39,0,0,21,11,1,6,TRAINING,7,6,1,3,21670534,3a76be2f,6713
39,0,0,21,11,1,7,TRAINING,3,2,1,6,21470536,3af6be27,915
39,0,0,21,11,1,8,TRAINING,5,14,1,5,21074536,3ab6fe27,2235
39,0,0,21,11,1,9,TRAINING,2,3,0,0,21470536,3af6be27,1200
39,0,0,21,11,1,10,TRAINING,1,10,1,1,21370546,3a26bef7,1700
39,0,0,21,11,1,11,TRAINING,4,15,0,2,21470536,3af6be27,1576
39,0,0,21,11,1,12,TRAINING,7,6,1,3,21470563,3af6be72,1561
39,0,0,21,11,1,13,TRAINING,6,7,0,6,23470561,32f6be7a,1402
39,0,0,21,11,1,14,TRAINING,0,11,0,4,53470261,e2f6b37a,1507
39,0,0,21,11,1,15,TRAINING,0,11,0,4,53270461,e236bf7a,1410
39,0,0,21,11,1,16,TRAINING,4,15,0,5,53260471,e237bf6a,1683
39,0,0,21,11,1,17,TEST,4,15,0,0,true,3482
39,0,0,21,11,1,18,TEST,2,3,0,0,true,2324
39,0,0,21,11,1,19,TEST,1,10,1,1,true,1409
39,0,0,21,11,1,20,TEST,5,14,1,1,true,1370
39,0,0,21,11,1,21,TEST,6,7,0,0,true,979
39,0,0,21,11,1,22,TEST,7,6,1,1,true,900
39,0,0,21,11,1,23,TEST,3,2,1,1,true,819
39,0,0,21,11,1,24,TEST,0,11,0,0,true,578
39,0,0,21,11,2,25,TRAINING,1,10,1,0,15247360,ae3f627b,6237
39,0,0,21,11,2,26,TRAINING,0,11,0,1,10247365,ab3f627e,7722
39,0,0,21,11,2,27,TRAINING,3,2,1,5,10267345,ab3762fe,12547
39,0,0,21,11,2,28,TRAINING,1,10,1,0,10467325,abf7623e,15306
39,0,0,21,11,2,29,TRAINING,3,2,1,5,12467305,a3f762be,2402
39,0,0,21,11,2,30,TRAINING,0,11,0,6,12567304,a3e762bf,5282
39,0,0,21,11,2,31,TRAINING,2,3,0,2,15267304,ae3762bf,1385
39,0,0,21,11,2,32,TRAINING,6,7,0,3,15263704,ae3726bf,1337
39,0,0,21,11,2,33,TRAINING,4,15,0,7,35261704,2e37a6bf,954
39,0,0,21,11,2,34,TRAINING,7,6,1,2,35761204,2e67a3bf,1090
39,0,0,21,11,2,35,TRAINING,2,3,0,1,32761504,2367aebf,2206
39,0,0,21,11,2,36,TRAINING,1,10,1,0,12763504,a3672ebf,985
39,0,0,21,11,2,37,TRAINING,5,14,1,4,12765304,a367e2bf,939
39,0,0,21,11,2,38,TRAINING,3,2,1,5,14765302,af67e2b3,2595
39,0,0,21,11,2,39,TRAINING,4,15,0,1,14065372,afb7e263,3761
39,0,0,21,11,2,40,TRAINING,2,3,0,3,14025376,afb3e267,1202
39,0,0,21,11,2,41,TEST,2,3,0,0,true,935
39,0,0,21,11,2,42,TEST,0,11,0,0,true,1067
39,0,0,21,11,2,43,TEST,5,14,1,1,true,754
39,0,0,21,11,2,44,TEST,1,10,1,1,true,1156
39,0,0,21,11,2,45,TEST,6,7,0,0,true,459
39,0,0,21,11,2,46,TEST,3,2,1,1,true,443
39,0,0,21,11,2,47,TEST,7,6,1,1,true,466
39,0,0,21,11,2,48,TEST,4,15,0,0,true,602
39,0,0,21,11,INSTRUCT,postquestionnaire,1

rulestrategy:I just paid attention to the four rules for squares. 

howtoimprove:
engagement:9
difficulty:3
physicalaids:no