4,0,2,6,15,INSTRUCT,instruct1,11710
4,0,2,6,15,INSTRUCT,instructCatExample,7078
4,0,2,6,15,INSTRUCT,instructCatColor,4013
4,0,2,6,15,INSTRUCT,instructCatStripe,4215
4,0,2,6,15,INSTRUCT,instructDemoIntro,6019
4,0,2,6,15,INSTRUCT,instructDemo,29273
4,0,2,6,15,INSTRUCT,instructTest,8571
4,0,2,6,15,INSTRUCT,instructTest2,1398
4,0,2,6,15,INSTRUCT,instructDimColor,4486
4,0,2,6,15,INSTRUCT,instructDimBorder,3445
4,0,2,6,15,INSTRUCT,instructDimDots,1645
4,0,2,6,15,INSTRUCT,instructDimStripe,1984
4,0,2,6,15,INSTRUCT,instructDimAll,6161
4,0,2,6,15,INSTRUCT,instructFinal,11174
4,0,2,6,15,1,1,TRAINING,2,11,1,2,75246301,15b739fd,3198
4,0,2,6,15,1,2,TRAINING,2,11,1,2,75264301,15b379fd,2321
4,0,2,6,15,1,3,TRAINING,7,1,0,0,70264351,1fb3795d,1362
4,0,2,6,15,1,4,TRAINING,7,1,0,0,70265341,1fb3597d,3952
4,0,2,6,15,1,5,TRAINING,3,9,0,4,70263541,1fb3957d,3194
4,0,2,6,15,1,6,TRAINING,4,7,1,6,76203541,13bf957d,3889
4,0,2,6,15,1,7,TRAINING,5,5,1,5,16203547,d3bf9571,945
4,0,2,6,15,1,8,TRAINING,2,11,1,2,17203546,d1bf9573,1977
4,0,2,6,15,1,9,TRAINING,0,15,1,3,47203516,71bf95d3,1737
4,0,2,6,15,1,10,TRAINING,4,7,1,0,47203561,71bf953d,1858
4,0,2,6,15,1,11,TRAINING,1,13,0,7,47203651,71bf935d,1440
4,0,2,6,15,1,12,TRAINING,5,5,1,6,42703651,7b1f935d,1082
4,0,2,6,15,1,13,TRAINING,4,7,1,5,62703451,3b1f975d,1153
4,0,2,6,15,1,14,TRAINING,4,7,1,5,26703451,b31f975d,6067
4,0,2,6,15,1,15,TRAINING,6,3,0,1,26705431,b31f579d,928
4,0,2,6,15,1,16,TRAINING,4,7,1,5,26305471,b39f571d,1018
4,0,2,6,15,1,17,TEST,3,9,0,0,true,1367
4,0,2,6,15,1,18,TEST,6,3,0,1,false,1627
4,0,2,6,15,1,19,TEST,1,13,0,1,false,1290
4,0,2,6,15,1,20,TEST,5,5,1,1,true,665
4,0,2,6,15,1,21,TEST,4,7,1,1,true,619
4,0,2,6,15,1,22,TEST,7,1,0,0,true,522
4,0,2,6,15,1,23,TEST,2,11,1,1,true,863
4,0,2,6,15,1,24,TEST,0,15,1,1,true,619
4,0,2,6,15,2,25,TRAINING,7,1,0,0,72534160,1b597d3f,2842
4,0,2,6,15,2,26,TRAINING,4,7,1,4,72354160,1b957d3f,1796
4,0,2,6,15,2,27,TRAINING,2,11,1,1,72654130,1b357d9f,1216
4,0,2,6,15,2,28,TRAINING,1,13,0,6,72654310,1b3579df,1058
4,0,2,6,15,2,29,TRAINING,6,3,0,2,72654013,1b357fd9,929
4,0,2,6,15,2,30,TRAINING,5,5,1,3,74652013,1735bfd9,6529
4,0,2,6,15,2,31,TRAINING,6,3,0,2,74652031,1735bf9d,1290
4,0,2,6,15,2,32,TRAINING,4,7,1,1,74652301,1735b9fd,3531
4,0,2,6,15,2,33,TRAINING,0,15,1,0,04652371,f735b91d,1369
4,0,2,6,15,2,34,TRAINING,1,13,0,7,04672351,f731b95d,1217
4,0,2,6,15,2,35,TRAINING,3,9,0,6,04672531,f731b59d,2247
4,0,2,6,15,2,36,TRAINING,5,5,1,5,06472531,f371b59d,6043
4,0,2,6,15,2,37,TRAINING,0,15,1,7,16472530,d371b59f,1520
4,0,2,6,15,2,38,TRAINING,7,1,0,3,16473520,d37195bf,1203
4,0,2,6,15,2,39,TRAINING,6,3,0,0,61473520,3d7195bf,1409
4,0,2,6,15,2,40,TRAINING,2,11,1,6,61374520,3d9175bf,1176
4,0,2,6,15,2,41,TEST,0,15,1,1,true,1607
4,0,2,6,15,2,42,TEST,1,13,0,0,true,458
4,0,2,6,15,2,43,TEST,7,1,0,0,true,993
4,0,2,6,15,2,44,TEST,6,3,0,1,false,442
4,0,2,6,15,2,45,TEST,4,7,1,1,true,326
4,0,2,6,15,2,46,TEST,3,9,0,0,true,441
4,0,2,6,15,2,47,TEST,2,11,1,1,true,338
4,0,2,6,15,2,48,TEST,5,5,1,0,false,394
4,0,2,6,15,3,49,TRAINING,0,15,1,0,03761524,f913d5b7,4506
4,0,2,6,15,3,50,TRAINING,3,9,0,1,03261574,f9b3d517,914
4,0,2,6,15,3,51,TRAINING,2,11,1,2,03265174,f9b35d17,826
4,0,2,6,15,3,52,TRAINING,1,13,0,3,03215674,f9bd5317,1217
4,0,2,6,15,3,53,TRAINING,5,5,1,4,06215374,f3bd5917,2449
4,0,2,6,15,3,54,TRAINING,7,1,0,5,06215734,f3bd5197,970
4,0,2,6,15,3,55,TRAINING,4,7,1,2,06415732,f37d519b,930
4,0,2,6,15,3,56,TRAINING,3,9,0,6,01465732,fd73519b,1457
4,0,2,6,15,3,57,TRAINING,7,1,0,7,01465237,fd735b91,1186
4,0,2,6,15,3,58,TRAINING,2,11,1,0,21465037,bd735f91,2160
4,0,2,6,15,3,59,TRAINING,4,7,1,2,26415037,b37d5f91,1873
4,0,2,6,15,3,60,TRAINING,3,9,0,3,26435017,b3795fd1,1425
4,0,2,6,15,3,61,TRAINING,1,13,0,1,21435067,bd795f31,1538
4,0,2,6,15,3,62,TRAINING,0,15,1,6,21435607,bd7953f1,1682
4,0,2,6,15,3,63,TRAINING,2,11,1,5,61435207,3d795bf1,1505
4,0,2,6,15,3,64,TRAINING,1,13,0,1,61475203,3d715bf9,4353
4,0,2,6,15,3,65,TEST,1,13,0,0,true,710
4,0,2,6,15,3,66,TEST,7,1,0,0,true,1097
4,0,2,6,15,3,67,TEST,0,15,1,1,true,1384
4,0,2,6,15,3,68,TEST,4,7,1,0,false,1914
4,0,2,6,15,3,69,TEST,6,3,0,0,true,659
4,0,2,6,15,3,70,TEST,5,5,1,1,true,1554
4,0,2,6,15,3,71,TEST,3,9,0,0,true,394
4,0,2,6,15,3,72,TEST,2,11,1,0,false,411
4,0,2,6,15,4,73,TRAINING,5,5,1,0,53746102,59173dfb,14172
4,0,2,6,15,4,74,TRAINING,5,5,1,0,53742106,5917bdf3,920
4,0,2,6,15,4,75,TRAINING,5,5,1,0,53472106,5971bdf3,466
4,0,2,6,15,4,76,TRAINING,7,1,0,1,57432106,5179bdf3,7105
4,0,2,6,15,4,77,TRAINING,1,13,0,2,57132406,51d9b7f3,3521
4,0,2,6,15,4,78,TRAINING,1,13,0,2,37152406,91d5b7f3,3703
4,0,2,6,15,4,79,TRAINING,5,5,1,3,47152306,71d5b9f3,5986
4,0,2,6,15,4,80,TRAINING,4,7,1,0,47150326,71d5f9b3,7457
4,0,2,6,15,4,81,TRAINING,4,7,1,0,43150726,79d5f1b3,8578
4,0,2,6,15,4,82,TRAINING,6,3,0,7,47150326,71d5f9b3,2183
4,0,2,6,15,4,83,TRAINING,2,11,1,6,47130526,71d9f5b3,5898
4,0,2,6,15,4,84,TRAINING,3,9,0,3,57130426,51d9f7b3,18081
4,0,2,6,15,4,85,TRAINING,0,15,1,4,17530426,d159f7b3,9401
4,0,2,6,15,4,86,TRAINING,7,1,0,1,17530624,d159f3b7,9242
4,0,2,6,15,4,87,TRAINING,5,5,1,2,67530124,3159fdb7,2979
4,0,2,6,15,4,88,TRAINING,5,5,1,2,67531024,3159dfb7,3234
4,0,2,6,15,4,89,TEST,3,9,0,1,false,4255
4,0,2,6,15,4,90,TEST,0,15,1,1,true,4587
4,0,2,6,15,4,91,TEST,5,5,1,1,true,3508
4,0,2,6,15,4,92,TEST,2,11,1,1,true,3042
4,0,2,6,15,4,93,TEST,1,13,0,0,true,3794
4,0,2,6,15,4,94,TEST,4,7,1,1,true,1866
4,0,2,6,15,4,95,TEST,6,3,0,0,true,2060
4,0,2,6,15,4,96,TEST,7,1,0,0,true,1499
4,0,2,6,15,5,97,TRAINING,5,5,1,0,54130762,57d9f13b,44075
4,0,2,6,15,5,98,TRAINING,4,7,1,1,54130267,57d9fb31,7817
4,0,2,6,15,5,99,TRAINING,1,13,0,2,54132067,57d9bf31,5441
4,0,2,6,15,5,100,TRAINING,3,9,0,5,54102367,57dfb931,4384
4,0,2,6,15,5,101,TRAINING,0,15,1,3,56102347,53dfb971,5346
4,0,2,6,15,5,102,TRAINING,7,1,0,7,65102347,35dfb971,3898
4,0,2,6,15,5,103,TRAINING,6,3,0,0,65201347,35bfd971,4953
4,0,2,6,15,5,104,TRAINING,2,11,1,2,63201547,39bfd571,3370
4,0,2,6,15,5,105,TRAINING,7,1,0,7,63204517,39bf75d1,2521
4,0,2,6,15,5,106,TRAINING,1,13,0,6,64203517,37bf95d1,1003
4,0,2,6,15,5,107,TRAINING,6,3,0,4,34206517,97bf35d1,1160
4,0,2,6,15,5,108,TRAINING,2,11,1,2,30246517,9fb735d1,937
4,0,2,6,15,5,109,TRAINING,6,3,0,4,30276514,9fb135d7,1073
4,0,2,6,15,5,110,TRAINING,4,7,1,7,03276514,f9b135d7,1738
4,0,2,6,15,5,111,TRAINING,6,3,0,4,07236514,f1b935d7,930
4,0,2,6,15,5,112,TRAINING,2,11,1,2,01236574,fdb93517,1505
4,0,2,6,15,5,113,TEST,5,5,1,1,true,3199
4,0,2,6,15,5,114,TEST,0,15,1,1,true,5692
4,0,2,6,15,5,115,TEST,1,13,0,0,true,2641
4,0,2,6,15,5,116,TEST,4,7,1,1,true,3878
4,0,2,6,15,5,117,TEST,7,1,0,0,true,4746
4,0,2,6,15,5,118,TEST,3,9,0,0,true,3738
4,0,2,6,15,5,119,TEST,6,3,0,0,true,7256
4,0,2,6,15,5,120,TEST,2,11,1,1,true,4373
4,0,2,6,15,6,121,TRAINING,7,1,0,0,71650234,1d35fb97,75571
4,0,2,6,15,6,122,TRAINING,1,13,0,1,71620534,1d3bf597,3961
4,0,2,6,15,6,123,TRAINING,6,3,0,2,71623504,1d3b95f7,3825
4,0,2,6,15,6,124,TRAINING,6,3,0,2,71624503,1d3b75f9,8090
4,0,2,6,15,6,125,TRAINING,5,5,1,5,71604523,1d3f75b9,1497
4,0,2,6,15,6,126,TRAINING,0,15,1,7,71634520,1d3975bf,3867
4,0,2,6,15,6,127,TRAINING,2,11,1,6,41637520,7d3915bf,2304
4,0,2,6,15,6,128,TRAINING,3,9,0,3,41635720,7d3951bf,3417
4,0,2,6,15,6,129,TRAINING,4,7,1,1,14635720,d73951bf,2403
4,0,2,6,15,6,130,TRAINING,6,3,0,6,14235760,d7b9513f,5833
4,0,2,6,15,6,131,TRAINING,4,7,1,1,14035762,d7f9513b,1570
4,0,2,6,15,6,132,TRAINING,3,9,0,3,54031762,57f9d13b,1497
4,0,2,6,15,6,133,TRAINING,2,11,1,7,54731062,5719df3b,2345
4,0,2,6,15,6,134,TRAINING,0,15,1,6,54731602,5719d3fb,2025
4,0,2,6,15,6,135,TRAINING,7,1,0,1,57431602,5179d3fb,2848
4,0,2,6,15,6,136,TRAINING,1,13,0,4,57461302,5173d9fb,1875
4,0,2,6,15,6,137,TEST,5,5,1,1,true,5364
4,0,2,6,15,6,138,TEST,0,15,1,1,true,3507
4,0,2,6,15,6,139,TEST,7,1,0,0,true,2509
4,0,2,6,15,6,140,TEST,3,9,0,0,true,2442
4,0,2,6,15,6,141,TEST,6,3,0,0,true,7204
4,0,2,6,15,6,142,TEST,4,7,1,1,true,5521
4,0,2,6,15,6,143,TEST,1,13,0,0,true,10217
4,0,2,6,15,6,144,TEST,2,11,1,1,true,3535
4,0,2,6,15,INSTRUCT,postquestionnaire,3

rulestrategy:I took mental notes until I understood the categories.
howtoimprove:
engagement:5
difficulty:5
:no