40,0,0,17,15,INSTRUCT,instruct1,59306
40,0,0,17,15,INSTRUCT,instructCatExample,31182
40,0,0,17,15,INSTRUCT,instructCatColor,19517
40,0,0,17,15,INSTRUCT,instructCatStripe,11318
40,0,0,17,15,INSTRUCT,instructDemoIntro,36102
40,0,0,17,15,INSTRUCT,instructDemo,91202
40,0,0,17,15,INSTRUCT,instructTest,37220
40,0,0,17,15,INSTRUCT,instructTest2,11566
40,0,0,17,15,INSTRUCT,instructDimColor,12717
40,0,0,17,15,INSTRUCT,instructDimBorder,5958
40,0,0,17,15,INSTRUCT,instructDimDots,3014
40,0,0,17,15,INSTRUCT,instructDimStripe,2999
40,0,0,17,15,INSTRUCT,instructDimAll,47709
40,0,0,17,15,INSTRUCT,instructFinal,10670
40,0,0,17,15,1,1,TRAINING,5,12,1,4,76045123,45fdce76,31503
40,0,0,17,15,1,2,TRAINING,7,4,1,0,76045132,45fdce67,19274
40,0,0,17,15,1,3,TRAINING,2,7,0,5,76045231,45fdc76e,3179
40,0,0,17,15,1,4,TRAINING,3,6,1,6,71045236,4efdc765,1452
40,0,0,17,15,1,5,TRAINING,1,14,1,2,70145236,4fedc765,5220
40,0,0,17,15,1,6,TRAINING,2,7,0,1,72145036,47edcf65,1042
40,0,0,17,15,1,7,TRAINING,6,5,0,7,02145736,f7edc465,1445
40,0,0,17,15,1,8,TRAINING,4,13,0,3,02745136,f74dce65,1104
40,0,0,17,15,1,9,TRAINING,1,14,1,1,01745236,fe4dc765,1772
40,0,0,17,15,1,10,TRAINING,5,12,1,4,01745326,fe4dc675,1595
40,0,0,17,15,1,11,TRAINING,0,15,0,0,01725346,fe47c6d5,1051
40,0,0,17,15,1,12,TRAINING,2,7,0,7,01765342,fe45c6d7,8091
40,0,0,17,15,1,13,TRAINING,7,4,1,6,01465372,fed5c647,1042
40,0,0,17,15,1,14,TRAINING,2,7,0,7,61405372,5edfc647,9123
40,0,0,17,15,1,15,TRAINING,2,7,0,7,61504372,5ecfd647,6163
40,0,0,17,15,1,16,TRAINING,2,7,0,7,16504372,e5cfd647,8987
40,0,0,17,15,1,17,TEST,0,15,0,0,true,3802
40,0,0,17,15,1,18,TEST,1,14,1,1,true,684
40,0,0,17,15,1,19,TEST,5,12,1,1,true,2251
40,0,0,17,15,1,20,TEST,2,7,0,0,true,764
40,0,0,17,15,1,21,TEST,7,4,1,1,true,419
40,0,0,17,15,1,22,TEST,3,6,1,1,true,1883
40,0,0,17,15,1,23,TEST,4,13,0,0,true,643
40,0,0,17,15,1,24,TEST,6,5,0,0,true,1868
40,0,0,17,15,2,25,TRAINING,4,13,0,0,40321567,df67ec54,33171
40,0,0,17,15,2,26,TRAINING,5,12,1,3,40351267,df6ce754,9683
40,0,0,17,15,2,27,TRAINING,6,5,0,6,42351067,d76cef54,18253
40,0,0,17,15,2,28,TRAINING,0,15,0,5,47351062,d46cef57,1761
40,0,0,17,15,2,29,TRAINING,7,4,1,1,47153062,d4ec6f57,1147
40,0,0,17,15,2,30,TRAINING,3,6,1,6,47156032,d4ec5f67,1516
40,0,0,17,15,2,31,TRAINING,7,4,1,1,47165032,d4e5cf67,1587
40,0,0,17,15,2,32,TRAINING,5,12,1,7,47162035,d4e57f6c,3419
40,0,0,17,15,2,33,TRAINING,0,15,0,6,47162305,d4e576fc,1026
40,0,0,17,15,2,34,TRAINING,3,6,1,5,67142305,54ed76fc,1683
40,0,0,17,15,2,35,TRAINING,6,5,0,2,17642305,e45d76fc,1356
40,0,0,17,15,2,36,TRAINING,4,13,0,3,17642350,e45d76cf,931
40,0,0,17,15,2,37,TRAINING,0,15,0,7,27641350,745de6cf,1579
40,0,0,17,15,2,38,TRAINING,7,4,1,1,37641250,645de7cf,1666
40,0,0,17,15,2,39,TRAINING,7,4,1,1,57641230,c45de76f,1652
40,0,0,17,15,2,40,TRAINING,0,15,0,7,57631240,c456e7df,1305
40,0,0,17,15,2,41,TEST,1,14,1,1,true,2842
40,0,0,17,15,2,42,TEST,5,12,1,1,true,1308
40,0,0,17,15,2,43,TEST,0,15,0,0,true,1957
40,0,0,17,15,2,44,TEST,7,4,1,1,true,628
40,0,0,17,15,2,45,TEST,4,13,0,0,true,484
40,0,0,17,15,2,46,TEST,2,7,0,0,true,1540
40,0,0,17,15,2,47,TEST,6,5,0,0,true,722
40,0,0,17,15,2,48,TEST,3,6,1,1,true,619
40,0,0,17,15,INSTRUCT,postquestionnaire,1

rulestrategy:yellow boarder was one and white was the other
howtoimprove:great survey was fun
engagement:10
difficulty:3
physicalaids:no