42,1,3,14,2,INSTRUCT,instruct1,12911
42,1,3,14,2,INSTRUCT,instructCatExample,13388
42,1,3,14,2,INSTRUCT,instructCatColor,4317
42,1,3,14,2,INSTRUCT,instructCatStripe,10541
42,1,3,14,2,INSTRUCT,instructDemoIntro,30438
42,1,3,14,2,INSTRUCT,instructDemo,72303
42,1,3,14,2,INSTRUCT,instructTest,30738
42,1,3,14,2,INSTRUCT,instructTest2,34303
42,1,3,14,2,INSTRUCT,instructDimColor,13899
42,1,3,14,2,INSTRUCT,instructDimBorder,4316
42,1,3,14,2,INSTRUCT,instructDimDots,3078
42,1,3,14,2,INSTRUCT,instructDimStripe,3686
42,1,3,14,2,INSTRUCT,instructDimAll,11110
42,1,3,14,2,INSTRUCT,instructFinal,11070
42,1,3,14,2,1,1,TRAINING,1,6,1,2,26135740,0864eca2,1990
42,1,3,14,2,1,2,TRAINING,0,2,1,7,26153740,086e4ca2,1778
42,1,3,14,2,1,3,TRAINING,2,0,1,6,46153720,a86e4c02,1537
42,1,3,14,2,1,4,TRAINING,6,8,0,1,46135720,a864ec02,1465
42,1,3,14,2,1,5,TRAINING,0,2,1,7,36145720,486aec02,1579
42,1,3,14,2,1,6,TRAINING,5,14,0,5,36147520,486ace02,1178
42,1,3,14,2,1,7,TRAINING,7,12,0,4,31647520,468ace02,1610
42,1,3,14,2,1,8,TRAINING,6,8,0,2,31607524,4682ce0a,1450
42,1,3,14,2,1,9,TRAINING,3,4,0,5,51607324,e682c40a,1400
42,1,3,14,2,1,10,TRAINING,4,10,1,7,51670324,e68c240a,1586
42,1,3,14,2,1,11,TRAINING,3,4,0,5,50671324,e28c640a,1969
42,1,3,14,2,1,12,TRAINING,1,6,1,4,57601324,ec82640a,2889
42,1,3,14,2,1,13,TRAINING,4,10,1,1,54601327,ea82640c,2321
42,1,3,14,2,1,14,TRAINING,5,14,0,0,54631027,ea84620c,1785
42,1,3,14,2,1,15,TRAINING,7,12,0,7,54613027,ea86420c,1674
42,1,3,14,2,1,16,TRAINING,2,0,1,6,54631027,ea84620c,3027
42,1,3,14,2,1,17,TEST,6,8,0,1,false,1704
42,1,3,14,2,1,18,TEST,3,4,0,0,true,1683
42,1,3,14,2,1,19,TEST,0,2,1,0,false,2353
42,1,3,14,2,1,20,TEST,7,12,0,1,false,587
42,1,3,14,2,1,21,TEST,4,10,1,1,true,450
42,1,3,14,2,1,22,TEST,2,0,1,0,false,1676
42,1,3,14,2,1,23,TEST,1,6,1,0,false,475
42,1,3,14,2,1,24,TEST,5,14,0,1,false,610
42,1,3,14,2,2,25,TRAINING,6,8,0,5,51237640,e604c8a2,2111
42,1,3,14,2,2,26,TRAINING,1,6,1,1,71235640,c604e8a2,1866
42,1,3,14,2,2,27,TRAINING,5,14,0,4,31275640,460ce8a2,2026
42,1,3,14,2,2,28,TRAINING,3,4,0,6,41275630,a60ce842,1601
42,1,3,14,2,2,29,TRAINING,6,8,0,5,40275631,a20ce846,2218
42,1,3,14,2,2,30,TRAINING,2,0,1,2,40257631,a20ec846,1968
42,1,3,14,2,2,31,TRAINING,1,6,1,0,10257634,620ec84a,1649
42,1,3,14,2,2,32,TRAINING,7,12,0,4,10247635,620ac84e,1994
42,1,3,14,2,2,33,TRAINING,3,4,0,7,10247653,620ac8e4,3128
42,1,3,14,2,2,34,TRAINING,0,2,1,1,10257643,620ec8a4,2235
42,1,3,14,2,2,35,TRAINING,4,10,1,6,60257143,820ec6a4,1362
42,1,3,14,2,2,36,TRAINING,0,2,1,1,20657143,028ec6a4,1666
42,1,3,14,2,2,37,TRAINING,5,14,0,3,30657142,428ec6a0,1457
42,1,3,14,2,2,38,TRAINING,7,12,0,4,60357142,824ec6a0,1690
42,1,3,14,2,2,39,TRAINING,4,10,1,0,40357162,a24ec680,1682
42,1,3,14,2,2,40,TRAINING,2,0,1,7,40367152,a248c6e0,1330
42,1,3,14,2,2,41,TEST,7,12,0,1,false,5098
42,1,3,14,2,2,42,TEST,5,14,0,0,true,3360
42,1,3,14,2,2,43,TEST,3,4,0,1,false,1351
42,1,3,14,2,2,44,TEST,4,10,1,0,false,513
42,1,3,14,2,2,45,TEST,1,6,1,0,false,2051
42,1,3,14,2,2,46,TEST,0,2,1,1,true,1729
42,1,3,14,2,2,47,TEST,2,0,1,0,false,2603
42,1,3,14,2,2,48,TEST,6,8,0,0,true,384
42,1,3,14,2,3,49,TRAINING,5,14,0,7,23461075,04a862ce,9108
42,1,3,14,2,3,50,TRAINING,1,6,1,4,27461035,0ca8624e,2666
42,1,3,14,2,3,51,TRAINING,3,4,0,5,27461305,0ca8642e,1753
42,1,3,14,2,3,52,TRAINING,4,10,1,2,20461375,02a864ce,1562
42,1,3,14,2,3,53,TRAINING,6,8,0,3,02461375,20a864ce,1528
42,1,3,14,2,3,54,TRAINING,0,2,1,0,02463175,20a846ce,4809
42,1,3,14,2,3,55,TRAINING,2,0,1,5,01463275,26a840ce,1473
42,1,3,14,2,3,56,TRAINING,4,10,1,2,01453276,26ae40c8,1370
42,1,3,14,2,3,57,TRAINING,0,2,1,0,06453271,28ae40c6,1635
42,1,3,14,2,3,58,TRAINING,5,14,0,1,05463271,2ea840c6,1435
42,1,3,14,2,3,59,TRAINING,1,6,1,7,05423671,2ea048c6,1770
42,1,3,14,2,3,60,TRAINING,7,12,0,6,05623471,2e804ac6,3689
42,1,3,14,2,3,61,TRAINING,6,8,0,2,35620471,4e802ac6,1562
42,1,3,14,2,3,62,TRAINING,2,0,1,3,05623471,2e804ac6,1746
42,1,3,14,2,3,63,TRAINING,7,12,0,7,05623417,2e804a6c,3647
42,1,3,14,2,3,64,TRAINING,3,4,0,2,05326417,2e408a6c,1470
42,1,3,14,2,3,65,TEST,3,4,0,0,true,1234
42,1,3,14,2,3,66,TEST,5,14,0,1,false,431
42,1,3,14,2,3,67,TEST,6,8,0,0,true,443
42,1,3,14,2,3,68,TEST,0,2,1,1,true,521
42,1,3,14,2,3,69,TEST,4,10,1,1,true,545
42,1,3,14,2,3,70,TEST,2,0,1,0,false,431
42,1,3,14,2,3,71,TEST,1,6,1,1,true,465
42,1,3,14,2,3,72,TEST,7,12,0,0,true,530
42,1,3,14,2,4,73,TRAINING,0,2,1,4,31270645,460c28ae,5271
42,1,3,14,2,4,74,TRAINING,2,0,1,2,34270615,4a0c286e,2089
42,1,3,14,2,4,75,TRAINING,5,14,0,7,74230615,ca04286e,2850
42,1,3,14,2,4,76,TRAINING,0,2,1,1,70234615,c204a86e,1667
42,1,3,14,2,4,77,TRAINING,1,6,1,6,40237615,a204c86e,1667
42,1,3,14,2,4,78,TRAINING,7,12,0,0,70234615,c204a86e,1666
42,1,3,14,2,4,79,TRAINING,2,0,1,2,70264315,c208a46e,1418
42,1,3,14,2,4,80,TRAINING,6,8,0,6,70214365,c206a48e,1689
42,1,3,14,2,4,81,TRAINING,3,4,0,0,30214765,4206ac8e,1227
42,1,3,14,2,4,82,TRAINING,4,10,1,4,30714265,42c6a08e,2673
42,1,3,14,2,4,83,TRAINING,4,10,1,4,30764215,42c8a06e,3682
42,1,3,14,2,4,84,TRAINING,7,12,0,2,50764213,e2c8a064,1851
42,1,3,14,2,4,85,TRAINING,5,14,0,6,10764253,62c8a0e4,1570
42,1,3,14,2,4,86,TRAINING,3,4,0,0,30764251,42c8a0e6,1425
42,1,3,14,2,4,87,TRAINING,6,8,0,7,30714256,42c6a0e8,1850
42,1,3,14,2,4,88,TRAINING,1,6,1,3,30712456,42c60ae8,1979
42,1,3,14,2,4,89,TEST,0,2,1,1,true,2840
42,1,3,14,2,4,90,TEST,1,6,1,1,true,1423
42,1,3,14,2,4,91,TEST,5,14,0,0,true,745
42,1,3,14,2,4,92,TEST,3,4,0,0,true,759
42,1,3,14,2,4,93,TEST,2,0,1,0,false,666
42,1,3,14,2,4,94,TEST,4,10,1,0,false,5119
42,1,3,14,2,4,95,TEST,6,8,0,0,true,1619
42,1,3,14,2,4,96,TEST,7,12,0,0,true,408
42,1,3,14,2,5,97,TRAINING,5,14,0,3,70152364,c26e048a,2317
42,1,3,14,2,5,98,TRAINING,0,2,1,1,20157364,026ec48a,1816
42,1,3,14,2,5,99,TRAINING,4,10,1,2,20457361,02aec486,1642
42,1,3,14,2,5,100,TRAINING,5,14,0,6,20467351,02a8c4e6,1897
42,1,3,14,2,5,101,TRAINING,0,2,1,1,30467251,42a8c0e6,1395
42,1,3,14,2,5,102,TRAINING,1,6,1,0,10467253,62a8c0e4,1259
42,1,3,14,2,5,103,TRAINING,3,4,0,6,10467235,62a8c04e,1401
42,1,3,14,2,5,104,TRAINING,6,8,0,3,17460235,6ca8204e,1475
42,1,3,14,2,5,105,TRAINING,2,0,1,5,71460235,c6a8204e,1417
42,1,3,14,2,5,106,TRAINING,2,0,1,5,74160235,ca68204e,3722
42,1,3,14,2,5,107,TRAINING,1,6,1,2,74165230,ca68e042,1810
42,1,3,14,2,5,108,TRAINING,7,12,0,6,34165270,4a68e0c2,1659
42,1,3,14,2,5,109,TRAINING,6,8,0,3,34160275,4a6820ce,2568
42,1,3,14,2,5,110,TRAINING,3,4,0,0,30164275,4268a0ce,1490
42,1,3,14,2,5,111,TRAINING,4,10,1,4,32164075,4068a2ce,1763
42,1,3,14,2,5,112,TRAINING,7,12,0,5,32164705,4068ac2e,1545
42,1,3,14,2,5,113,TEST,1,6,1,1,true,1894
42,1,3,14,2,5,114,TEST,4,10,1,1,true,1859
42,1,3,14,2,5,115,TEST,0,2,1,1,true,426
42,1,3,14,2,5,116,TEST,2,0,1,0,false,475
42,1,3,14,2,5,117,TEST,6,8,0,0,true,731
42,1,3,14,2,5,118,TEST,5,14,0,0,true,493
42,1,3,14,2,5,119,TEST,3,4,0,1,false,675
42,1,3,14,2,5,120,TEST,7,12,0,0,true,432
42,1,3,14,2,6,121,TRAINING,2,0,1,7,50617432,e286ca40,1836
42,1,3,14,2,6,122,TRAINING,5,14,0,0,54617032,ea86c240,4577
42,1,3,14,2,6,123,TRAINING,1,6,1,3,54617302,ea86c420,1769
42,1,3,14,2,6,124,TRAINING,1,6,1,3,54716302,eac68420,2098
42,1,3,14,2,6,125,TRAINING,0,2,1,6,54216307,ea06842c,1507
42,1,3,14,2,6,126,TRAINING,3,4,0,0,34216507,4a068e2c,1265
42,1,3,14,2,6,127,TRAINING,3,4,0,0,36214507,4806ae2c,1858
42,1,3,14,2,6,128,TRAINING,0,2,1,6,36217504,4806ce2a,1553
42,1,3,14,2,6,129,TRAINING,7,12,0,3,36271504,480c6e2a,1706
42,1,3,14,2,6,130,TRAINING,6,8,0,1,36274501,480cae26,1411
42,1,3,14,2,6,131,TRAINING,6,8,0,1,06274531,280cae46,1738
42,1,3,14,2,6,132,TRAINING,2,0,1,2,36274501,480cae26,1513
42,1,3,14,2,6,133,TRAINING,4,10,1,4,76234501,c804ae26,1617
42,1,3,14,2,6,134,TRAINING,5,14,0,5,06234571,2804aec6,1801
42,1,3,14,2,6,135,TRAINING,4,10,1,4,02634571,2084aec6,1634
42,1,3,14,2,6,136,TRAINING,7,12,0,6,12634570,6084aec2,1634
42,1,3,14,2,6,137,TEST,4,10,1,1,true,584
42,1,3,14,2,6,138,TEST,3,4,0,0,true,458
42,1,3,14,2,6,139,TEST,6,8,0,0,true,1524
42,1,3,14,2,6,140,TEST,0,2,1,1,true,441
42,1,3,14,2,6,141,TEST,2,0,1,1,true,594
42,1,3,14,2,6,142,TEST,7,12,0,0,true,668
42,1,3,14,2,6,143,TEST,1,6,1,1,true,1061
42,1,3,14,2,6,144,TEST,5,14,0,0,true,798
42,1,3,14,2,7,145,TRAINING,7,12,0,0,72601354,c08264ea,1940
42,1,3,14,2,7,146,TRAINING,2,0,1,1,72610354,c08624ea,1530
42,1,3,14,2,7,147,TRAINING,1,6,1,3,72510364,c0e6248a,1545
42,1,3,14,2,7,148,TRAINING,5,14,0,2,72510346,c0e624a8,1353
42,1,3,14,2,7,149,TRAINING,7,12,0,0,70512346,c2e604a8,1450
42,1,3,14,2,7,150,TRAINING,6,8,0,7,70532146,c2e406a8,1642
42,1,3,14,2,7,151,TRAINING,4,10,1,6,71532046,c6e402a8,1323
42,1,3,14,2,7,152,TRAINING,0,2,1,0,01532746,26e40ca8,2723
42,1,3,14,2,7,153,TRAINING,4,10,1,6,01532647,26e408ac,1409
42,1,3,14,2,7,154,TRAINING,3,4,0,3,06532147,28e406ac,1585
42,1,3,14,2,7,155,TRAINING,1,6,1,5,76532140,c8e406a2,4466
42,1,3,14,2,7,156,TRAINING,0,2,1,7,76534120,c8e4a602,1626
42,1,3,14,2,7,157,TRAINING,3,4,0,3,26534170,08e4a6c2,1802
42,1,3,14,2,7,158,TRAINING,6,8,0,6,27534160,0ce4a682,1418
42,1,3,14,2,7,159,TRAINING,5,14,0,2,47532160,ace40682,1498
42,1,3,14,2,7,160,TRAINING,2,0,1,4,37542160,4cea0682,1787
42,1,3,14,2,7,161,TEST,7,12,0,0,true,915
42,1,3,14,2,7,162,TEST,5,14,0,0,true,1819
42,1,3,14,2,7,163,TEST,1,6,1,1,true,442
42,1,3,14,2,7,164,TEST,3,4,0,1,false,370
42,1,3,14,2,7,165,TEST,2,0,1,1,true,361
42,1,3,14,2,7,166,TEST,0,2,1,1,true,377
42,1,3,14,2,7,167,TEST,6,8,0,0,true,697
42,1,3,14,2,7,168,TEST,4,10,1,0,false,986
42,1,3,14,2,8,169,TRAINING,5,14,0,5,17460523,6ca82e04,11475
42,1,3,14,2,8,170,TRAINING,5,14,0,5,17260543,6c082ea4,4711
42,1,3,14,2,8,171,TRAINING,3,4,0,7,17460523,6ca82e04,2096
42,1,3,14,2,8,172,TRAINING,4,10,1,2,12460573,60a82ec4,5098
42,1,3,14,2,8,173,TRAINING,7,12,0,0,72460513,c0a82e64,4705
42,1,3,14,2,8,174,TRAINING,0,2,1,7,72463510,c0a84e62,4667
42,1,3,14,2,8,175,TRAINING,7,12,0,0,74263510,ca084e62,4010
42,1,3,14,2,8,176,TRAINING,4,10,1,1,74261530,ca086e42,1312
42,1,3,14,2,8,177,TRAINING,6,8,0,3,74561230,cae86042,1730
42,1,3,14,2,8,178,TRAINING,1,6,1,4,24561730,0ae86c42,1313
42,1,3,14,2,8,179,TRAINING,2,0,1,0,24561370,0ae864c2,3155
42,1,3,14,2,8,180,TRAINING,3,4,0,5,24501376,0ae264c8,1473
42,1,3,14,2,8,181,TRAINING,1,6,1,4,26501374,08e264ca,1347
42,1,3,14,2,8,182,TRAINING,0,2,1,0,06521374,28e064ca,1257
42,1,3,14,2,8,183,TRAINING,2,0,1,3,06521734,28e06c4a,1465
42,1,3,14,2,8,184,TRAINING,6,8,0,2,05621734,2e806c4a,1171
42,1,3,14,2,8,185,TEST,5,14,0,0,true,810
42,1,3,14,2,8,186,TEST,7,12,0,0,true,392
42,1,3,14,2,8,187,TEST,4,10,1,1,true,769
42,1,3,14,2,8,188,TEST,2,0,1,1,true,610
42,1,3,14,2,8,189,TEST,6,8,0,0,true,426
42,1,3,14,2,8,190,TEST,1,6,1,1,true,441
42,1,3,14,2,8,191,TEST,3,4,0,0,true,609
42,1,3,14,2,8,192,TEST,0,2,1,1,true,482
42,1,3,14,2,9,193,TRAINING,1,6,1,6,63754012,84cea260,3064
42,1,3,14,2,9,194,TRAINING,5,14,0,3,63457012,84aec260,1516
42,1,3,14,2,9,195,TRAINING,3,4,0,4,67453012,8cae4260,1419
42,1,3,14,2,9,196,TRAINING,4,10,1,5,67053412,8c2e4a60,1649
42,1,3,14,2,9,197,TRAINING,7,12,0,6,61053472,862e4ac0,1617
42,1,3,14,2,9,198,TRAINING,4,10,1,5,61023475,86204ace,1770
42,1,3,14,2,9,199,TRAINING,0,2,1,0,01623475,26804ace,1451
42,1,3,14,2,9,200,TRAINING,1,6,1,1,01723465,26c04a8e,1392
42,1,3,14,2,9,201,TRAINING,6,8,0,6,01743265,26ca408e,1395
42,1,3,14,2,9,202,TRAINING,0,2,1,2,71043265,c62a408e,1450
42,1,3,14,2,9,203,TRAINING,6,8,0,6,71045263,c62ae084,1448
42,1,3,14,2,9,204,TRAINING,5,14,0,4,17045263,6c2ae084,1339
42,1,3,14,2,9,205,TRAINING,7,12,0,7,13045267,642ae08c,1650
42,1,3,14,2,9,206,TRAINING,2,0,1,5,13065247,6428e0ac,1439
42,1,3,14,2,9,207,TRAINING,2,0,1,5,43065217,a428e06c,11939
42,1,3,14,2,9,208,TRAINING,3,4,0,1,43165207,a468e02c,2130
42,1,3,14,2,9,209,TEST,5,14,0,0,true,2633
42,1,3,14,2,9,210,TEST,6,8,0,0,true,715
42,1,3,14,2,9,211,TEST,1,6,1,1,true,905
42,1,3,14,2,9,212,TEST,0,2,1,1,true,3457
42,1,3,14,2,9,213,TEST,4,10,1,1,true,553
42,1,3,14,2,9,214,TEST,7,12,0,0,true,942
42,1,3,14,2,9,215,TEST,2,0,1,1,true,499
42,1,3,14,2,9,216,TEST,3,4,0,0,true,1332
42,1,3,14,2,INSTRUCT,postquestionnaire,1

rulestrategy:I would try to memorize all the A's only. When something I didn't recognize as an "A" popped up, I knew it had to be "B".

howtoimprove:
engagement:10
difficulty:10
physicalaids:no