45,0,1,17,8,INSTRUCT,instruct1,30296
45,0,1,17,8,INSTRUCT,instructCatExample,13271
45,0,1,17,8,INSTRUCT,instructCatColor,7623
45,0,1,17,8,INSTRUCT,instructCatStripe,13374
45,0,1,17,8,INSTRUCT,instructDemoIntro,30370
45,0,1,17,8,INSTRUCT,instructDemo,68251
45,0,1,17,8,INSTRUCT,instructTest,27209
45,0,1,17,8,INSTRUCT,instructTest2,27405
45,0,1,17,8,INSTRUCT,instructDimColor,10256
45,0,1,17,8,INSTRUCT,instructDimBorder,6082
45,0,1,17,8,INSTRUCT,instructDimDots,5763
45,0,1,17,8,INSTRUCT,instructDimStripe,5491
45,0,1,17,8,INSTRUCT,instructDimAll,9932
45,0,1,17,8,INSTRUCT,instructFinal,25062
45,0,1,17,8,1,1,TRAINING,0,4,0,0,04631257,46ed5c7f,2828
45,0,1,17,8,1,2,TRAINING,2,12,1,1,02631457,4ced567f,3125
45,0,1,17,8,1,3,TRAINING,6,14,1,6,02531467,4c7d56ef,1327
45,0,1,17,8,1,4,TRAINING,3,13,0,0,32501467,dc7456ef,1666
45,0,1,17,8,1,5,TRAINING,7,15,0,3,32571460,dc7f56e4,1253
45,0,1,17,8,1,6,TRAINING,5,7,1,1,35271460,d7cf56e4,1176
45,0,1,17,8,1,7,TRAINING,1,5,1,4,65271430,e7cf56d4,1464
45,0,1,17,8,1,8,TRAINING,2,12,1,6,65371420,e7df56c4,1048
45,0,1,17,8,1,9,TRAINING,5,7,1,5,64371520,e6df57c4,1639
45,0,1,17,8,1,10,TRAINING,4,6,0,1,64317520,e6d5f7c4,2831
45,0,1,17,8,1,11,TRAINING,0,4,0,7,64137520,e65df7c4,1191
45,0,1,17,8,1,12,TRAINING,2,12,1,4,64132570,e65dc7f4,3373
45,0,1,17,8,1,13,TRAINING,6,14,1,3,34162570,d65ec7f4,3681
45,0,1,17,8,1,14,TRAINING,5,7,1,1,35162470,d75ec6f4,3414
45,0,1,17,8,1,15,TRAINING,7,15,0,6,05162473,475ec6fd,1264
45,0,1,17,8,1,16,TRAINING,1,5,1,2,05142673,4756cefd,1266
45,0,1,17,8,1,17,TEST,1,5,1,0,false,2501
45,0,1,17,8,1,18,TEST,6,14,1,1,true,1906
45,0,1,17,8,1,19,TEST,4,6,0,0,true,1265
45,0,1,17,8,1,20,TEST,5,7,1,1,true,2418
45,0,1,17,8,1,21,TEST,0,4,0,0,true,2134
45,0,1,17,8,1,22,TEST,2,12,1,1,true,906
45,0,1,17,8,1,23,TEST,3,13,0,0,true,930
45,0,1,17,8,1,24,TEST,7,15,0,0,true,1410
45,0,1,17,8,2,25,TRAINING,1,5,1,0,17625034,5fec74d6,2489
45,0,1,17,8,2,26,TRAINING,5,7,1,4,13625074,5dec74f6,2102
45,0,1,17,8,2,27,TRAINING,0,4,0,5,16325074,5edc74f6,1392
45,0,1,17,8,2,28,TRAINING,4,6,0,0,46325071,6edc74f5,1508
45,0,1,17,8,2,29,TRAINING,4,6,0,0,46375021,6edf74c5,19143
45,0,1,17,8,2,30,TRAINING,5,7,1,4,47365021,6fde74c5,3030
45,0,1,17,8,2,31,TRAINING,0,4,0,5,47165023,6f5e74cd,4999
45,0,1,17,8,2,32,TRAINING,1,5,1,2,42165073,6c5e74fd,3439
45,0,1,17,8,2,33,TRAINING,1,5,1,2,42156073,6c57e4fd,11254
45,0,1,17,8,2,34,TRAINING,2,12,1,1,42176053,6c5fe47d,5047
45,0,1,17,8,2,35,TRAINING,6,14,1,3,42167053,6c5ef47d,5407
45,0,1,17,8,2,36,TRAINING,2,12,1,1,42160753,6c5e4f7d,1095
45,0,1,17,8,2,37,TRAINING,2,12,1,1,42061753,6c4e5f7d,6203
45,0,1,17,8,2,38,TRAINING,1,5,1,4,42071653,6c4f5e7d,7248
45,0,1,17,8,2,39,TRAINING,3,13,0,7,42671053,6cef547d,5647
45,0,1,17,8,2,40,TRAINING,7,15,0,3,46271053,6ecf547d,6432
45,0,1,17,8,2,41,TEST,5,7,1,1,true,5696
45,0,1,17,8,2,42,TEST,3,13,0,0,true,2337
45,0,1,17,8,2,43,TEST,0,4,0,0,true,5370
45,0,1,17,8,2,44,TEST,2,12,1,1,true,2882
45,0,1,17,8,2,45,TEST,6,14,1,1,true,2618
45,0,1,17,8,2,46,TEST,4,6,0,0,true,3026
45,0,1,17,8,2,47,TEST,1,5,1,1,true,5049
45,0,1,17,8,2,48,TEST,7,15,0,0,true,2770
45,0,1,17,8,3,49,TRAINING,5,7,1,4,02365174,4cde75f6,7850
45,0,1,17,8,3,50,TRAINING,5,7,1,4,06325174,4edc75f6,12223
45,0,1,17,8,3,51,TRAINING,0,4,0,0,06375124,4edf75c6,12337
45,0,1,17,8,3,52,TRAINING,0,4,0,0,06735124,4efd75c6,9831
45,0,1,17,8,3,53,TRAINING,7,15,0,1,07635124,4fed75c6,5735
45,0,1,17,8,3,54,TRAINING,7,15,0,1,07365124,4fde75c6,13560
45,0,1,17,8,3,55,TRAINING,3,13,0,2,07362154,4fdec576,2992
45,0,1,17,8,3,56,TRAINING,1,5,1,5,07364152,4fde657c,17312
45,0,1,17,8,3,57,TRAINING,1,5,1,5,27364150,cfde6574,9751
45,0,1,17,8,3,58,TRAINING,6,14,1,3,25364170,c7de65f4,2521
45,0,1,17,8,3,59,TRAINING,6,14,1,3,25364107,c7de654f,10701
45,0,1,17,8,3,60,TRAINING,5,7,1,1,25164307,c75e6d4f,3943
45,0,1,17,8,3,61,TRAINING,3,13,0,2,25364107,c7de654f,1295
45,0,1,17,8,3,62,TRAINING,1,5,1,3,25314607,c7d56e4f,1527
45,0,1,17,8,3,63,TRAINING,6,14,1,5,20314657,c4d56e7f,1055
45,0,1,17,8,3,64,TRAINING,5,7,1,6,27314650,cfd56e74,1168
45,0,1,17,8,3,65,TEST,1,5,1,1,true,4750
45,0,1,17,8,3,66,TEST,3,13,0,0,true,4826
45,0,1,17,8,3,67,TEST,7,15,0,0,true,6538
45,0,1,17,8,3,68,TEST,2,12,1,0,false,7137
45,0,1,17,8,3,69,TEST,5,7,1,1,true,5802
45,0,1,17,8,3,70,TEST,6,14,1,1,true,7874
45,0,1,17,8,3,71,TEST,0,4,0,1,false,3994
45,0,1,17,8,3,72,TEST,4,6,0,0,true,4018
45,0,1,17,8,4,73,TRAINING,4,6,0,0,45630127,67ed45cf,8144
45,0,1,17,8,4,74,TRAINING,5,7,1,1,45360127,67de45cf,12184
45,0,1,17,8,4,75,TRAINING,6,14,1,2,45630127,67ed45cf,17084
45,0,1,17,8,4,76,TRAINING,3,13,0,3,45632107,67edc54f,7097
45,0,1,17,8,4,77,TRAINING,1,5,1,4,45631207,67ed5c4f,13052
45,0,1,17,8,4,78,TRAINING,2,12,1,5,40631257,64ed5c7f,18225
45,0,1,17,8,4,79,TRAINING,5,7,1,6,47631250,6fed5c74,6430
45,0,1,17,8,4,80,TRAINING,6,14,1,2,47613250,6fe5dc74,13480
45,0,1,17,8,4,81,TRAINING,2,12,1,7,47613052,6fe5d47c,5865
45,0,1,17,8,4,82,TRAINING,3,13,0,4,47603152,6fe4d57c,5453
45,0,1,17,8,4,83,TRAINING,7,15,0,0,74603152,f6e4d57c,7318
45,0,1,17,8,4,84,TRAINING,5,7,1,6,76403152,fe64d57c,9082
45,0,1,17,8,4,85,TRAINING,4,6,0,2,72403156,fc64d57e,21792
45,0,1,17,8,4,86,TRAINING,3,13,0,3,72430156,fc6d457e,1398
45,0,1,17,8,4,87,TRAINING,3,13,0,3,62430157,ec6d457f,9289
45,0,1,17,8,4,88,TRAINING,0,4,0,4,65430127,e76d45cf,5480
45,0,1,17,8,4,89,TEST,0,4,0,0,true,10011
45,0,1,17,8,4,90,TEST,6,14,1,1,true,5666
45,0,1,17,8,4,91,TEST,4,6,0,0,true,12569
45,0,1,17,8,4,92,TEST,5,7,1,1,true,13738
45,0,1,17,8,4,93,TEST,7,15,0,0,true,8857
45,0,1,17,8,4,94,TEST,2,12,1,1,true,3361
45,0,1,17,8,4,95,TEST,3,13,0,0,true,5554
45,0,1,17,8,4,96,TEST,1,5,1,1,true,5706
45,0,1,17,8,5,97,TRAINING,5,7,1,0,53612740,7de5cf64,96284
45,0,1,17,8,5,98,TRAINING,3,13,0,1,53610742,7de54f6c,3488
45,0,1,17,8,5,99,TRAINING,6,14,1,2,53670142,7def456c,4375
45,0,1,17,8,5,100,TRAINING,1,5,1,5,43670152,6def457c,5024
45,0,1,17,8,5,101,TRAINING,2,12,1,0,23670154,cdef4576,6199
45,0,1,17,8,5,102,TRAINING,7,15,0,3,23670145,cdef4567,6651
45,0,1,17,8,5,103,TRAINING,4,6,0,6,23170645,cd5f4e67,6552
45,0,1,17,8,5,104,TRAINING,0,4,0,1,20173645,c45fde67,2976
45,0,1,17,8,5,105,TRAINING,3,13,0,4,20673145,c4efd567,2976
45,0,1,17,8,5,106,TRAINING,5,7,1,7,20643175,c4e6d5f7,1671
45,0,1,17,8,5,107,TRAINING,7,15,0,6,10643275,54e6dcf7,1416
45,0,1,17,8,5,108,TRAINING,0,4,0,1,60143275,e456dcf7,1288
45,0,1,17,8,5,109,TRAINING,3,13,0,4,60413275,e465dcf7,1074
45,0,1,17,8,5,110,TRAINING,4,6,0,2,50413276,7465dcfe,1110
45,0,1,17,8,5,111,TRAINING,2,12,1,5,05413276,4765dcfe,1409
45,0,1,17,8,5,112,TRAINING,7,15,0,6,03415276,4d657cfe,1086
45,0,1,17,8,5,113,TEST,2,12,1,1,true,4615
45,0,1,17,8,5,114,TEST,6,14,1,0,false,7603
45,0,1,17,8,5,115,TEST,0,4,0,0,true,7906
45,0,1,17,8,5,116,TEST,5,7,1,1,true,5953
45,0,1,17,8,5,117,TEST,1,5,1,0,false,6483
45,0,1,17,8,5,118,TEST,4,6,0,0,true,8730
45,0,1,17,8,5,119,TEST,3,13,0,0,true,4386
45,0,1,17,8,5,120,TEST,7,15,0,0,true,4274
45,0,1,17,8,6,121,TRAINING,4,6,0,0,47352601,6fd7ce45,47826
45,0,1,17,8,6,122,TRAINING,7,15,0,1,47350621,6fd74ec5,8615
45,0,1,17,8,6,123,TRAINING,0,4,0,5,47356021,6fd7e4c5,5807
45,0,1,17,8,6,124,TRAINING,3,13,0,7,47156023,6f57e4cd,6064
45,0,1,17,8,6,125,TRAINING,5,7,1,3,74156023,f657e4cd,6024
45,0,1,17,8,6,126,TRAINING,6,14,1,4,74056123,f647e5cd,6520
45,0,1,17,8,6,127,TRAINING,1,5,1,5,24056173,c647e5fd,6648
45,0,1,17,8,6,128,TRAINING,2,12,1,3,54026173,764ce5fd,7575
45,0,1,17,8,6,129,TRAINING,4,6,0,4,56024173,7e4c65fd,2424
45,0,1,17,8,6,130,TRAINING,5,7,1,0,50624173,74ec65fd,928
45,0,1,17,8,6,131,TRAINING,7,15,0,6,53624170,7dec65f4,521
45,0,1,17,8,6,132,TRAINING,1,5,1,5,53024176,7d4c65fe,840
45,0,1,17,8,6,133,TRAINING,0,4,0,1,50324176,74dc65fe,823
45,0,1,17,8,6,134,TRAINING,6,14,1,7,50423176,746cd5fe,1121
45,0,1,17,8,6,135,TRAINING,1,5,1,5,70423156,f46cd57e,984
45,0,1,17,8,6,136,TRAINING,0,4,0,1,40723156,64fcd57e,1178
45,0,1,17,8,6,137,TEST,3,13,0,0,true,12086
45,0,1,17,8,6,138,TEST,4,6,0,0,true,10547
45,0,1,17,8,6,139,TEST,5,7,1,1,true,7833
45,0,1,17,8,6,140,TEST,1,5,1,1,true,4668
45,0,1,17,8,6,141,TEST,0,4,0,0,true,6970
45,0,1,17,8,6,142,TEST,7,15,0,0,true,6322
45,0,1,17,8,6,143,TEST,2,12,1,1,true,5122
45,0,1,17,8,6,144,TEST,6,14,1,1,true,5837
45,0,1,17,8,7,145,TRAINING,3,13,0,4,52463071,7c6ed4f5,35544
45,0,1,17,8,7,146,TRAINING,3,13,0,4,52063471,7c4ed6f5,2143
45,0,1,17,8,7,147,TRAINING,5,7,1,0,57063421,7f4ed6c5,943
45,0,1,17,8,7,148,TRAINING,6,14,1,3,57463021,7f6ed4c5,1000
45,0,1,17,8,7,149,TRAINING,0,4,0,5,51463027,756ed4cf,1072
45,0,1,17,8,7,150,TRAINING,5,7,1,0,51364027,75de64cf,1426
45,0,1,17,8,7,151,TRAINING,7,15,0,7,51634027,75ed64cf,959
45,0,1,17,8,7,152,TRAINING,6,14,1,2,51634207,75ed6c4f,1160
45,0,1,17,8,7,153,TRAINING,4,6,0,5,51632407,75edc64f,1513
45,0,1,17,8,7,154,TRAINING,0,4,0,6,51623407,75ecd64f,1056
45,0,1,17,8,7,155,TRAINING,6,14,1,2,57623401,7fecd645,976
45,0,1,17,8,7,156,TRAINING,5,7,1,3,27653401,cfe7d645,1640
45,0,1,17,8,7,157,TRAINING,4,6,0,7,27653104,cfe7d546,1137
45,0,1,17,8,7,158,TRAINING,0,4,0,6,23657104,cde7f546,1648
45,0,1,17,8,7,159,TRAINING,6,14,1,0,63257104,edc7f546,1025
45,0,1,17,8,7,160,TRAINING,2,12,1,2,63275104,edcf7546,954
45,0,1,17,8,7,161,TEST,0,4,0,0,true,957
45,0,1,17,8,7,162,TEST,5,7,1,1,true,578
45,0,1,17,8,7,163,TEST,4,6,0,0,true,462
45,0,1,17,8,7,164,TEST,1,5,1,1,true,561
45,0,1,17,8,7,165,TEST,6,14,1,1,true,722
45,0,1,17,8,7,166,TEST,3,13,0,0,true,452
45,0,1,17,8,7,167,TEST,2,12,1,1,true,576
45,0,1,17,8,7,168,TEST,7,15,0,0,true,434
45,0,1,17,8,INSTRUCT,postquestionnaire,3

rulestrategy:I really did not have a rule. I just tried to figure out if they were a or b based on the outside line color, the inside color and if there were polka dots or not. there was no real strategy. 
howtoimprove:It was very long for the amount of money offered. Other than that, no real issues. 
engagement:9
difficulty:3
physicalaids:no