46,0,3,4,7,INSTRUCT,instruct1,14430
46,0,3,4,7,INSTRUCT,instructCatExample,10607
46,0,3,4,7,INSTRUCT,instructCatColor,3412
46,0,3,4,7,INSTRUCT,instructCatStripe,4491
46,0,3,4,7,INSTRUCT,instructDemoIntro,8905
46,0,3,4,7,INSTRUCT,instructDemo,70956
46,0,3,4,7,INSTRUCT,instructTest,8811
46,0,3,4,7,INSTRUCT,instructTest2,21484
46,0,3,4,7,INSTRUCT,instructDimColor,6422
46,0,3,4,7,INSTRUCT,instructDimBorder,4125
46,0,3,4,7,INSTRUCT,instructDimDots,4467
46,0,3,4,7,INSTRUCT,instructDimStripe,5702
46,0,3,4,7,INSTRUCT,instructDimAll,3505
46,0,3,4,7,INSTRUCT,instructFinal,6229
46,0,3,4,7,1,1,TRAINING,0,13,1,0,03241657,d19c5840,3264
46,0,3,4,7,1,2,TRAINING,3,1,0,1,03421657,d1c95840,1233
46,0,3,4,7,1,3,TRAINING,2,9,1,2,03241657,d19c5840,1436
46,0,3,4,7,1,4,TRAINING,4,12,1,3,53241607,419c58d0,2146
46,0,3,4,7,1,5,TRAINING,6,8,0,6,53241067,419c5d80,968
46,0,3,4,7,1,6,TRAINING,2,9,1,2,53240167,419cd580,1499
46,0,3,4,7,1,7,TRAINING,3,1,0,1,73240165,019cd584,1296
46,0,3,4,7,1,8,TRAINING,5,4,0,7,13240765,519cd084,6968
46,0,3,4,7,1,9,TRAINING,6,8,0,6,03241765,d19c5084,16143
46,0,3,4,7,1,10,TRAINING,7,0,0,5,02341765,d91c5084,5061
46,0,3,4,7,1,11,TRAINING,1,5,1,4,02431765,d9c15084,7280
46,0,3,4,7,1,12,TRAINING,0,13,1,0,02631745,d98150c4,9297
46,0,3,4,7,1,13,TRAINING,2,9,1,1,02631547,d98154c0,8983
46,0,3,4,7,1,14,TRAINING,4,12,1,2,02431567,d9c15480,7202
46,0,3,4,7,1,15,TRAINING,3,1,0,3,62431507,89c154d0,6202
46,0,3,4,7,1,16,TRAINING,0,13,1,6,12436507,59c184d0,1343
46,0,3,4,7,1,17,TEST,6,8,0,0,true,2220
46,0,3,4,7,1,18,TEST,3,1,0,0,true,12489
46,0,3,4,7,1,19,TEST,4,12,1,1,true,3709
46,0,3,4,7,1,20,TEST,0,13,1,1,true,3469
46,0,3,4,7,1,21,TEST,7,0,0,1,false,2078
46,0,3,4,7,1,22,TEST,2,9,1,1,true,3813
46,0,3,4,7,1,23,TEST,5,4,0,1,false,11938
46,0,3,4,7,1,24,TEST,1,5,1,1,true,5642
46,0,3,4,7,2,25,TRAINING,2,9,1,0,25740136,940cd518,1764
46,0,3,4,7,2,26,TRAINING,3,1,0,1,23740156,910cd548,1546
46,0,3,4,7,2,27,TRAINING,7,0,0,2,23745106,910c45d8,1186
46,0,3,4,7,2,28,TRAINING,1,5,1,0,13745206,510c49d8,1624
46,0,3,4,7,2,29,TRAINING,0,13,1,1,10745236,5d0c4918,1025
46,0,3,4,7,2,30,TRAINING,4,12,1,2,10475236,5dc04918,1484
46,0,3,4,7,2,31,TRAINING,5,4,0,4,70415236,0dc54918,1172
46,0,3,4,7,2,32,TRAINING,7,0,0,6,30415276,1dc54908,6733
46,0,3,4,7,2,33,TRAINING,6,8,0,3,30465271,1dc84905,1280
46,0,3,4,7,2,34,TRAINING,2,9,1,5,03465271,d1c84905,1383
46,0,3,4,7,2,35,TRAINING,5,4,0,4,01465273,d5c84901,967
46,0,3,4,7,2,36,TRAINING,4,12,1,2,07465213,d0c84951,984
46,0,3,4,7,2,37,TRAINING,6,8,0,7,07435216,d0c14958,1093
46,0,3,4,7,2,38,TRAINING,2,9,1,1,02435716,d9c14058,1432
46,0,3,4,7,2,39,TRAINING,4,12,1,0,42035716,c9d14058,1046
46,0,3,4,7,2,40,TRAINING,5,4,0,4,42035176,c9d14508,1005
46,0,3,4,7,2,41,TEST,1,5,1,1,true,1082
46,0,3,4,7,2,42,TEST,2,9,1,1,true,1063
46,0,3,4,7,2,43,TEST,4,12,1,0,false,516
46,0,3,4,7,2,44,TEST,7,0,0,0,true,874
46,0,3,4,7,2,45,TEST,0,13,1,1,true,376
46,0,3,4,7,2,46,TEST,5,4,0,0,true,2485
46,0,3,4,7,2,47,TEST,6,8,0,0,true,391
46,0,3,4,7,2,48,TEST,3,1,0,1,false,656
46,0,3,4,7,3,49,TRAINING,4,12,1,3,52743106,490c15d8,3829
46,0,3,4,7,3,50,TRAINING,7,0,0,2,02743156,d90c1548,1124
46,0,3,4,7,3,51,TRAINING,2,9,1,1,32740156,190cd548,1749
46,0,3,4,7,3,52,TRAINING,3,1,0,0,32746150,190c854d,1171
46,0,3,4,7,3,53,TRAINING,6,8,0,4,32746051,190c8d45,1253
46,0,3,4,7,3,54,TRAINING,5,4,0,6,32706451,190d8c45,1062
46,0,3,4,7,3,55,TRAINING,0,13,1,3,37206451,109d8c45,1521
46,0,3,4,7,3,56,TRAINING,1,5,1,4,37201456,109d5c48,1033
46,0,3,4,7,3,57,TRAINING,3,1,0,5,47201356,c09d5148,998
46,0,3,4,7,3,58,TRAINING,2,9,1,2,40271356,cd905148,1452
46,0,3,4,7,3,59,TRAINING,0,13,1,0,04271356,dc905148,1983
46,0,3,4,7,3,60,TRAINING,4,12,1,7,06271354,d890514c,1109
46,0,3,4,7,3,61,TRAINING,5,4,0,6,06721354,d809514c,1279
46,0,3,4,7,3,62,TRAINING,7,0,0,1,07621354,d089514c,1286
46,0,3,4,7,3,63,TRAINING,6,8,0,2,47621350,c089514d,947
46,0,3,4,7,3,64,TRAINING,4,12,1,0,47651320,c084519d,2317
46,0,3,4,7,3,65,TEST,2,9,1,1,true,1844
46,0,3,4,7,3,66,TEST,0,13,1,1,true,626
46,0,3,4,7,3,67,TEST,6,8,0,0,true,437
46,0,3,4,7,3,68,TEST,4,12,1,0,false,1298
46,0,3,4,7,3,69,TEST,3,1,0,1,false,281
46,0,3,4,7,3,70,TEST,1,5,1,1,true,329
46,0,3,4,7,3,71,TEST,5,4,0,0,true,422
46,0,3,4,7,3,72,TEST,7,0,0,1,false,734
46,0,3,4,7,4,73,TRAINING,6,8,0,0,60371524,8d10549c,3201
46,0,3,4,7,4,74,TRAINING,7,0,0,1,67301524,801d549c,1353
46,0,3,4,7,4,75,TRAINING,4,12,1,2,67401523,80cd5491,1003
46,0,3,4,7,4,76,TRAINING,5,4,0,0,57401623,40cd5891,1390
46,0,3,4,7,4,77,TRAINING,2,9,1,6,57410623,40c5d891,3186
46,0,3,4,7,4,78,TRAINING,0,13,1,2,57014623,40d5c891,1453
46,0,3,4,7,4,79,TRAINING,3,1,0,1,53014627,41d5c890,1083
46,0,3,4,7,4,80,TRAINING,4,12,1,4,63014527,81d5c490,2494
46,0,3,4,7,4,81,TRAINING,2,9,1,6,13064527,51d8c490,2013
46,0,3,4,7,4,82,TRAINING,7,0,0,7,13054627,51d4c890,1264
46,0,3,4,7,4,83,TRAINING,3,1,0,1,13045627,51dc4890,1062
46,0,3,4,7,4,84,TRAINING,0,13,1,5,13645027,518c4d90,17718
46,0,3,4,7,4,85,TRAINING,4,12,1,3,13245067,519c4d80,927
46,0,3,4,7,4,86,TRAINING,5,4,0,4,13645027,518c4d90,1046
46,0,3,4,7,4,87,TRAINING,1,5,1,0,12645037,598c4d10,5077
46,0,3,4,7,4,88,TRAINING,2,9,1,2,16245037,589c4d10,4406
46,0,3,4,7,4,89,TEST,7,0,0,0,true,2109
46,0,3,4,7,4,90,TEST,0,13,1,1,true,1407
46,0,3,4,7,4,91,TEST,5,4,0,0,true,1500
46,0,3,4,7,4,92,TEST,6,8,0,0,true,2266
46,0,3,4,7,4,93,TEST,4,12,1,1,true,1281
46,0,3,4,7,4,94,TEST,2,9,1,1,true,812
46,0,3,4,7,4,95,TEST,1,5,1,1,true,3016
46,0,3,4,7,4,96,TEST,3,1,0,0,true,2281
46,0,3,4,7,5,97,TRAINING,3,1,0,0,37405126,10cd4598,2419
46,0,3,4,7,5,98,TRAINING,7,0,0,3,30475126,1dc04598,1503
46,0,3,4,7,5,99,TRAINING,4,12,1,1,34075126,1cd04598,3719
46,0,3,4,7,5,100,TRAINING,0,13,1,4,34570126,1c40d598,1155
46,0,3,4,7,5,101,TRAINING,5,4,0,0,54370126,4c10d598,1608
46,0,3,4,7,5,102,TRAINING,2,9,1,6,53470126,41c0d598,1687
46,0,3,4,7,5,103,TRAINING,6,8,0,5,53470621,41c0d895,1374
46,0,3,4,7,5,104,TRAINING,6,8,0,5,73450621,01c4d895,5936
46,0,3,4,7,5,105,TRAINING,2,9,1,6,37450621,10c4d895,1358
46,0,3,4,7,5,106,TRAINING,3,1,0,0,37054621,10d4c895,940
46,0,3,4,7,5,107,TRAINING,7,0,0,1,37045621,10dc4895,2890
46,0,3,4,7,5,108,TRAINING,6,8,0,2,37645021,108c4d95,1611
46,0,3,4,7,5,109,TRAINING,4,12,1,5,37605421,108d4c95,1546
46,0,3,4,7,5,110,TRAINING,3,1,0,0,30675421,1d804c95,1343
46,0,3,4,7,5,111,TRAINING,5,4,0,4,30625471,1d894c05,1496
46,0,3,4,7,5,112,TRAINING,1,5,1,7,30265471,1d984c05,1593
46,0,3,4,7,5,113,TEST,6,8,0,0,true,2125
46,0,3,4,7,5,114,TEST,4,12,1,1,true,1328
46,0,3,4,7,5,115,TEST,0,13,1,1,true,1203
46,0,3,4,7,5,116,TEST,3,1,0,0,true,2515
46,0,3,4,7,5,117,TEST,2,9,1,1,true,1823
46,0,3,4,7,5,118,TEST,1,5,1,1,true,5906
46,0,3,4,7,5,119,TEST,7,0,0,0,true,1375
46,0,3,4,7,5,120,TEST,5,4,0,0,true,2016
46,0,3,4,7,INSTRUCT,postquestionnaire,1

rulestrategy:I realized there was no pattern.  Since 50% of them had to be A and 50% had to be B, I memorized which ones were the A's.  By process of elimination, the others were B's

I did not use pen/paper/pencil
howtoimprove:no idea
engagement:10
difficulty:9
physicalaids:no