50,0,5,0,9,INSTRUCT,instruct1,3766
50,0,5,0,9,INSTRUCT,instructCatExample,2005
50,0,5,0,9,INSTRUCT,instructCatColor,7509
50,0,5,0,9,INSTRUCT,instructCatStripe,21394
50,0,5,0,9,INSTRUCT,instructDemoIntro,2097
50,0,5,0,9,INSTRUCT,instructDemo,24938
50,0,5,0,9,INSTRUCT,instructTest,29280
50,0,5,0,9,INSTRUCT,instructTest2,30726
50,0,5,0,9,INSTRUCT,instructDimColor,15386
50,0,5,0,9,INSTRUCT,instructDimBorder,2747
50,0,5,0,9,INSTRUCT,instructDimDots,1987
50,0,5,0,9,INSTRUCT,instructDimStripe,3772
50,0,5,0,9,INSTRUCT,instructDimAll,3544
50,0,5,0,9,INSTRUCT,instructFinal,27676
50,0,5,0,9,1,1,TRAINING,4,14,0,5,21503467,d46c5ef7,10368
50,0,5,0,9,1,2,TRAINING,0,12,1,3,21305467,d45c6ef7,28991
50,0,5,0,9,1,3,TRAINING,1,4,0,1,71305462,745c6efd,7856
50,0,5,0,9,1,4,TRAINING,0,12,1,3,71205463,74dc6ef5,36324
50,0,5,0,9,1,5,TRAINING,1,4,0,1,51207463,64dc7ef5,1658
50,0,5,0,9,1,6,TRAINING,7,7,0,2,51702463,647cdef5,3394
50,0,5,0,9,1,7,TRAINING,3,5,1,7,51704263,647cedf5,1091
50,0,5,0,9,1,8,TRAINING,5,6,1,0,51706243,647cfde5,7037
50,0,5,0,9,1,9,TRAINING,7,7,0,2,51702643,647cdfe5,5109
50,0,5,0,9,1,10,TRAINING,2,13,0,4,51702463,647cdef5,9075
50,0,5,0,9,1,11,TRAINING,3,5,1,1,53702461,657cdef4,3997
50,0,5,0,9,1,12,TRAINING,1,4,0,7,43702561,e57cd6f4,1478
50,0,5,0,9,1,13,TRAINING,0,12,1,6,43762501,e57fd6c4,3224
50,0,5,0,9,1,14,TRAINING,3,5,1,2,47362501,e75fd6c4,1634
50,0,5,0,9,1,15,TRAINING,2,13,0,4,45362701,e65fd7c4,2963
50,0,5,0,9,1,16,TRAINING,1,4,0,7,54362701,6e5fd7c4,1198
50,0,5,0,9,1,17,TEST,2,13,0,0,true,5331
50,0,5,0,9,1,18,TEST,7,7,0,1,false,4263
50,0,5,0,9,1,19,TEST,4,14,0,1,false,803
50,0,5,0,9,1,20,TEST,6,15,1,1,true,573
50,0,5,0,9,1,21,TEST,3,5,1,0,false,900
50,0,5,0,9,1,22,TEST,5,6,1,0,false,584
50,0,5,0,9,1,23,TEST,1,4,0,0,true,698
50,0,5,0,9,1,24,TEST,0,12,1,0,false,2430
50,0,5,0,9,2,25,TRAINING,2,13,0,1,52647031,6dfe7c54,9953
50,0,5,0,9,2,26,TRAINING,0,12,1,3,52607431,6dfc7e54,1945
50,0,5,0,9,2,27,TRAINING,3,5,1,6,52407631,6dec7f54,2618
50,0,5,0,9,2,28,TRAINING,1,4,0,4,52401637,6dec4f57,2610
50,0,5,0,9,2,29,TRAINING,5,6,1,1,25401637,d6ec4f57,9523
50,0,5,0,9,2,30,TRAINING,7,7,0,2,25701634,d67c4f5e,2031
50,0,5,0,9,2,31,TRAINING,6,15,1,5,25710634,d674cf5e,3105
50,0,5,0,9,2,32,TRAINING,4,14,0,7,15720634,467dcf5e,2203
50,0,5,0,9,2,33,TRAINING,3,5,1,6,12750634,4d76cf5e,7549
50,0,5,0,9,2,34,TRAINING,7,7,0,2,62750134,fd76c45e,1378
50,0,5,0,9,2,35,TRAINING,1,4,0,5,62740135,fd7ec456,3589
50,0,5,0,9,2,36,TRAINING,0,12,1,1,60742135,fc7ed456,3431
50,0,5,0,9,2,37,TRAINING,2,13,0,4,60742153,fc7ed465,6289
50,0,5,0,9,2,38,TRAINING,3,5,1,7,60142753,fc4ed765,2139
50,0,5,0,9,2,39,TRAINING,4,14,0,3,61042753,f4ced765,2623
50,0,5,0,9,2,40,TRAINING,5,6,1,6,01642753,c4fed765,3081
50,0,5,0,9,2,41,TEST,5,6,1,1,true,1170
50,0,5,0,9,2,42,TEST,4,14,0,1,false,1767
50,0,5,0,9,2,43,TEST,0,12,1,1,true,1321
50,0,5,0,9,2,44,TEST,7,7,0,0,true,2008
50,0,5,0,9,2,45,TEST,2,13,0,0,true,718
50,0,5,0,9,2,46,TEST,3,5,1,0,false,658
50,0,5,0,9,2,47,TEST,1,4,0,0,true,656
50,0,5,0,9,2,48,TEST,6,15,1,0,false,609
50,0,5,0,9,3,49,TRAINING,0,12,1,7,46752310,ef76d54c,5573
50,0,5,0,9,3,50,TRAINING,2,13,0,6,46751320,ef7645dc,2792
50,0,5,0,9,3,51,TRAINING,3,5,1,5,56741320,6f7e45dc,1743
50,0,5,0,9,3,52,TRAINING,1,4,0,0,16745320,4f7e65dc,2381
50,0,5,0,9,3,53,TRAINING,1,4,0,0,10745326,4c7e65df,7077
50,0,5,0,9,3,54,TRAINING,0,12,1,1,10245376,4cde657f,2926
50,0,5,0,9,3,55,TRAINING,2,13,0,2,10245367,4cde65f7,3877
50,0,5,0,9,3,56,TRAINING,5,6,1,4,10245637,4cde6f57,7350
50,0,5,0,9,3,57,TRAINING,4,14,0,1,14205637,4edc6f57,1801
50,0,5,0,9,3,58,TRAINING,7,7,0,7,14305627,4e5c6fd7,5855
50,0,5,0,9,3,59,TRAINING,0,12,1,3,14302657,4e5cdf67,2272
50,0,5,0,9,3,60,TRAINING,2,13,0,2,14203657,4edc5f67,1887
50,0,5,0,9,3,61,TRAINING,4,14,0,1,34201657,5edc4f67,2717
50,0,5,0,9,3,62,TRAINING,1,4,0,4,54201637,6edc4f57,6736
50,0,5,0,9,3,63,TRAINING,2,13,0,2,54271630,6ed74f5c,9992
50,0,5,0,9,3,64,TRAINING,5,6,1,3,74251630,7ed64f5c,6880
50,0,5,0,9,3,65,TEST,0,12,1,0,false,2920
50,0,5,0,9,3,66,TEST,2,13,0,1,false,2367
50,0,5,0,9,3,67,TEST,7,7,0,0,true,7967
50,0,5,0,9,3,68,TEST,1,4,0,1,false,2275
50,0,5,0,9,3,69,TEST,4,14,0,1,false,1611
50,0,5,0,9,3,70,TEST,6,15,1,0,false,2252
50,0,5,0,9,3,71,TEST,5,6,1,0,false,2166
50,0,5,0,9,3,72,TEST,3,5,1,0,false,3612
50,0,5,0,9,4,73,TRAINING,0,12,1,2,46012753,efc4d765,4547
50,0,5,0,9,4,74,TRAINING,1,4,0,4,46021753,efcd4765,1755
50,0,5,0,9,4,75,TRAINING,2,13,0,3,46021357,efcd4567,2696
50,0,5,0,9,4,76,TRAINING,0,12,1,7,46721350,ef7d456c,1766
50,0,5,0,9,4,77,TRAINING,3,5,1,0,36721450,5f7d4e6c,6691
50,0,5,0,9,4,78,TRAINING,7,7,0,2,34721650,5e7d4f6c,14125
50,0,5,0,9,4,79,TRAINING,5,6,1,6,31724650,547def6c,4752
50,0,5,0,9,4,80,TRAINING,4,14,0,4,61724350,f47de56c,8936
50,0,5,0,9,4,81,TRAINING,6,15,1,0,60724351,fc7de564,1609
50,0,5,0,9,4,82,TRAINING,7,7,0,1,67024351,f7cde564,2142
50,0,5,0,9,4,83,TRAINING,2,13,0,2,67204351,f7dce564,1960
50,0,5,0,9,4,84,TRAINING,7,7,0,1,67234051,f7d5ec64,4362
50,0,5,0,9,4,85,TRAINING,5,6,1,6,17234056,47d5ec6f,5518
50,0,5,0,9,4,86,TRAINING,4,14,0,5,17230456,47d5ce6f,2491
50,0,5,0,9,4,87,TRAINING,0,12,1,4,17630452,47f5ce6d,1717
50,0,5,0,9,4,88,TRAINING,1,4,0,0,17620453,47fdce65,4118
50,0,5,0,9,4,89,TEST,1,4,0,0,true,1385
50,0,5,0,9,4,90,TEST,3,5,1,1,true,3036
50,0,5,0,9,4,91,TEST,0,12,1,1,true,3505
50,0,5,0,9,4,92,TEST,4,14,0,0,true,2130
50,0,5,0,9,4,93,TEST,7,7,0,0,true,1274
50,0,5,0,9,4,94,TEST,5,6,1,1,true,1673
50,0,5,0,9,4,95,TEST,6,15,1,1,true,9316
50,0,5,0,9,4,96,TEST,2,13,0,0,true,1585
50,0,5,0,9,5,97,TRAINING,0,12,1,7,64352710,fe56d74c,6187
50,0,5,0,9,5,98,TRAINING,1,4,0,6,64752310,fe76d54c,2199
50,0,5,0,9,5,99,TRAINING,3,5,1,5,54762310,6e7fd54c,7700
50,0,5,0,9,5,100,TRAINING,2,13,0,4,54672310,6ef7d54c,2190
50,0,5,0,9,5,101,TRAINING,6,15,1,2,50672314,6cf7d54e,1994
50,0,5,0,9,5,102,TRAINING,7,7,0,1,57602314,67fcd54e,1526
50,0,5,0,9,5,103,TRAINING,4,14,0,0,47602315,e7fcd546,4384
50,0,5,0,9,5,104,TRAINING,0,12,1,3,47602135,e7fcd456,6388
50,0,5,0,9,5,105,TRAINING,7,7,0,7,45602137,e6fcd457,3865
50,0,5,0,9,5,106,TRAINING,4,14,0,6,35602147,56fcd4e7,1551
50,0,5,0,9,5,107,TRAINING,1,4,0,5,25603147,d6fc54e7,6048
50,0,5,0,9,5,108,TRAINING,3,5,1,4,25063147,d6cf54e7,3407
50,0,5,0,9,5,109,TRAINING,2,13,0,0,25043167,d6ce54f7,2382
50,0,5,0,9,5,110,TRAINING,1,4,0,1,21043567,d4ce56f7,3169
50,0,5,0,9,5,111,TRAINING,4,14,0,3,21043765,d4ce57f6,2343
50,0,5,0,9,5,112,TRAINING,0,12,1,2,51043762,64ce57fd,2248
50,0,5,0,9,5,113,TEST,7,7,0,0,true,8369
50,0,5,0,9,5,114,TEST,6,15,1,1,true,2503
50,0,5,0,9,5,115,TEST,5,6,1,1,true,3023
50,0,5,0,9,5,116,TEST,4,14,0,0,true,6057
50,0,5,0,9,5,117,TEST,0,12,1,1,true,1222
50,0,5,0,9,5,118,TEST,1,4,0,0,true,1392
50,0,5,0,9,5,119,TEST,2,13,0,0,true,4095
50,0,5,0,9,5,120,TEST,3,5,1,1,true,2177
50,0,5,0,9,INSTRUCT,postquestionnaire,10

rulestrategy:Start with some basis (eg., blue, no dots, white border) and memorize its group. Then the rule would be that it switches groups for any single different characteristic.
howtoimprove:I don't know if I didn't read the instructions properly or not, but I thought there were going to be 2 distinct groups, each with 2 common characteristics (like 4 with yellow border and dots, 4 with white border and no dots).
engagement:8
difficulty:5
physicalaids:no