53,1,4,3,6,INSTRUCT,instruct1,10597
53,1,4,3,6,INSTRUCT,instructCatExample,5527
53,1,4,3,6,INSTRUCT,instructCatColor,5182
53,1,4,3,6,INSTRUCT,instructCatStripe,4551
53,1,4,3,6,INSTRUCT,instructDemoIntro,9536
53,1,4,3,6,INSTRUCT,instructDemo,37211
53,1,4,3,6,INSTRUCT,instructTest,17119
53,1,4,3,6,INSTRUCT,instructTest2,6854
53,1,4,3,6,INSTRUCT,instructDimColor,6551
53,1,4,3,6,INSTRUCT,instructDimBorder,9638
53,1,4,3,6,INSTRUCT,instructDimDots,2335
53,1,4,3,6,INSTRUCT,instructDimStripe,1938
53,1,4,3,6,INSTRUCT,instructDimAll,6710
53,1,4,3,6,INSTRUCT,instructFinal,11814
53,1,4,3,6,1,1,TRAINING,5,5,0,7,14736205,71460235,1903
53,1,4,3,6,1,2,TRAINING,6,0,0,1,16734205,70461235,4211
53,1,4,3,6,1,3,TRAINING,1,7,0,0,16732405,70462135,3116
53,1,4,3,6,1,4,TRAINING,0,3,1,3,16702435,70432165,2612
53,1,4,3,6,1,5,TRAINING,6,0,0,1,16702345,70432615,3323
53,1,4,3,6,1,6,TRAINING,2,2,1,7,16705342,70435612,4659
53,1,4,3,6,1,7,TRAINING,3,6,0,5,56701342,50437612,2068
53,1,4,3,6,1,8,TRAINING,4,1,1,6,16705342,70435612,1700
53,1,4,3,6,1,9,TRAINING,4,1,1,6,26705341,20435617,1638
53,1,4,3,6,1,10,TRAINING,0,3,1,3,76205341,40235617,1939
53,1,4,3,6,1,11,TRAINING,1,7,0,7,72605341,42035617,1606
53,1,4,3,6,1,12,TRAINING,3,6,0,5,75602341,45032617,1724
53,1,4,3,6,1,13,TRAINING,2,2,1,2,75206341,45230617,1559
53,1,4,3,6,1,14,TRAINING,7,4,1,0,71206345,47230615,1825
53,1,4,3,6,1,15,TRAINING,5,5,0,6,71206354,47230651,1778
53,1,4,3,6,1,16,TRAINING,7,4,1,0,70216354,43270651,1970
53,1,4,3,6,1,17,TEST,6,0,0,0,true,1874
53,1,4,3,6,1,18,TEST,7,4,1,1,true,1124
53,1,4,3,6,1,19,TEST,5,5,0,0,true,1443
53,1,4,3,6,1,20,TEST,3,6,0,0,true,4553
53,1,4,3,6,1,21,TEST,1,7,0,0,true,1100
53,1,4,3,6,1,22,TEST,0,3,1,0,false,3605
53,1,4,3,6,1,23,TEST,4,1,1,1,true,643
53,1,4,3,6,1,24,TEST,2,2,1,1,true,2864
53,1,4,3,6,2,25,TRAINING,5,5,0,3,42156370,12750643,2029
53,1,4,3,6,2,26,TRAINING,4,1,1,0,42156307,12750634,1950
53,1,4,3,6,2,27,TRAINING,3,6,0,6,42156037,12750364,1590
53,1,4,3,6,2,28,TRAINING,3,6,0,6,42157036,12754360,1664
53,1,4,3,6,2,29,TRAINING,6,0,0,7,12457036,72154360,1701
53,1,4,3,6,2,30,TRAINING,2,2,1,3,15427036,75124360,1602
53,1,4,3,6,2,31,TRAINING,1,7,0,0,15427306,75124630,1834
53,1,4,3,6,2,32,TRAINING,0,3,1,7,15427360,75124603,1667
53,1,4,3,6,2,33,TRAINING,6,0,0,6,15423760,75126403,1476
53,1,4,3,6,2,34,TRAINING,0,3,1,7,15432760,75162403,2475
53,1,4,3,6,2,35,TRAINING,7,4,1,2,15732460,75462103,1869
53,1,4,3,6,2,36,TRAINING,4,1,1,5,12735460,72465103,1676
53,1,4,3,6,2,37,TRAINING,1,7,0,0,12705463,72435106,1563
53,1,4,3,6,2,38,TRAINING,7,4,1,2,12750463,72453106,1690
53,1,4,3,6,2,39,TRAINING,2,2,1,1,12756403,72450136,2290
53,1,4,3,6,2,40,TRAINING,5,5,0,4,12765403,72405136,1684
53,1,4,3,6,2,41,TEST,5,5,0,0,true,1142
53,1,4,3,6,2,42,TEST,4,1,1,0,false,1444
53,1,4,3,6,2,43,TEST,6,0,0,0,true,548
53,1,4,3,6,2,44,TEST,3,6,0,0,true,1531
53,1,4,3,6,2,45,TEST,0,3,1,1,true,602
53,1,4,3,6,2,46,TEST,7,4,1,1,true,613
53,1,4,3,6,2,47,TEST,1,7,0,0,true,850
53,1,4,3,6,2,48,TEST,2,2,1,1,true,522
53,1,4,3,6,3,49,TRAINING,3,6,0,5,46125370,10725643,2798
53,1,4,3,6,3,50,TRAINING,4,1,1,0,46152370,10752643,2225
53,1,4,3,6,3,51,TRAINING,6,0,0,1,46152307,10752634,1812
53,1,4,3,6,3,52,TRAINING,7,4,1,5,46152703,10752436,1587
53,1,4,3,6,3,53,TRAINING,4,1,1,0,46153702,10756432,1794
53,1,4,3,6,3,54,TRAINING,2,2,1,7,46351702,10657432,1849
53,1,4,3,6,3,55,TRAINING,1,7,0,4,46351072,10657342,1835
53,1,4,3,6,3,56,TRAINING,5,5,0,3,43651072,16057342,1728
53,1,4,3,6,3,57,TRAINING,1,7,0,4,47651032,14057362,1675
53,1,4,3,6,3,58,TRAINING,7,4,1,1,67451032,04157362,1666
53,1,4,3,6,3,59,TRAINING,0,3,1,5,67431052,04167352,1611
53,1,4,3,6,3,60,TRAINING,5,5,0,6,67432051,04162357,1876
53,1,4,3,6,3,61,TRAINING,2,2,1,4,67342051,04612357,2339
53,1,4,3,6,3,62,TRAINING,3,6,0,3,67432051,04162357,1686
53,1,4,3,6,3,63,TRAINING,0,3,1,0,07432651,34162057,2382
53,1,4,3,6,3,64,TRAINING,6,0,0,1,06432751,30162457,2333
53,1,4,3,6,3,65,TEST,6,0,0,0,true,1631
53,1,4,3,6,3,66,TEST,3,6,0,0,true,990
53,1,4,3,6,3,67,TEST,0,3,1,1,true,2227
53,1,4,3,6,3,68,TEST,2,2,1,1,true,1478
53,1,4,3,6,3,69,TEST,1,7,0,0,true,1184
53,1,4,3,6,3,70,TEST,5,5,0,0,true,1861
53,1,4,3,6,3,71,TEST,4,1,1,1,true,578
53,1,4,3,6,3,72,TEST,7,4,1,1,true,1238
53,1,4,3,6,4,73,TRAINING,0,3,1,2,62047351,02314657,3114
53,1,4,3,6,4,74,TRAINING,7,4,1,3,62074351,02341657,1677
53,1,4,3,6,4,75,TRAINING,5,5,0,6,61074352,07341652,1811
53,1,4,3,6,4,76,TRAINING,1,7,0,1,61072354,07342651,2939
53,1,4,3,6,4,77,TRAINING,4,1,1,4,61074352,07341652,2252
53,1,4,3,6,4,78,TRAINING,2,2,1,7,61374052,07641352,2158
53,1,4,3,6,4,79,TRAINING,6,0,0,1,16374052,70641352,1653
53,1,4,3,6,4,80,TRAINING,3,6,0,2,16374502,70641532,1734
53,1,4,3,6,4,81,TRAINING,7,4,1,0,76314502,40671532,1933
53,1,4,3,6,4,82,TRAINING,6,0,0,6,70314562,43671502,1931
53,1,4,3,6,4,83,TRAINING,4,1,1,4,73014562,46371502,1800
53,1,4,3,6,4,84,TRAINING,1,7,0,2,73104562,46731502,1584
53,1,4,3,6,4,85,TRAINING,0,3,1,5,73154062,46751302,2915
53,1,4,3,6,4,86,TRAINING,5,5,0,3,74153062,41756302,1759
53,1,4,3,6,4,87,TRAINING,2,2,1,7,71453062,47156302,1715
53,1,4,3,6,4,88,TRAINING,3,6,0,4,71453602,47156032,2130
53,1,4,3,6,4,89,TEST,5,5,0,0,true,2562
53,1,4,3,6,4,90,TEST,0,3,1,1,true,669
53,1,4,3,6,4,91,TEST,3,6,0,0,true,1179
53,1,4,3,6,4,92,TEST,2,2,1,1,true,661
53,1,4,3,6,4,93,TEST,6,0,0,0,true,709
53,1,4,3,6,4,94,TEST,4,1,1,1,true,518
53,1,4,3,6,4,95,TEST,1,7,0,0,true,801
53,1,4,3,6,4,96,TEST,7,4,1,1,true,673
53,1,4,3,6,INSTRUCT,postquestionnaire,2

rulestrategy:My original theory (after uncovering 5 of them or so) was that the blank boxes and boxes with all the attributes were A's. However, through trial and error I realized I was incorrect, and that I simply had to change my theory so that yellow outlined plain boxes were b's and yellow boxes with a line through were a's. This simple trial and error method helped me determine it. I didn't use any supplement such as pencil, paper or note taking.
howtoimprove:No, I liked it. Good job.
engagement:8
difficulty:3
physicalaids:no