54,1,5,23,2,INSTRUCT,instruct1,22215
54,1,5,23,2,INSTRUCT,instructCatExample,26190
54,1,5,23,2,INSTRUCT,instructCatColor,5758
54,1,5,23,2,INSTRUCT,instructCatStripe,10278
54,1,5,23,2,INSTRUCT,instructDemoIntro,20295
54,1,5,23,2,INSTRUCT,instructDemo,116117
54,1,5,23,2,INSTRUCT,instructTest,21902
54,1,5,23,2,INSTRUCT,instructTest2,35823
54,1,5,23,2,INSTRUCT,instructDimColor,16286
54,1,5,23,2,INSTRUCT,instructDimBorder,7367
54,1,5,23,2,INSTRUCT,instructDimDots,4455
54,1,5,23,2,INSTRUCT,instructDimStripe,3679
54,1,5,23,2,INSTRUCT,instructDimAll,9183
54,1,5,23,2,INSTRUCT,instructFinal,18910
54,1,5,23,2,1,1,TRAINING,1,3,0,5,46302157,64120375,13040
54,1,5,23,2,1,2,TRAINING,4,6,0,0,46302175,64120357,4577
54,1,5,23,2,1,3,TRAINING,2,0,0,4,46702135,64520317,1682
54,1,5,23,2,1,4,TRAINING,6,4,1,3,40762135,62540317,2044
54,1,5,23,2,1,5,TRAINING,2,0,0,4,40562137,62740315,6108
54,1,5,23,2,1,6,TRAINING,0,2,1,1,40162537,62340715,1850
54,1,5,23,2,1,7,TRAINING,0,2,1,1,40152637,62370415,3315
54,1,5,23,2,1,8,TRAINING,3,1,1,6,40152736,62370514,1834
54,1,5,23,2,1,9,TRAINING,7,5,0,5,40512736,62730514,3426
54,1,5,23,2,1,10,TRAINING,6,4,1,7,50412736,72630514,2963
54,1,5,23,2,1,11,TRAINING,7,5,0,5,50432716,72610534,6362
54,1,5,23,2,1,12,TRAINING,1,3,0,6,30452716,12670534,2412
54,1,5,23,2,1,13,TRAINING,5,7,1,3,32450716,10672534,3339
54,1,5,23,2,1,14,TRAINING,5,7,1,3,42350716,60172534,2826
54,1,5,23,2,1,15,TRAINING,3,1,1,2,42350176,60172354,4707
54,1,5,23,2,1,16,TRAINING,4,6,0,0,41350276,63172054,1596
54,1,5,23,2,1,17,TEST,7,5,0,1,false,2043
54,1,5,23,2,1,18,TEST,0,2,1,0,false,4130
54,1,5,23,2,1,19,TEST,3,1,1,0,false,1145
54,1,5,23,2,1,20,TEST,1,3,0,1,false,3674
54,1,5,23,2,1,21,TEST,6,4,1,1,true,1924
54,1,5,23,2,1,22,TEST,5,7,1,1,true,1748
54,1,5,23,2,1,23,TEST,4,6,0,1,false,1563
54,1,5,23,2,1,24,TEST,2,0,0,0,true,1380
54,1,5,23,2,2,25,TRAINING,2,0,0,5,56340271,74162053,2490
54,1,5,23,2,2,26,TRAINING,4,6,0,3,06345271,24167053,10826
54,1,5,23,2,2,27,TRAINING,0,2,1,0,03645271,21467053,2131
54,1,5,23,2,2,28,TRAINING,0,2,1,0,03145276,21367054,6267
54,1,5,23,2,2,29,TRAINING,4,6,0,3,06145273,24367051,2681
54,1,5,23,2,2,30,TRAINING,3,1,1,7,01645273,23467051,3866
54,1,5,23,2,2,31,TRAINING,5,7,1,4,01645723,23467501,5803
54,1,5,23,2,2,32,TRAINING,7,5,0,5,10645723,32467501,2306
54,1,5,23,2,2,33,TRAINING,7,5,0,5,10625743,32407561,4163
54,1,5,23,2,2,34,TRAINING,5,7,1,4,12605743,30427561,2538
54,1,5,23,2,2,35,TRAINING,6,4,1,7,12305746,30127564,4251
54,1,5,23,2,2,36,TRAINING,2,0,0,1,12345706,30167524,3132
54,1,5,23,2,2,37,TRAINING,6,4,1,7,12345076,30167254,3443
54,1,5,23,2,2,38,TRAINING,3,1,1,3,12435076,30617254,2196
54,1,5,23,2,2,39,TRAINING,1,3,0,4,52431076,70613254,3044
54,1,5,23,2,2,40,TRAINING,1,3,0,4,52031476,70213654,1948
54,1,5,23,2,2,41,TEST,6,4,1,1,true,2041
54,1,5,23,2,2,42,TEST,2,0,0,0,true,3538
54,1,5,23,2,2,43,TEST,4,6,0,1,false,3898
54,1,5,23,2,2,44,TEST,1,3,0,0,true,2242
54,1,5,23,2,2,45,TEST,0,2,1,0,false,7602
54,1,5,23,2,2,46,TEST,3,1,1,1,true,1122
54,1,5,23,2,2,47,TEST,5,7,1,1,true,4394
54,1,5,23,2,2,48,TEST,7,5,0,0,true,786
54,1,5,23,2,3,49,TRAINING,7,5,0,6,05612374,27430156,5138
54,1,5,23,2,3,50,TRAINING,0,2,1,0,05613274,27431056,13067
54,1,5,23,2,3,51,TRAINING,6,4,1,2,05643271,27461053,3658
54,1,5,23,2,3,52,TRAINING,7,5,0,6,02643571,20461753,5154
54,1,5,23,2,3,53,TRAINING,6,4,1,2,52643071,70461253,3515
54,1,5,23,2,3,54,TRAINING,2,0,0,7,51643072,73461250,5403
54,1,5,23,2,3,55,TRAINING,3,1,1,4,57643012,75461230,2467
54,1,5,23,2,3,56,TRAINING,1,3,0,0,17643052,35461270,6810
54,1,5,23,2,3,57,TRAINING,1,3,0,0,15643072,37461250,4036
54,1,5,23,2,3,58,TRAINING,4,6,0,3,15043672,37261450,4243
54,1,5,23,2,3,59,TRAINING,4,6,0,3,13045672,31267450,3939
54,1,5,23,2,3,60,TRAINING,0,2,1,2,13045762,31267540,2723
54,1,5,23,2,3,61,TRAINING,5,7,1,4,12045763,30267541,3179
54,1,5,23,2,3,62,TRAINING,2,0,0,1,12075463,30257641,5172
54,1,5,23,2,3,63,TRAINING,5,7,1,4,12705463,30527641,3161
54,1,5,23,2,3,64,TRAINING,3,1,1,2,12305467,30127645,2226
54,1,5,23,2,3,65,TEST,5,7,1,1,true,2282
54,1,5,23,2,3,66,TEST,7,5,0,0,true,2283
54,1,5,23,2,3,67,TEST,4,6,0,0,true,3434
54,1,5,23,2,3,68,TEST,1,3,0,0,true,1923
54,1,5,23,2,3,69,TEST,6,4,1,0,false,2603
54,1,5,23,2,3,70,TEST,0,2,1,1,true,8356
54,1,5,23,2,3,71,TEST,2,0,0,0,true,12227
54,1,5,23,2,3,72,TEST,3,1,1,1,true,573
54,1,5,23,2,4,73,TRAINING,7,5,0,6,05136472,27314650,9009
54,1,5,23,2,4,74,TRAINING,2,0,0,7,05134672,27316450,8370
54,1,5,23,2,4,75,TRAINING,5,7,1,2,01534672,23716450,3994
54,1,5,23,2,4,76,TRAINING,3,1,1,3,01537642,23715460,3378
54,1,5,23,2,4,77,TRAINING,1,3,0,0,10537642,32715460,3498
54,1,5,23,2,4,78,TRAINING,0,2,1,5,16537042,34715260,4651
54,1,5,23,2,4,79,TRAINING,4,6,0,4,16534072,34716250,2602
54,1,5,23,2,4,80,TRAINING,2,0,0,3,16524073,34706251,4115
54,1,5,23,2,4,81,TRAINING,1,3,0,6,76524013,54706231,3676
54,1,5,23,2,4,82,TRAINING,7,5,0,0,70524613,52706431,2875
54,1,5,23,2,4,83,TRAINING,5,7,1,2,76524013,54706231,3275
54,1,5,23,2,4,84,TRAINING,6,4,1,1,76521043,54703261,3121
54,1,5,23,2,4,85,TRAINING,3,1,1,7,76520143,54702361,4187
54,1,5,23,2,4,86,TRAINING,4,6,0,6,06527143,24705361,6899
54,1,5,23,2,4,87,TRAINING,0,2,1,0,06127543,24305761,6099
54,1,5,23,2,4,88,TRAINING,6,4,1,1,06137542,24315760,2282
54,1,5,23,2,4,89,TEST,4,6,0,1,false,2298
54,1,5,23,2,4,90,TEST,2,0,0,0,true,6066
54,1,5,23,2,4,91,TEST,5,7,1,1,true,6281
54,1,5,23,2,4,92,TEST,1,3,0,1,false,3469
54,1,5,23,2,4,93,TEST,3,1,1,1,true,3907
54,1,5,23,2,4,94,TEST,0,2,1,1,true,3675
54,1,5,23,2,4,95,TEST,7,5,0,0,true,3595
54,1,5,23,2,4,96,TEST,6,4,1,1,true,1107
54,1,5,23,2,5,97,TRAINING,2,0,0,7,43150672,61372450,2033
54,1,5,23,2,5,98,TRAINING,1,3,0,2,53140672,71362450,4586
54,1,5,23,2,5,99,TRAINING,6,4,1,5,35140672,17362450,7755
54,1,5,23,2,5,100,TRAINING,7,5,0,6,25140673,07362451,3706
54,1,5,23,2,5,101,TRAINING,0,2,1,2,25041673,07263451,8250
54,1,5,23,2,5,102,TRAINING,2,0,0,0,25046173,07264351,2819
54,1,5,23,2,5,103,TRAINING,4,6,0,3,25046713,07264531,7099
54,1,5,23,2,5,104,TRAINING,5,7,1,6,21046753,03264571,4859
54,1,5,23,2,5,105,TRAINING,3,1,1,7,20146753,02364571,5634
54,1,5,23,2,5,106,TRAINING,1,3,0,2,27146053,05364271,4346
54,1,5,23,2,5,107,TRAINING,7,5,0,1,27140653,05362471,2402
54,1,5,23,2,5,108,TRAINING,3,1,1,3,27130654,05312476,23762
54,1,5,23,2,5,109,TRAINING,5,7,1,6,17230654,35012476,1884
54,1,5,23,2,5,110,TRAINING,4,6,0,7,12730654,30512476,13426
54,1,5,23,2,5,111,TRAINING,0,2,1,1,10732654,32510476,2187
54,1,5,23,2,5,112,TRAINING,6,4,1,3,10762354,32540176,17723
54,1,5,23,2,5,113,TEST,5,7,1,0,false,5010
54,1,5,23,2,5,114,TEST,7,5,0,0,true,1556
54,1,5,23,2,5,115,TEST,6,4,1,1,true,2763
54,1,5,23,2,5,116,TEST,1,3,0,0,true,1146
54,1,5,23,2,5,117,TEST,4,6,0,1,false,3124
54,1,5,23,2,5,118,TEST,2,0,0,0,true,1883
54,1,5,23,2,5,119,TEST,3,1,1,1,true,1795
54,1,5,23,2,5,120,TEST,0,2,1,1,true,900
54,1,5,23,2,6,121,TRAINING,4,6,0,4,73204165,51026347,3437
54,1,5,23,2,6,122,TRAINING,0,2,1,3,73604125,51426307,4698
54,1,5,23,2,6,123,TRAINING,6,4,1,2,53604127,71426305,3692
54,1,5,23,2,6,124,TRAINING,7,5,0,7,53602147,71420365,5568
54,1,5,23,2,6,125,TRAINING,6,4,1,2,50632147,72410365,2642
54,1,5,23,2,6,126,TRAINING,7,5,0,7,30652147,12470365,1923
54,1,5,23,2,6,127,TRAINING,2,0,0,4,35602147,17420365,2899
54,1,5,23,2,6,128,TRAINING,5,7,1,0,53602147,71420365,2467
54,1,5,23,2,6,129,TRAINING,5,7,1,0,51602347,73420165,2012
54,1,5,23,2,6,130,TRAINING,3,1,1,5,54602317,76420135,2466
54,1,5,23,2,6,131,TRAINING,0,2,1,3,54702316,76520134,14923
54,1,5,23,2,6,132,TRAINING,2,0,0,4,14702356,36520174,2473
54,1,5,23,2,6,133,TRAINING,4,6,0,1,54702316,76520134,2435
54,1,5,23,2,6,134,TRAINING,1,3,0,6,54302716,76120534,3892
54,1,5,23,2,6,135,TRAINING,1,3,0,6,04352716,26170534,1706
54,1,5,23,2,6,136,TRAINING,3,1,1,2,64352710,46170532,1923
54,1,5,23,2,6,137,TEST,1,3,0,0,true,4457
54,1,5,23,2,6,138,TEST,2,0,0,0,true,6515
54,1,5,23,2,6,139,TEST,7,5,0,1,false,2427
54,1,5,23,2,6,140,TEST,6,4,1,0,false,676
54,1,5,23,2,6,141,TEST,0,2,1,1,true,2093
54,1,5,23,2,6,142,TEST,3,1,1,1,true,1035
54,1,5,23,2,6,143,TEST,4,6,0,0,true,4050
54,1,5,23,2,6,144,TEST,5,7,1,1,true,1763
54,1,5,23,2,7,145,TRAINING,0,2,1,7,75462130,57640312,4155
54,1,5,23,2,7,146,TRAINING,5,7,1,1,15462730,37640512,1882
54,1,5,23,2,7,147,TRAINING,5,7,1,1,75462130,57640312,2026
54,1,5,23,2,7,148,TRAINING,2,0,0,4,75462031,57640213,1811
54,1,5,23,2,7,149,TRAINING,1,3,0,7,35462071,17640253,1810
54,1,5,23,2,7,150,TRAINING,0,2,1,5,45362071,67140253,1530
54,1,5,23,2,7,151,TRAINING,1,3,0,7,42365071,60147253,12354
54,1,5,23,2,7,152,TRAINING,6,4,1,3,42563071,60741253,5248
54,1,5,23,2,7,153,TRAINING,7,5,0,4,42567031,60745213,2115
54,1,5,23,2,7,154,TRAINING,3,1,1,0,32567041,10745263,1755
54,1,5,23,2,7,155,TRAINING,3,1,1,0,32567401,10745623,26946
54,1,5,23,2,7,156,TRAINING,2,0,0,1,32067451,10245673,4650
54,1,5,23,2,7,157,TRAINING,4,6,0,7,32067154,10245376,3444
54,1,5,23,2,7,158,TRAINING,7,5,0,2,32760154,10542376,1835
54,1,5,23,2,7,159,TRAINING,4,6,0,7,35760124,17542306,2251
54,1,5,23,2,7,160,TRAINING,6,4,1,3,25760134,07542316,31795
54,1,5,23,2,7,161,TEST,6,4,1,1,true,1650
54,1,5,23,2,7,162,TEST,7,5,0,0,true,1321
54,1,5,23,2,7,163,TEST,2,0,0,0,true,666
54,1,5,23,2,7,164,TEST,5,7,1,1,true,546
54,1,5,23,2,7,165,TEST,3,1,1,1,true,474
54,1,5,23,2,7,166,TEST,4,6,0,0,true,642
54,1,5,23,2,7,167,TEST,0,2,1,0,false,682
54,1,5,23,2,7,168,TEST,1,3,0,1,false,627
54,1,5,23,2,8,169,TRAINING,4,6,0,6,12370546,30152764,2235
54,1,5,23,2,8,170,TRAINING,1,3,0,4,02371546,20153764,2418
54,1,5,23,2,8,171,TRAINING,7,5,0,7,02361547,20143765,7067
54,1,5,23,2,8,172,TRAINING,2,0,0,1,52361047,70143265,12771
54,1,5,23,2,8,173,TRAINING,4,6,0,6,52631047,70413265,15660
54,1,5,23,2,8,174,TRAINING,1,3,0,4,52631740,70413562,2043
54,1,5,23,2,8,175,TRAINING,6,4,1,2,57631240,75413062,5115
54,1,5,23,2,8,176,TRAINING,2,0,0,5,47631250,65413072,2106
54,1,5,23,2,8,177,TRAINING,5,7,1,0,57631240,75413062,3466
54,1,5,23,2,8,178,TRAINING,7,5,0,1,57630241,75412063,6130
54,1,5,23,2,8,179,TRAINING,3,1,1,7,57610243,75432061,3011
54,1,5,23,2,8,180,TRAINING,0,2,1,5,57612043,75430261,8716
54,1,5,23,2,8,181,TRAINING,5,7,1,0,51672043,73450261,1848
54,1,5,23,2,8,182,TRAINING,3,1,1,7,51627043,73405261,1562
54,1,5,23,2,8,183,TRAINING,6,4,1,2,51647023,73465201,2195
54,1,5,23,2,8,184,TRAINING,0,2,1,4,51640723,73462501,1412
54,1,5,23,2,8,185,TEST,7,5,0,0,true,6778
54,1,5,23,2,8,186,TEST,1,3,0,0,true,1548
54,1,5,23,2,8,187,TEST,6,4,1,1,true,7155
54,1,5,23,2,8,188,TEST,4,6,0,0,true,7467
54,1,5,23,2,8,189,TEST,3,1,1,1,true,1394
54,1,5,23,2,8,190,TEST,5,7,1,1,true,1330
54,1,5,23,2,8,191,TEST,0,2,1,0,false,1506
54,1,5,23,2,8,192,TEST,2,0,0,0,true,882
54,1,5,23,2,9,193,TRAINING,4,6,0,0,47561023,65743201,3785
54,1,5,23,2,9,194,TRAINING,0,2,1,6,47561203,65743021,8002
54,1,5,23,2,9,195,TRAINING,6,4,1,7,47531206,65713024,1466
54,1,5,23,2,9,196,TRAINING,5,7,1,5,47231506,65013724,1586
54,1,5,23,2,9,197,TRAINING,4,6,0,0,47031526,65213704,1634
54,1,5,23,2,9,198,TRAINING,2,0,0,6,41037526,63215704,1812
54,1,5,23,2,9,199,TRAINING,1,3,0,4,47031526,65213704,3410
54,1,5,23,2,9,200,TRAINING,0,2,1,5,47531026,65713204,4180
54,1,5,23,2,9,201,TRAINING,5,7,1,2,67531024,45713206,2722
54,1,5,23,2,9,202,TRAINING,1,3,0,4,62531074,40713256,3227
54,1,5,23,2,9,203,TRAINING,3,1,1,3,62531047,40713265,1898
54,1,5,23,2,9,204,TRAINING,7,5,0,7,62531407,40713625,3234
54,1,5,23,2,9,205,TRAINING,6,4,1,0,62135407,40317625,9338
54,1,5,23,2,9,206,TRAINING,3,1,1,3,62035417,40217635,4348
54,1,5,23,2,9,207,TRAINING,7,5,0,7,61035427,43217605,7298
54,1,5,23,2,9,208,TRAINING,2,0,0,6,41035627,63217405,2804
54,1,5,23,2,9,209,TEST,5,7,1,1,true,6508
54,1,5,23,2,9,210,TEST,3,1,1,1,true,3026
54,1,5,23,2,9,211,TEST,7,5,0,0,true,4499
54,1,5,23,2,9,212,TEST,6,4,1,1,true,7242
54,1,5,23,2,9,213,TEST,4,6,0,0,true,1875
54,1,5,23,2,9,214,TEST,1,3,0,0,true,2219
54,1,5,23,2,9,215,TEST,2,0,0,0,true,1947
54,1,5,23,2,9,216,TEST,0,2,1,1,true,1035
54,1,5,23,2,10,217,TRAINING,6,4,1,2,15624730,37406512,2245
54,1,5,23,2,10,218,TRAINING,2,0,0,5,15674230,37456012,1875
54,1,5,23,2,10,219,TRAINING,3,1,1,3,15634270,37416052,2483
54,1,5,23,2,10,220,TRAINING,7,5,0,2,15734260,37516042,5124
54,1,5,23,2,10,221,TRAINING,2,0,0,5,45731260,67513042,6628
54,1,5,23,2,10,222,TRAINING,5,7,1,3,43751260,61573042,6970
54,1,5,23,2,10,223,TRAINING,7,5,0,2,34751260,16573042,4402
54,1,5,23,2,10,224,TRAINING,5,7,1,3,34752160,16570342,6403
54,1,5,23,2,10,225,TRAINING,0,2,1,0,04752163,26570341,3930
54,1,5,23,2,10,226,TRAINING,3,1,1,5,04752361,26570143,2747
54,1,5,23,2,10,227,TRAINING,0,2,1,0,04712365,26530147,4539
54,1,5,23,2,10,228,TRAINING,6,4,1,6,04512367,26730145,3923
54,1,5,23,2,10,229,TRAINING,1,3,0,7,04572361,26750143,3259
54,1,5,23,2,10,230,TRAINING,1,3,0,7,04752361,26570143,1915
54,1,5,23,2,10,231,TRAINING,4,6,0,0,40752361,62570143,4036
54,1,5,23,2,10,232,TRAINING,4,6,0,0,40732561,62510743,1507
54,1,5,23,2,10,233,TEST,7,5,0,0,true,5297
54,1,5,23,2,10,234,TEST,4,6,0,0,true,3331
54,1,5,23,2,10,235,TEST,1,3,0,0,true,2796
54,1,5,23,2,10,236,TEST,0,2,1,1,true,818
54,1,5,23,2,10,237,TEST,3,1,1,1,true,1659
54,1,5,23,2,10,238,TEST,2,0,0,0,true,683
54,1,5,23,2,10,239,TEST,6,4,1,1,true,1556
54,1,5,23,2,10,240,TEST,5,7,1,1,true,3171
54,1,5,23,2,INSTRUCT,postquestionnaire,1

rulestrategy:I tried to categorize the items by border color, dots, slash. Once in one category, I tried to associate them in a second category to find a common link.
howtoimprove:
engagement:10
difficulty:8
physicalaids:yes