55,1,0,14,4,INSTRUCT,instruct1,15921
55,1,0,14,4,INSTRUCT,instructCatExample,24072
55,1,0,14,4,INSTRUCT,instructCatColor,34406
55,1,0,14,4,INSTRUCT,instructCatStripe,8151
55,1,0,14,4,INSTRUCT,instructDemoIntro,8380
55,1,0,14,4,INSTRUCT,instructDemo,89649
55,1,0,14,4,INSTRUCT,instructTest,17193
55,1,0,14,4,INSTRUCT,instructTest2,18880
55,1,0,14,4,INSTRUCT,instructDimColor,9555
55,1,0,14,4,INSTRUCT,instructDimBorder,3988
55,1,0,14,4,INSTRUCT,instructDimDots,10420
55,1,0,14,4,INSTRUCT,instructDimStripe,1914
55,1,0,14,4,INSTRUCT,instructDimAll,5775
55,1,0,14,4,INSTRUCT,instructFinal,6031
55,1,0,14,4,1,1,TRAINING,6,2,0,4,20346571,a8e0246c,1855
55,1,0,14,4,1,2,TRAINING,3,14,1,2,02346571,8ae0246c,2519
55,1,0,14,4,1,3,TRAINING,6,2,0,4,20346571,a8e0246c,1968
55,1,0,14,4,1,4,TRAINING,2,10,0,0,20346517,a8e024c6,1562
55,1,0,14,4,1,5,TRAINING,0,8,0,1,20376514,a8e624c0,1971
55,1,0,14,4,1,6,TRAINING,5,4,1,4,20375614,a8e642c0,1786
55,1,0,14,4,1,7,TRAINING,0,8,0,1,70325614,68ea42c0,1492
55,1,0,14,4,1,8,TRAINING,7,6,1,0,70315624,68ec42a0,1595
55,1,0,14,4,1,9,TRAINING,1,12,1,3,70215634,68ac42e0,1587
55,1,0,14,4,1,10,TRAINING,7,6,1,0,76215034,62ac48e0,5148
55,1,0,14,4,1,11,TRAINING,2,10,0,1,72615034,6a2c48e0,1297
55,1,0,14,4,1,12,TRAINING,4,0,0,7,72165034,6ac248e0,2648
55,1,0,14,4,1,13,TRAINING,1,12,1,2,52167034,4ac268e0,1673
55,1,0,14,4,1,14,TRAINING,5,4,1,0,52137064,4ace6820,1835
55,1,0,14,4,1,15,TRAINING,4,0,0,1,54137062,40ce682a,1483
55,1,0,14,4,1,16,TRAINING,3,14,1,3,54137602,40ce628a,1808
55,1,0,14,4,1,17,TEST,0,8,0,0,true,1734
55,1,0,14,4,1,18,TEST,2,10,0,0,true,620
55,1,0,14,4,1,19,TEST,5,4,1,1,true,561
55,1,0,14,4,1,20,TEST,1,12,1,1,true,323
55,1,0,14,4,1,21,TEST,6,2,0,0,true,388
55,1,0,14,4,1,22,TEST,4,0,0,0,true,561
55,1,0,14,4,1,23,TEST,3,14,1,1,true,1126
55,1,0,14,4,1,24,TEST,7,6,1,1,true,403
55,1,0,14,4,2,25,TRAINING,4,0,0,0,43052671,0e84a26c,2975
55,1,0,14,4,2,26,TRAINING,5,4,1,3,42053671,0a84e26c,1665
55,1,0,14,4,2,27,TRAINING,2,10,0,6,47053621,0684e2ac,1513
55,1,0,14,4,2,28,TRAINING,0,8,0,2,41053627,0c84e2a6,1522
55,1,0,14,4,2,29,TRAINING,1,12,1,1,41063527,0c82e4a6,1502
55,1,0,14,4,2,30,TRAINING,6,2,0,3,41063572,0c82e46a,1608
55,1,0,14,4,2,31,TRAINING,0,8,0,2,21063574,ac82e460,1479
55,1,0,14,4,2,32,TRAINING,7,6,1,6,24063571,a082e46c,1462
55,1,0,14,4,2,33,TRAINING,1,12,1,7,26043571,a280e46c,1508
55,1,0,14,4,2,34,TRAINING,5,4,1,4,26045371,a2804e6c,1618
55,1,0,14,4,2,35,TRAINING,7,6,1,3,26075341,a2864e0c,1820
55,1,0,14,4,2,36,TRAINING,3,14,1,5,62075341,2a864e0c,1390
55,1,0,14,4,2,37,TRAINING,3,14,1,5,62475301,2a064e8c,1343
55,1,0,14,4,2,38,TRAINING,2,10,0,1,02475361,8a064e2c,1738
55,1,0,14,4,2,39,TRAINING,6,2,0,6,02457361,8a046e2c,2327
55,1,0,14,4,2,40,TRAINING,4,0,0,2,02475361,8a064e2c,1951
55,1,0,14,4,2,41,TEST,1,12,1,1,true,1323
55,1,0,14,4,2,42,TEST,6,2,0,0,true,893
55,1,0,14,4,2,43,TEST,4,0,0,0,true,333
55,1,0,14,4,2,44,TEST,3,14,1,1,true,416
55,1,0,14,4,2,45,TEST,5,4,1,1,true,343
55,1,0,14,4,2,46,TEST,0,8,0,0,true,601
55,1,0,14,4,2,47,TEST,7,6,1,1,true,417
55,1,0,14,4,2,48,TEST,2,10,0,0,true,426
55,1,0,14,4,INSTRUCT,postquestionnaire,1

rulestrategy:Anything striped was B, while anything without a stripe was A.
howtoimprove:No, everything is good.
engagement:10
difficulty:2
physicalaids:no