57,0,2,20,4,INSTRUCT,instruct1,12335
57,0,2,20,4,INSTRUCT,instructCatExample,14679
57,0,2,20,4,INSTRUCT,instructCatColor,10256
57,0,2,20,4,INSTRUCT,instructCatStripe,8108
57,0,2,20,4,INSTRUCT,instructDemoIntro,26568
57,0,2,20,4,INSTRUCT,instructDemo,48507
57,0,2,20,4,INSTRUCT,instructTest,10557
57,0,2,20,4,INSTRUCT,instructTest2,18402
57,0,2,20,4,INSTRUCT,instructDimColor,11054
57,0,2,20,4,INSTRUCT,instructDimBorder,4028
57,0,2,20,4,INSTRUCT,instructDimDots,5805
57,0,2,20,4,INSTRUCT,instructDimStripe,4206
57,0,2,20,4,INSTRUCT,instructDimAll,8512
57,0,2,20,4,INSTRUCT,instructFinal,17829
57,0,2,20,4,1,1,TRAINING,0,4,1,0,05671324,482ace60,4685
57,0,2,20,4,1,2,TRAINING,5,8,1,1,05673124,482aec60,3706
57,0,2,20,4,1,3,TRAINING,6,2,0,5,05173624,48cae260,4057
57,0,2,20,4,1,4,TRAINING,0,4,1,0,05174623,48ca026e,5607
57,0,2,20,4,1,5,TRAINING,6,2,0,5,03174625,4eca0268,3395
57,0,2,20,4,1,6,TRAINING,7,10,0,3,03172645,4eca6208,4560
57,0,2,20,4,1,7,TRAINING,4,0,1,6,53172640,8eca6204,12631
57,0,2,20,4,1,8,TRAINING,5,8,1,0,52173640,86cae204,2227
57,0,2,20,4,1,9,TRAINING,5,8,1,0,52137640,86cea204,6145
57,0,2,20,4,1,10,TRAINING,4,0,1,6,57132640,8ace6204,83363
57,0,2,20,4,1,11,TRAINING,5,8,1,0,57312640,8aec6204,6637
57,0,2,20,4,1,12,TRAINING,7,10,0,5,56312740,82ec6a04,2146
57,0,2,20,4,1,13,TRAINING,6,2,0,1,56312704,82ec6a40,1213
57,0,2,20,4,1,14,TRAINING,7,10,0,5,56012734,824c6ae0,2140
57,0,2,20,4,1,15,TRAINING,4,0,1,4,56014732,824c0ae6,5949
57,0,2,20,4,1,16,TRAINING,7,10,0,5,56104732,82c40ae6,9877
57,0,2,20,4,1,17,TEST,5,8,1,0,false,4584
57,0,2,20,4,1,18,TEST,2,6,1,1,true,2239
57,0,2,20,4,1,19,TEST,4,0,1,1,true,933
57,0,2,20,4,1,20,TEST,3,14,0,0,true,1502
57,0,2,20,4,1,21,TEST,7,10,0,0,true,483
57,0,2,20,4,1,22,TEST,0,4,1,1,true,1164
57,0,2,20,4,1,23,TEST,1,12,0,0,true,928
57,0,2,20,4,1,24,TEST,6,2,0,1,false,1073
57,0,2,20,4,2,25,TRAINING,5,8,1,5,46270513,026a48ce,10397
57,0,2,20,4,2,26,TRAINING,1,12,0,6,46230517,026e48ca,2441
57,0,2,20,4,2,27,TRAINING,7,10,0,7,36240517,e26048ca,2211
57,0,2,20,4,2,28,TRAINING,5,8,1,5,32640517,e62048ca,1817
57,0,2,20,4,2,29,TRAINING,2,6,1,3,34620517,e02648ca,5738
57,0,2,20,4,2,30,TRAINING,5,8,1,5,34026517,e04628ca,3111
57,0,2,20,4,2,31,TRAINING,1,12,0,6,34726510,e0a628c4,1575
57,0,2,20,4,2,32,TRAINING,1,12,0,6,34026517,e04628ca,2213
57,0,2,20,4,2,33,TRAINING,6,2,0,4,74026513,a04628ce,3535
57,0,2,20,4,2,34,TRAINING,3,14,0,7,70426513,a40628ce,3983
57,0,2,20,4,2,35,TRAINING,5,8,1,5,07426513,4a0628ce,2715
57,0,2,20,4,2,36,TRAINING,5,8,1,5,47026513,0a4628ce,9426
57,0,2,20,4,2,37,TRAINING,2,6,1,7,47036512,0a4e28c6,2339
57,0,2,20,4,2,38,TRAINING,5,8,1,5,47306512,0ae428c6,3162
57,0,2,20,4,2,39,TRAINING,7,10,0,4,46307512,02e4a8c6,2471
57,0,2,20,4,2,40,TRAINING,6,2,0,1,46307521,02e4a86c,6545
57,0,2,20,4,2,41,TEST,2,6,1,1,true,3009
57,0,2,20,4,2,42,TEST,0,4,1,1,true,484
57,0,2,20,4,2,43,TEST,6,2,0,1,false,487
57,0,2,20,4,2,44,TEST,1,12,0,0,true,920
57,0,2,20,4,2,45,TEST,3,14,0,0,true,451
57,0,2,20,4,2,46,TEST,7,10,0,0,true,461
57,0,2,20,4,2,47,TEST,5,8,1,0,false,471
57,0,2,20,4,2,48,TEST,4,0,1,1,true,1296
57,0,2,20,4,3,49,TRAINING,4,0,1,6,65327140,28e6ac04,5827
57,0,2,20,4,3,50,TRAINING,0,4,1,7,67325140,2ae68c04,2232
57,0,2,20,4,3,51,TRAINING,5,8,1,4,63725140,2ea68c04,1077
57,0,2,20,4,3,52,TRAINING,5,8,1,4,43725160,0ea68c24,2701
57,0,2,20,4,3,53,TRAINING,7,10,0,2,40725163,04a68c2e,2268
57,0,2,20,4,3,54,TRAINING,2,6,1,3,30725164,e4a68c20,3139
57,0,2,20,4,3,55,TRAINING,3,14,0,0,34725160,e0a68c24,4196
57,0,2,20,4,3,56,TRAINING,6,2,0,6,34527160,e086ac24,4919
57,0,2,20,4,3,57,TRAINING,3,14,0,0,34257160,e068ac24,3477
57,0,2,20,4,3,58,TRAINING,5,8,1,3,30257164,e468ac20,2905
57,0,2,20,4,3,59,TRAINING,2,6,1,6,30657124,e428ac60,2143
57,0,2,20,4,3,60,TRAINING,1,12,0,5,36057124,e248ac60,2066
57,0,2,20,4,3,61,TRAINING,5,8,1,3,37056124,ea482c60,1605
57,0,2,20,4,3,62,TRAINING,6,2,0,1,36057124,e248ac60,1979
57,0,2,20,4,3,63,TRAINING,4,0,1,7,36057214,e248a6c0,3706
57,0,2,20,4,3,64,TRAINING,7,10,0,4,56037214,824ea6c0,5352
57,0,2,20,4,3,65,TEST,4,0,1,1,true,1625
57,0,2,20,4,3,66,TEST,1,12,0,0,true,835
57,0,2,20,4,3,67,TEST,2,6,1,1,true,1157
57,0,2,20,4,3,68,TEST,7,10,0,0,true,698
57,0,2,20,4,3,69,TEST,6,2,0,1,false,746
57,0,2,20,4,3,70,TEST,3,14,0,0,true,737
57,0,2,20,4,3,71,TEST,0,4,1,1,true,796
57,0,2,20,4,3,72,TEST,5,8,1,0,false,1711
57,0,2,20,4,4,73,TRAINING,7,10,0,4,06357214,42e8a6c0,6696
57,0,2,20,4,4,74,TRAINING,4,0,1,7,06317254,42eca680,1578
57,0,2,20,4,4,75,TRAINING,5,8,1,6,60317254,24eca680,1196
57,0,2,20,4,4,76,TRAINING,5,8,1,6,60371254,24eac680,2011
57,0,2,20,4,4,77,TRAINING,4,0,1,7,60271354,246ace80,1457
57,0,2,20,4,4,78,TRAINING,6,2,0,0,63271054,2e6ac480,1922
57,0,2,20,4,4,79,TRAINING,6,2,0,0,63270154,2e6a4c80,1996
57,0,2,20,4,4,80,TRAINING,0,4,1,4,63470152,2e0a4c86,2103
57,0,2,20,4,4,81,TRAINING,5,8,1,6,63740152,2ea04c86,1877
57,0,2,20,4,4,82,TRAINING,6,2,0,5,13740652,cea04286,2460
57,0,2,20,4,4,83,TRAINING,0,4,1,4,13470652,ce0a4286,1811
57,0,2,20,4,4,84,TRAINING,4,0,1,2,53470612,8e0a42c6,1398
57,0,2,20,4,4,85,TRAINING,0,4,1,4,52470613,860a42ce,2134
57,0,2,20,4,4,86,TRAINING,7,10,0,3,53470612,8e0a42c6,4279
57,0,2,20,4,4,87,TRAINING,5,8,1,2,43570612,0e8a42c6,2306
57,0,2,20,4,4,88,TRAINING,6,2,0,0,63570412,2e8a40c6,1577
57,0,2,20,4,4,89,TEST,6,2,0,1,false,943
57,0,2,20,4,4,90,TEST,0,4,1,1,true,785
57,0,2,20,4,4,91,TEST,3,14,0,0,true,788
57,0,2,20,4,4,92,TEST,1,12,0,0,true,835
57,0,2,20,4,4,93,TEST,2,6,1,1,true,947
57,0,2,20,4,4,94,TEST,7,10,0,0,true,766
57,0,2,20,4,4,95,TEST,5,8,1,0,false,850
57,0,2,20,4,4,96,TEST,4,0,1,1,true,920
57,0,2,20,4,5,97,TRAINING,5,8,1,4,73145026,aec08462,12864
57,0,2,20,4,5,98,TRAINING,4,0,1,1,74135026,a0ce8462,1285
57,0,2,20,4,5,99,TRAINING,0,4,1,6,74135206,a0ce8642,1183
57,0,2,20,4,5,100,TRAINING,6,2,0,4,74136205,a0ce2648,1756
57,0,2,20,4,5,101,TRAINING,2,6,1,7,74136502,a0ce2846,1524
57,0,2,20,4,5,102,TRAINING,5,8,1,5,34176502,e0ca2846,1309
57,0,2,20,4,5,103,TRAINING,4,0,1,1,74136502,a0ce2846,4249
57,0,2,20,4,5,104,TRAINING,2,6,1,7,74130562,a0ce4826,1366
57,0,2,20,4,5,105,TRAINING,1,12,0,0,14730562,c0ae4826,1203
57,0,2,20,4,5,106,TRAINING,7,10,0,2,10734562,c4ae0826,1457
57,0,2,20,4,5,107,TRAINING,3,14,0,3,16734502,c2ae0846,2077
57,0,2,20,4,5,108,TRAINING,6,2,0,1,56734102,82ae0c46,2363
57,0,2,20,4,5,109,TRAINING,6,2,0,1,56034172,824e0ca6,1594
57,0,2,20,4,5,110,TRAINING,0,4,1,2,36054172,e2480ca6,1290
57,0,2,20,4,5,111,TRAINING,3,14,0,0,36054712,e2480ac6,2728
57,0,2,20,4,5,112,TRAINING,3,14,0,0,36024715,e2460ac8,3574
57,0,2,20,4,5,113,TEST,3,14,0,0,true,991
57,0,2,20,4,5,114,TEST,4,0,1,1,true,781
57,0,2,20,4,5,115,TEST,1,12,0,0,true,910
57,0,2,20,4,5,116,TEST,0,4,1,1,true,1273
57,0,2,20,4,5,117,TEST,7,10,0,0,true,721
57,0,2,20,4,5,118,TEST,5,8,1,0,false,810
57,0,2,20,4,5,119,TEST,6,2,0,1,false,3069
57,0,2,20,4,5,120,TEST,2,6,1,1,true,490
57,0,2,20,4,6,121,TRAINING,0,4,1,4,34650172,e0284ca6,7780
57,0,2,20,4,6,122,TRAINING,1,12,0,5,34750162,e0a84c26,1292
57,0,2,20,4,6,123,TRAINING,2,6,1,7,35740162,e8a04c26,1039
57,0,2,20,4,6,124,TRAINING,7,10,0,2,05743162,48a0ec26,1081
57,0,2,20,4,6,125,TRAINING,2,6,1,7,15743062,c8a0e426,2521
57,0,2,20,4,6,126,TRAINING,6,2,0,6,15740362,c8a04e26,1045
57,0,2,20,4,6,127,TRAINING,5,8,1,1,15047362,c840ae26,1315
57,0,2,20,4,6,128,TRAINING,3,14,0,5,15407362,c804ae26,1740
57,0,2,20,4,6,129,TRAINING,5,8,1,1,75401362,a804ce26,27612
57,0,2,20,4,6,130,TRAINING,4,0,1,2,05471362,480ace26,1200
57,0,2,20,4,6,131,TRAINING,6,2,0,6,05417362,480cae26,3149
57,0,2,20,4,6,132,TRAINING,0,4,1,7,25417360,680cae24,1850
57,0,2,20,4,6,133,TRAINING,4,0,1,2,25413760,680cea24,1736
57,0,2,20,4,6,134,TRAINING,5,8,1,1,25463710,6802eac4,1728
57,0,2,20,4,6,135,TRAINING,2,6,1,0,25463701,6802ea4c,2512
57,0,2,20,4,6,136,TRAINING,0,4,1,6,25436701,680e2a4c,2516
57,0,2,20,4,6,137,TEST,7,10,0,0,true,1349
57,0,2,20,4,6,138,TEST,1,12,0,0,true,473
57,0,2,20,4,6,139,TEST,2,6,1,1,true,1145
57,0,2,20,4,6,140,TEST,5,8,1,0,false,715
57,0,2,20,4,6,141,TEST,4,0,1,1,true,741
57,0,2,20,4,6,142,TEST,0,4,1,1,true,1678
57,0,2,20,4,6,143,TEST,6,2,0,1,false,781
57,0,2,20,4,6,144,TEST,3,14,0,0,true,1370
57,0,2,20,4,7,145,TRAINING,0,4,1,0,05273641,486ae20c,4768
57,0,2,20,4,7,146,TRAINING,4,0,1,6,06273541,426ae80c,1050
57,0,2,20,4,7,147,TRAINING,5,8,1,5,06372541,42ea680c,1642
57,0,2,20,4,7,148,TRAINING,4,0,1,6,03672541,4e2a680c,1459
57,0,2,20,4,7,149,TRAINING,7,10,0,7,03612547,4e2c680a,1194
57,0,2,20,4,7,150,TRAINING,0,4,1,0,03621547,4e26c80a,1662
57,0,2,20,4,7,151,TRAINING,6,2,0,2,01623547,4c26e80a,1141
57,0,2,20,4,7,152,TRAINING,0,4,1,0,01653247,4c28e60a,1704
57,0,2,20,4,7,153,TRAINING,7,10,0,1,07653241,4a28e60c,1672
57,0,2,20,4,7,154,TRAINING,5,8,1,3,07356241,4ae8260c,1393
57,0,2,20,4,7,155,TRAINING,2,6,1,4,07352641,4ae8620c,1213
57,0,2,20,4,7,156,TRAINING,3,14,0,2,67352041,2ae8640c,1188
57,0,2,20,4,7,157,TRAINING,4,0,1,6,65372041,28ea640c,1088
57,0,2,20,4,7,158,TRAINING,0,4,1,5,65327041,28e6a40c,1296
57,0,2,20,4,7,159,TRAINING,5,8,1,2,63527041,2e86a40c,1554
57,0,2,20,4,7,160,TRAINING,6,2,0,0,67523041,2a86e40c,1547
57,0,2,20,4,7,161,TEST,2,6,1,1,true,1073
57,0,2,20,4,7,162,TEST,6,2,0,1,false,750
57,0,2,20,4,7,163,TEST,4,0,1,1,true,453
57,0,2,20,4,7,164,TEST,7,10,0,0,true,872
57,0,2,20,4,7,165,TEST,5,8,1,0,false,515
57,0,2,20,4,7,166,TEST,1,12,0,0,true,640
57,0,2,20,4,7,167,TEST,3,14,0,0,true,534
57,0,2,20,4,7,168,TEST,0,4,1,1,true,1997
57,0,2,20,4,8,169,TRAINING,2,6,1,0,26105743,62c48a0e,2466
57,0,2,20,4,8,170,TRAINING,1,12,0,2,26135740,62ce8a04,1201
57,0,2,20,4,8,171,TRAINING,4,0,1,6,20135746,64ce8a02,1209
57,0,2,20,4,8,172,TRAINING,0,4,1,1,20175346,64ca8e02,1375
57,0,2,20,4,8,173,TRAINING,4,0,1,6,10275346,c46a8e02,1481
57,0,2,20,4,8,174,TRAINING,2,6,1,2,50271346,846ace02,1401
57,0,2,20,4,8,175,TRAINING,4,0,1,6,50231746,846eca02,995
57,0,2,20,4,8,176,TRAINING,7,10,0,0,70231546,a46ec802,1164
57,0,2,20,4,8,177,TRAINING,4,0,1,6,75231046,a86ec402,1097
57,0,2,20,4,8,178,TRAINING,6,2,0,3,75261043,a862c40e,1187
57,0,2,20,4,8,179,TRAINING,7,10,0,0,75261340,a862ce04,1518
57,0,2,20,4,8,180,TRAINING,0,4,1,2,75061342,a842ce06,1657
57,0,2,20,4,8,181,TRAINING,1,12,0,4,75031642,a84ec206,1349
57,0,2,20,4,8,182,TRAINING,4,0,1,6,25031647,684ec20a,1183
57,0,2,20,4,8,183,TRAINING,7,10,0,7,65031247,284ec60a,1545
57,0,2,20,4,8,184,TRAINING,2,6,1,5,65130247,28ce460a,1471
57,0,2,20,4,8,185,TEST,0,4,1,1,true,1722
57,0,2,20,4,8,186,TEST,7,10,0,0,true,792
57,0,2,20,4,8,187,TEST,6,2,0,1,false,744
57,0,2,20,4,8,188,TEST,3,14,0,0,true,795
57,0,2,20,4,8,189,TEST,4,0,1,1,true,1446
57,0,2,20,4,8,190,TEST,2,6,1,1,true,874
57,0,2,20,4,8,191,TEST,5,8,1,0,false,22781
57,0,2,20,4,8,192,TEST,1,12,0,0,true,513
57,0,2,20,4,9,193,TRAINING,2,6,1,0,20365471,64e280ac,2771
57,0,2,20,4,9,194,TRAINING,3,14,0,2,20356471,64e820ac,1470
57,0,2,20,4,9,195,TRAINING,6,2,0,4,27356401,6ae8204c,1933
57,0,2,20,4,9,196,TRAINING,7,10,0,1,47356201,0ae8264c,1195
57,0,2,20,4,9,197,TRAINING,3,14,0,3,47536201,0a8e264c,1738
57,0,2,20,4,9,198,TRAINING,2,6,1,5,47536210,0a8e26c4,1994
57,0,2,20,4,9,199,TRAINING,1,12,0,0,17536240,ca8e2604,1733
57,0,2,20,4,9,200,TRAINING,2,6,1,5,17563240,ca82e604,1245
57,0,2,20,4,9,201,TRAINING,6,2,0,6,17543260,ca80e624,1945
57,0,2,20,4,9,202,TRAINING,4,0,1,3,37541260,ea80c624,1208
57,0,2,20,4,9,203,TRAINING,6,2,0,6,07541263,4a80c62e,1201
57,0,2,20,4,9,204,TRAINING,0,4,1,4,17540263,ca80462e,1344
57,0,2,20,4,9,205,TRAINING,6,2,0,6,57140263,8ac0462e,1249
57,0,2,20,4,9,206,TRAINING,4,0,1,3,27140563,6ac0482e,1357
57,0,2,20,4,9,207,TRAINING,6,2,0,6,07142563,4ac0682e,923
57,0,2,20,4,9,208,TRAINING,5,8,1,5,07142563,4ac0682e,1840
57,0,2,20,4,9,209,TEST,0,4,1,1,true,2312
57,0,2,20,4,9,210,TEST,7,10,0,0,true,815
57,0,2,20,4,9,211,TEST,4,0,1,1,true,1331
57,0,2,20,4,9,212,TEST,2,6,1,0,false,975
57,0,2,20,4,9,213,TEST,3,14,0,0,true,484
57,0,2,20,4,9,214,TEST,5,8,1,0,false,500
57,0,2,20,4,9,215,TEST,1,12,0,0,true,760
57,0,2,20,4,9,216,TEST,6,2,0,1,false,1016
57,0,2,20,4,10,217,TRAINING,7,10,0,4,30617254,e42ca680,21974
57,0,2,20,4,10,218,TRAINING,0,4,1,1,20617354,642cae80,1005
57,0,2,20,4,10,219,TRAINING,1,12,0,3,20417356,640cae82,1305
57,0,2,20,4,10,220,TRAINING,2,6,1,5,30417256,e40ca682,1951
57,0,2,20,4,10,221,TRAINING,7,10,0,4,30617254,e42ca680,1055
57,0,2,20,4,10,222,TRAINING,2,6,1,5,60317254,24eca680,1293
57,0,2,20,4,10,223,TRAINING,5,8,1,6,06317254,42eca680,1016
57,0,2,20,4,10,224,TRAINING,3,14,0,2,04317256,40eca682,1829
57,0,2,20,4,10,225,TRAINING,7,10,0,4,02317456,46eca082,1343
57,0,2,20,4,10,226,TRAINING,1,12,0,0,12307456,c6e4a082,1230
57,0,2,20,4,10,227,TRAINING,0,4,1,7,12367450,c6e2a084,1220
57,0,2,20,4,10,228,TRAINING,2,6,1,5,14367250,c0e2a684,1007
57,0,2,20,4,10,229,TRAINING,6,2,0,3,13467250,ce02a684,1254
57,0,2,20,4,10,230,TRAINING,0,4,1,6,13467205,ce02a648,1349
57,0,2,20,4,10,231,TRAINING,7,10,0,5,13462705,ce026a48,1325
57,0,2,20,4,10,232,TRAINING,6,2,0,3,43162705,0ec26a48,1404
57,0,2,20,4,10,233,TEST,5,8,1,0,false,1177
57,0,2,20,4,10,234,TEST,1,12,0,0,true,472
57,0,2,20,4,10,235,TEST,7,10,0,0,true,448
57,0,2,20,4,10,236,TEST,6,2,0,1,false,1404
57,0,2,20,4,10,237,TEST,3,14,0,0,true,789
57,0,2,20,4,10,238,TEST,4,0,1,1,true,934
57,0,2,20,4,10,239,TEST,0,4,1,1,true,810
57,0,2,20,4,10,240,TEST,2,6,1,1,true,911
57,0,2,20,4,11,241,TRAINING,1,12,0,0,12340765,c6e04a28,4128
57,0,2,20,4,11,242,TRAINING,3,14,0,2,12350764,c6e84a20,1288
57,0,2,20,4,11,243,TRAINING,7,10,0,7,12350467,c6e8402a,1246
57,0,2,20,4,11,244,TRAINING,4,0,1,5,16350427,c2e8406a,1006
57,0,2,20,4,11,245,TRAINING,0,4,1,4,16250437,c26840ea,1112
57,0,2,20,4,11,246,TRAINING,6,2,0,1,36250417,e26840ca,1261
57,0,2,20,4,11,247,TRAINING,5,8,1,3,76250413,a26840ce,2566
57,0,2,20,4,11,248,TRAINING,1,12,0,6,06257413,4268a0ce,1130
57,0,2,20,4,11,249,TRAINING,6,2,0,1,76250413,a26840ce,1618
57,0,2,20,4,11,250,TRAINING,7,10,0,0,76205413,a26480ce,1438
57,0,2,20,4,11,251,TRAINING,6,2,0,1,76205314,a2648ec0,2099
57,0,2,20,4,11,252,TRAINING,2,6,1,3,76025314,a2468ec0,3053
57,0,2,20,4,11,253,TRAINING,1,12,0,6,76024315,a2460ec8,1211
57,0,2,20,4,11,254,TRAINING,5,8,1,0,56024317,82460eca,1236
57,0,2,20,4,11,255,TRAINING,6,2,0,1,56074312,824a0ec6,1461
57,0,2,20,4,11,256,TRAINING,6,2,0,1,56047312,8240aec6,1634
57,0,2,20,4,11,257,TEST,2,6,1,1,true,1459
57,0,2,20,4,11,258,TEST,4,0,1,1,true,545
57,0,2,20,4,11,259,TEST,6,2,0,1,false,464
57,0,2,20,4,11,260,TEST,5,8,1,0,false,965
57,0,2,20,4,11,261,TEST,0,4,1,1,true,861
57,0,2,20,4,11,262,TEST,7,10,0,0,true,849
57,0,2,20,4,11,263,TEST,1,12,0,0,true,701
57,0,2,20,4,11,264,TEST,3,14,0,0,true,500
57,0,2,20,4,12,265,TRAINING,1,12,0,4,40631275,042ec6a8,5349
57,0,2,20,4,12,266,TRAINING,0,4,1,1,60431275,240ec6a8,1119
57,0,2,20,4,12,267,TRAINING,1,12,0,4,60421375,2406cea8,1006
57,0,2,20,4,12,268,TRAINING,1,12,0,4,40621375,0426cea8,1562
57,0,2,20,4,12,269,TRAINING,7,10,0,6,40651372,0428cea6,1193
57,0,2,20,4,12,270,TRAINING,5,8,1,3,30651472,e428c0a6,958
57,0,2,20,4,12,271,TRAINING,1,12,0,4,30251476,e468c0a2,1842
57,0,2,20,4,12,272,TRAINING,1,12,0,4,40251376,0468cea2,1390
57,0,2,20,4,12,273,TRAINING,1,12,0,4,50241376,8460cea2,1248
57,0,2,20,4,12,274,TRAINING,1,12,0,4,57241306,8a60ce42,1337
57,0,2,20,4,12,275,TRAINING,1,12,0,4,57201346,8a64ce02,1361
57,0,2,20,4,12,276,TRAINING,3,14,0,6,57201436,8a64c0e2,1221
57,0,2,20,4,12,277,TRAINING,3,14,0,6,75201436,a864c0e2,1244
57,0,2,20,4,12,278,TRAINING,3,14,0,6,15207436,c864a0e2,1157
57,0,2,20,4,12,279,TRAINING,3,14,0,6,15247036,c860a4e2,1190
57,0,2,20,4,12,280,TRAINING,3,14,0,6,15240736,c8604ae2,1152
57,0,2,20,4,12,281,TEST,4,0,1,1,true,1245
57,0,2,20,4,12,282,TEST,2,6,1,1,true,915
57,0,2,20,4,12,283,TEST,7,10,0,0,true,853
57,0,2,20,4,12,284,TEST,1,12,0,0,true,646
57,0,2,20,4,12,285,TEST,0,4,1,1,true,3048
57,0,2,20,4,12,286,TEST,6,2,0,1,false,724
57,0,2,20,4,12,287,TEST,5,8,1,0,false,922
57,0,2,20,4,12,288,TEST,3,14,0,0,true,509
57,0,2,20,4,13,289,TRAINING,5,8,1,3,41652037,0c2864ea,3104
57,0,2,20,4,13,290,TRAINING,2,6,1,5,41650237,0c2846ea,1166
57,0,2,20,4,13,291,TRAINING,6,2,0,2,43650217,0e2846ca,1026
57,0,2,20,4,13,292,TRAINING,5,8,1,3,43657210,0e28a6c4,947
57,0,2,20,4,13,293,TRAINING,2,6,1,5,13657240,ce28a604,1063
57,0,2,20,4,13,294,TRAINING,0,4,1,7,14657230,c028a6e4,1304
57,0,2,20,4,13,295,TRAINING,7,10,0,4,14567230,c082a6e4,1098
57,0,2,20,4,13,296,TRAINING,3,14,0,6,12567430,c682a0e4,1083
57,0,2,20,4,13,297,TRAINING,0,4,1,3,12507436,c684a0e2,1479
57,0,2,20,4,13,298,TRAINING,1,12,0,4,72501436,a684c0e2,1516
57,0,2,20,4,13,299,TRAINING,5,8,1,2,32501476,e684c0a2,1672
57,0,2,20,4,13,300,TRAINING,4,0,1,1,34501276,e084c6a2,1502
57,0,2,20,4,13,301,TRAINING,2,6,1,6,34501726,e084ca62,1504
57,0,2,20,4,13,302,TRAINING,7,10,0,3,34571026,e08ac462,1448
57,0,2,20,4,13,303,TRAINING,6,2,0,4,34576021,e08a246c,1484
57,0,2,20,4,13,304,TRAINING,5,8,1,2,14576023,c08a246e,2090
57,0,2,20,4,13,305,TEST,1,12,0,0,true,977
57,0,2,20,4,13,306,TEST,2,6,1,1,true,707
57,0,2,20,4,13,307,TEST,5,8,1,0,false,745
57,0,2,20,4,13,308,TEST,6,2,0,1,false,923
57,0,2,20,4,13,309,TEST,0,4,1,1,true,1343
57,0,2,20,4,13,310,TEST,7,10,0,0,true,779
57,0,2,20,4,13,311,TEST,3,14,0,0,true,1488
57,0,2,20,4,13,312,TEST,4,0,1,1,true,1547
57,0,2,20,4,14,313,TRAINING,6,2,0,0,64701523,20a4c86e,3890
57,0,2,20,4,14,314,TRAINING,4,0,1,1,64201573,2064c8ae,994
57,0,2,20,4,14,315,TRAINING,4,0,1,1,64231570,206ec8a4,1882
57,0,2,20,4,14,316,TRAINING,6,2,0,0,64231075,206ec4a8,1032
57,0,2,20,4,14,317,TRAINING,4,0,1,1,64237015,206ea4c8,923
57,0,2,20,4,14,318,TRAINING,6,2,0,0,64327015,20e6a4c8,965
57,0,2,20,4,14,319,TRAINING,4,0,1,1,64307215,20e4a6c8,974
57,0,2,20,4,14,320,TRAINING,6,2,0,0,64307125,20e4ac68,1806
57,0,2,20,4,14,321,TRAINING,4,0,1,1,64107325,20c4ae68,1677
57,0,2,20,4,14,322,TRAINING,4,0,1,1,64105327,20c48e6a,1211
57,0,2,20,4,14,323,TRAINING,4,0,1,1,64125307,20c68e4a,1236
57,0,2,20,4,14,324,TRAINING,4,0,1,1,74125306,a0c68e42,1232
57,0,2,20,4,14,325,TRAINING,4,0,1,1,74165302,a0c28e46,1054
57,0,2,20,4,14,326,TRAINING,7,10,0,0,74125306,a0c68e42,1964
57,0,2,20,4,14,327,TRAINING,7,10,0,0,74105326,a0c48e62,928
57,0,2,20,4,14,328,TRAINING,4,0,1,1,74102356,a0c46e82,1004
57,0,2,20,4,14,329,TEST,3,14,0,0,true,1101
57,0,2,20,4,14,330,TEST,1,12,0,0,true,749
57,0,2,20,4,14,331,TEST,7,10,0,0,true,601
57,0,2,20,4,14,332,TEST,2,6,1,1,true,952
57,0,2,20,4,14,333,TEST,6,2,0,1,false,1345
57,0,2,20,4,14,334,TEST,4,0,1,1,true,938
57,0,2,20,4,14,335,TEST,0,4,1,1,true,798
57,0,2,20,4,14,336,TEST,5,8,1,0,false,708
57,0,2,20,4,15,337,TRAINING,7,10,0,0,71026534,ac4628e0,3642
57,0,2,20,4,15,338,TRAINING,2,6,1,1,72016534,a64c28e0,1247
57,0,2,20,4,15,339,TRAINING,1,12,0,3,72516034,a68c24e0,1870
57,0,2,20,4,15,340,TRAINING,5,8,1,2,72514036,a68c04e2,1139
57,0,2,20,4,15,341,TRAINING,7,10,0,0,73514026,ae8c0462,1273
57,0,2,20,4,15,342,TRAINING,0,4,1,5,72514036,a68c04e2,1229
57,0,2,20,4,15,343,TRAINING,6,2,0,7,72154036,a6c804e2,1555
57,0,2,20,4,15,344,TRAINING,3,14,0,2,72354016,a6e804c2,1245
57,0,2,20,4,15,345,TRAINING,4,0,1,4,72304516,a6e408c2,1276
57,0,2,20,4,15,346,TRAINING,5,8,1,5,72304561,a6e4082c,1105
57,0,2,20,4,15,347,TRAINING,2,6,1,1,32704561,e6a4082c,1117
57,0,2,20,4,15,348,TRAINING,0,4,1,6,32764501,e6a2084c,1292
57,0,2,20,4,15,349,TRAINING,7,10,0,2,32754601,e6a8024c,1166
57,0,2,20,4,15,350,TRAINING,3,14,0,0,34752601,e0a8624c,1200
57,0,2,20,4,15,351,TRAINING,6,2,0,5,31752604,eca86240,1191
57,0,2,20,4,15,352,TRAINING,6,2,0,5,37152604,eac86240,1409
57,0,2,20,4,15,353,TEST,5,8,1,0,false,1134
57,0,2,20,4,15,354,TEST,7,10,0,0,true,519
57,0,2,20,4,15,355,TEST,2,6,1,1,true,881
57,0,2,20,4,15,356,TEST,3,14,0,0,true,698
57,0,2,20,4,15,357,TEST,4,0,1,1,true,973
57,0,2,20,4,15,358,TEST,0,4,1,1,true,1622
57,0,2,20,4,15,359,TEST,6,2,0,1,false,777
57,0,2,20,4,15,360,TEST,1,12,0,0,true,981
57,0,2,20,4,16,361,TRAINING,2,6,1,1,32567140,e682ac04,4627
57,0,2,20,4,16,362,TRAINING,5,8,1,2,72563140,a682ec04,1393
57,0,2,20,4,16,363,TRAINING,5,8,1,2,12563740,c682ea04,1818
57,0,2,20,4,16,364,TRAINING,7,10,0,5,42563710,0682eac4,1935
57,0,2,20,4,16,365,TRAINING,4,0,1,3,62543710,2680eac4,1733
57,0,2,20,4,16,366,TRAINING,6,2,0,0,62540713,26804ace,1844
57,0,2,20,4,16,367,TRAINING,7,10,0,5,62543710,2680eac4,970
57,0,2,20,4,16,368,TRAINING,2,6,1,1,62513740,268cea04,2145
57,0,2,20,4,16,369,TRAINING,6,2,0,0,62510743,268c4a0e,1580
57,0,2,20,4,16,370,TRAINING,4,0,1,2,62410753,260c4a8e,1549
57,0,2,20,4,16,371,TRAINING,3,14,0,7,61420753,2c064a8e,2491
57,0,2,20,4,16,372,TRAINING,7,10,0,5,16420753,c2064a8e,1394
57,0,2,20,4,16,373,TRAINING,5,8,1,0,56420713,82064ace,3190
57,0,2,20,4,16,374,TRAINING,1,12,0,1,51420763,8c064a2e,1334
57,0,2,20,4,16,375,TRAINING,2,6,1,3,51720463,8ca6402e,2589
57,0,2,20,4,16,376,TRAINING,6,2,0,6,41720563,0ca6482e,1168
57,0,2,20,4,16,377,TEST,3,14,0,0,true,1178
57,0,2,20,4,16,378,TEST,7,10,0,0,true,1674
57,0,2,20,4,16,379,TEST,5,8,1,0,false,554
57,0,2,20,4,16,380,TEST,6,2,0,1,false,1015
57,0,2,20,4,16,381,TEST,1,12,0,0,true,924
57,0,2,20,4,16,382,TEST,4,0,1,1,true,973
57,0,2,20,4,16,383,TEST,0,4,1,1,true,1565
57,0,2,20,4,16,384,TEST,2,6,1,1,true,634
57,0,2,20,4,17,385,TRAINING,3,14,0,4,21603574,6c24e8a0,24540
57,0,2,20,4,17,386,TRAINING,1,12,0,1,61203574,2c64e8a0,1959
57,0,2,20,4,17,387,TRAINING,2,6,1,2,61273504,2c6ae840,1333
57,0,2,20,4,17,388,TRAINING,7,10,0,3,61270534,2c6a48e0,1260
57,0,2,20,4,17,389,TRAINING,0,4,1,1,60271534,246ac8e0,1245
57,0,2,20,4,17,390,TRAINING,3,14,0,6,20671534,642ac8e0,1004
57,0,2,20,4,17,391,TRAINING,3,14,0,6,40671532,042ac8e6,1410
57,0,2,20,4,17,392,TRAINING,3,14,0,6,45671032,082ac4e6,1201
57,0,2,20,4,17,393,TRAINING,3,14,0,6,42671035,062ac4e8,1015
57,0,2,20,4,17,394,TRAINING,3,14,0,6,02671435,462ac0e8,997
57,0,2,20,4,17,395,TRAINING,3,14,0,6,12670435,c62a40e8,966
57,0,2,20,4,17,396,TRAINING,3,14,0,6,12076435,c64a20e8,1107
57,0,2,20,4,17,397,TRAINING,4,0,1,2,12476035,c60a24e8,1942
57,0,2,20,4,17,398,TRAINING,4,0,1,2,52476031,860a24ec,1286
57,0,2,20,4,17,399,TRAINING,4,0,1,2,53476021,8e0a246c,1266
57,0,2,20,4,17,400,TRAINING,4,0,1,2,53426071,8e0624ac,1390
57,0,2,20,4,17,401,TEST,2,6,1,1,true,1173
57,0,2,20,4,17,402,TEST,4,0,1,1,true,912
57,0,2,20,4,17,403,TEST,1,12,0,0,true,851
57,0,2,20,4,17,404,TEST,0,4,1,1,true,721
57,0,2,20,4,17,405,TEST,5,8,1,0,false,717
57,0,2,20,4,17,406,TEST,6,2,0,1,false,900
57,0,2,20,4,17,407,TEST,7,10,0,0,true,803
57,0,2,20,4,17,408,TEST,3,14,0,0,true,913
57,0,2,20,4,18,409,TRAINING,1,12,0,0,12743560,c6a0e824,6982
57,0,2,20,4,18,410,TRAINING,3,14,0,4,12743506,c6a0e842,1874
57,0,2,20,4,18,411,TRAINING,3,14,0,4,10743526,c4a0e862,1151
57,0,2,20,4,18,412,TRAINING,3,14,0,4,01743526,4ca0e862,1715
57,0,2,20,4,18,413,TRAINING,3,14,0,4,05743126,48a0ec62,1412
57,0,2,20,4,18,414,TRAINING,3,14,0,4,05723146,48a6ec02,1205
57,0,2,20,4,18,415,TRAINING,3,14,0,4,65723140,28a6ec04,1078
57,0,2,20,4,18,416,TRAINING,3,14,0,4,56723140,82a6ec04,1118
57,0,2,20,4,18,417,TRAINING,3,14,0,4,46723150,02a6ec84,1230
57,0,2,20,4,18,418,TRAINING,3,14,0,4,46723051,02a6e48c,1246
57,0,2,20,4,18,419,TRAINING,0,4,1,5,41723056,0ca6e482,1124
57,0,2,20,4,18,420,TRAINING,3,14,0,4,71423056,ac06e482,1012
57,0,2,20,4,18,421,TRAINING,0,4,1,5,51423076,8c06e4a2,1148
57,0,2,20,4,18,422,TRAINING,4,0,1,2,51463072,8c02e4a6,1909
57,0,2,20,4,18,423,TRAINING,7,10,0,1,57463012,8a02e4c6,1887
57,0,2,20,4,18,424,TRAINING,4,0,1,2,67453012,2a08e4c6,1117
57,0,2,20,4,18,425,TEST,0,4,1,1,true,1110
57,0,2,20,4,18,426,TEST,4,0,1,1,true,495
57,0,2,20,4,18,427,TEST,1,12,0,0,true,906
57,0,2,20,4,18,428,TEST,5,8,1,0,false,535
57,0,2,20,4,18,429,TEST,7,10,0,0,true,560
57,0,2,20,4,18,430,TEST,2,6,1,0,false,850
57,0,2,20,4,18,431,TEST,6,2,0,1,false,1176
57,0,2,20,4,18,432,TEST,3,14,0,0,true,853
57,0,2,20,4,19,433,TRAINING,4,0,1,6,71630245,ac2e4608,6110
57,0,2,20,4,19,434,TRAINING,4,0,1,6,71603245,ac24e608,1315
57,0,2,20,4,19,435,TRAINING,4,0,1,6,71605243,ac24860e,1516
57,0,2,20,4,19,436,TRAINING,4,0,1,6,01675243,4c2a860e,1005
57,0,2,20,4,19,437,TRAINING,3,14,0,7,10675243,c42a860e,976
57,0,2,20,4,19,438,TRAINING,7,10,0,0,70615243,a42c860e,3140
57,0,2,20,4,19,439,TRAINING,7,10,0,0,70415263,a40c862e,1353
57,0,2,20,4,19,440,TRAINING,7,10,0,0,70415236,a40c86e2,1272
57,0,2,20,4,19,441,TRAINING,7,10,0,0,70615234,a42c86e0,1292
57,0,2,20,4,19,442,TRAINING,0,4,1,1,70625134,a4268ce0,1162
57,0,2,20,4,19,443,TRAINING,6,2,0,2,70652134,a4286ce0,1429
57,0,2,20,4,19,444,TRAINING,5,8,1,3,70651234,a428c6e0,2136
57,0,2,20,4,19,445,TRAINING,3,14,0,6,70654231,a42806ec,1188
57,0,2,20,4,19,446,TRAINING,0,4,1,1,70654132,a4280ce6,965
57,0,2,20,4,19,447,TRAINING,4,0,1,4,70254136,a4680ce2,992
57,0,2,20,4,19,448,TRAINING,0,4,1,1,70154236,a4c806e2,1185
57,0,2,20,4,19,449,TEST,1,12,0,0,true,1202
57,0,2,20,4,19,450,TEST,6,2,0,1,false,1368
57,0,2,20,4,19,451,TEST,0,4,1,1,true,1575
57,0,2,20,4,19,452,TEST,4,0,1,1,true,884
57,0,2,20,4,19,453,TEST,3,14,0,0,true,1047
57,0,2,20,4,19,454,TEST,7,10,0,0,true,1176
57,0,2,20,4,19,455,TEST,2,6,1,1,true,1258
57,0,2,20,4,19,456,TEST,5,8,1,0,false,1810
57,0,2,20,4,INSTRUCT,postquestionnaire,2

rulestrategy:I tried to use a sequence where I tried to get the colors of squares with lines in them on the same row. I did not use and pencils or take notes, I just tried to use my brain.
howtoimprove:No.
engagement:8
difficulty:8
physicalaids:no