58,0,3,14,13,INSTRUCT,instruct1,11831
58,0,3,14,13,INSTRUCT,instructCatExample,12933
58,0,3,14,13,INSTRUCT,instructCatColor,6765
58,0,3,14,13,INSTRUCT,instructCatStripe,9535
58,0,3,14,13,INSTRUCT,instructDemoIntro,25622
58,0,3,14,13,INSTRUCT,instructDemo,110316
58,0,3,14,13,INSTRUCT,instructTest,10934
58,0,3,14,13,INSTRUCT,instructTest2,24525
58,0,3,14,13,INSTRUCT,instructDimColor,18095
58,0,3,14,13,INSTRUCT,instructDimBorder,5438
58,0,3,14,13,INSTRUCT,instructDimDots,6038
58,0,3,14,13,INSTRUCT,instructDimStripe,5478
58,0,3,14,13,INSTRUCT,instructDimAll,18712
58,0,3,14,13,INSTRUCT,instructFinal,26444
58,0,3,14,13,1,1,TRAINING,7,3,0,0,75061342,31d79b5f,5860
58,0,3,14,13,1,2,TRAINING,5,1,0,1,75062341,31d7fb59,1735
58,0,3,14,13,1,3,TRAINING,6,7,0,3,75063241,31d7bf59,1194
58,0,3,14,13,1,4,TRAINING,4,5,1,6,75061243,31d79f5b,1178
58,0,3,14,13,1,5,TRAINING,3,11,0,0,35061247,b1d79f53,12685
58,0,3,14,13,1,6,TRAINING,1,9,1,4,35071246,b1d39f57,2520
58,0,3,14,13,1,7,TRAINING,2,15,1,5,36071245,b7d39f51,991
58,0,3,14,13,1,8,TRAINING,0,13,1,7,36571240,b7139f5d,1994
58,0,3,14,13,1,9,TRAINING,2,15,1,5,63571240,7b139f5d,10051
58,0,3,14,13,1,10,TRAINING,3,11,0,1,63751240,7b319f5d,1135
58,0,3,14,13,1,11,TRAINING,1,9,1,7,63750241,7b31df59,4089
58,0,3,14,13,1,12,TRAINING,0,13,1,4,43750261,5b31df79,975
58,0,3,14,13,1,13,TRAINING,4,5,1,6,63750241,7b31df59,1630
58,0,3,14,13,1,14,TRAINING,6,7,0,0,63750142,7b31d95f,5117
58,0,3,14,13,1,15,TRAINING,1,9,1,5,60753142,7d31b95f,2242
58,0,3,14,13,1,16,TRAINING,1,9,1,5,60357142,7db1395f,16565
58,0,3,14,13,1,17,TEST,5,1,0,1,false,6462
58,0,3,14,13,1,18,TEST,7,3,0,1,false,2965
58,0,3,14,13,1,19,TEST,3,11,0,0,true,3883
58,0,3,14,13,1,20,TEST,2,15,1,1,true,2572
58,0,3,14,13,1,21,TEST,4,5,1,1,true,2484
58,0,3,14,13,1,22,TEST,6,7,0,0,true,2394
58,0,3,14,13,1,23,TEST,1,9,1,1,true,2220
58,0,3,14,13,1,24,TEST,0,13,1,1,true,3099
58,0,3,14,13,2,25,TRAINING,6,7,0,0,64257013,75f13d9b,5972
58,0,3,14,13,2,26,TRAINING,5,1,0,1,65247013,71f53d9b,1046
58,0,3,14,13,2,27,TRAINING,4,5,1,3,65247310,71f53b9d,1448
58,0,3,14,13,2,28,TRAINING,7,3,0,7,65240317,71f5db93,1777
58,0,3,14,13,2,29,TRAINING,4,5,1,3,65241307,71f59bd3,9650
58,0,3,14,13,2,30,TRAINING,1,9,1,4,56241307,17f59bd3,1257
58,0,3,14,13,2,31,TRAINING,3,11,0,5,50241367,1df59b73,1010
58,0,3,14,13,2,32,TRAINING,0,13,1,1,20541367,fd159b73,8900
58,0,3,14,13,2,33,TRAINING,3,11,0,5,20571364,fd139b75,1698
58,0,3,14,13,2,34,TRAINING,1,9,1,6,20576314,fd137b95,1234
58,0,3,14,13,2,35,TRAINING,2,15,1,0,27506314,f31d7b95,1394
58,0,3,14,13,2,36,TRAINING,4,5,1,7,27560314,f317db95,985
58,0,3,14,13,2,37,TRAINING,6,7,0,3,27561304,f3179bd5,1529
58,0,3,14,13,2,38,TRAINING,5,1,0,2,07561324,d3179bf5,2242
58,0,3,14,13,2,39,TRAINING,7,3,0,1,07564321,d3175bf9,1265
58,0,3,14,13,2,40,TRAINING,4,5,1,4,67504321,731d5bf9,5329
58,0,3,14,13,2,41,TEST,7,3,0,0,true,3851
58,0,3,14,13,2,42,TEST,3,11,0,0,true,1873
58,0,3,14,13,2,43,TEST,5,1,0,0,true,8035
58,0,3,14,13,2,44,TEST,4,5,1,1,true,2282
58,0,3,14,13,2,45,TEST,2,15,1,1,true,2932
58,0,3,14,13,2,46,TEST,0,13,1,1,true,1147
58,0,3,14,13,2,47,TEST,1,9,1,1,true,926
58,0,3,14,13,2,48,TEST,6,7,0,0,true,2490
58,0,3,14,13,3,49,TRAINING,0,13,1,0,03251674,dbf19735,3616
58,0,3,14,13,3,50,TRAINING,2,15,1,2,04251673,d5f1973b,1937
58,0,3,14,13,3,51,TRAINING,3,11,0,7,04257613,d5f1379b,1065
58,0,3,14,13,3,52,TRAINING,1,9,1,6,54207613,15fd379b,1217
58,0,3,14,13,3,53,TRAINING,4,5,1,2,52407613,1f5d379b,1924
58,0,3,14,13,3,54,TRAINING,6,7,0,5,53407612,1b5d379f,1170
58,0,3,14,13,3,55,TRAINING,7,3,0,4,53417602,1b5937df,1171
58,0,3,14,13,3,56,TRAINING,5,1,0,0,52417603,1f5937db,988
58,0,3,14,13,3,57,TRAINING,6,7,0,5,54217603,15f937db,1040
58,0,3,14,13,3,58,TRAINING,4,5,1,4,57214603,13f957db,1163
58,0,3,14,13,3,59,TRAINING,5,1,0,0,51274603,19f357db,945
58,0,3,14,13,3,60,TRAINING,0,13,1,6,51264703,19f753db,1552
58,0,3,14,13,3,61,TRAINING,3,11,0,3,51234706,19fb53d7,1258
58,0,3,14,13,3,62,TRAINING,2,15,1,2,57234106,13fb59d7,1042
58,0,3,14,13,3,63,TRAINING,4,5,1,7,57236104,13fb79d5,1121
58,0,3,14,13,3,64,TRAINING,7,3,0,1,57216304,13f97bd5,1314
58,0,3,14,13,3,65,TEST,4,5,1,1,true,2126
58,0,3,14,13,3,66,TEST,3,11,0,0,true,1862
58,0,3,14,13,3,67,TEST,6,7,0,0,true,3336
58,0,3,14,13,3,68,TEST,0,13,1,1,true,3066
58,0,3,14,13,3,69,TEST,7,3,0,0,true,970
58,0,3,14,13,3,70,TEST,1,9,1,1,true,954
58,0,3,14,13,3,71,TEST,5,1,0,0,true,738
58,0,3,14,13,3,72,TEST,2,15,1,1,true,898
58,0,3,14,13,INSTRUCT,postquestionnaire,2

rulestrategy:I just used my 16 turns to determine where each piece went first by color, then if it had the strip of not, then texture.
howtoimprove:none - it was fun 
engagement:10
difficulty:5
physicalaids:no