65,1,5,10,13,INSTRUCT,instruct1,22168
65,1,5,10,13,INSTRUCT,instructCatExample,18237
65,1,5,10,13,INSTRUCT,instructCatColor,8346
65,1,5,10,13,INSTRUCT,instructCatStripe,19110
65,1,5,10,13,INSTRUCT,instructDemoIntro,39593
65,1,5,10,13,INSTRUCT,instructDemo,131464
65,1,5,10,13,INSTRUCT,instructTest,40479
65,1,5,10,13,INSTRUCT,instructTest2,42885
65,1,5,10,13,INSTRUCT,instructDimColor,14274
65,1,5,10,13,INSTRUCT,instructDimBorder,7910
65,1,5,10,13,INSTRUCT,instructDimDots,25786
65,1,5,10,13,INSTRUCT,instructDimStripe,9391
65,1,5,10,13,INSTRUCT,instructDimAll,11685
65,1,5,10,13,INSTRUCT,instructFinal,17050
65,1,5,10,13,1,1,TRAINING,3,13,1,6,24560137,f647ecd5,7379
65,1,5,10,13,1,2,TRAINING,0,14,1,7,24567130,f6475cde,1964
65,1,5,10,13,1,3,TRAINING,2,15,0,0,24167530,f6c754de,2958
65,1,5,10,13,1,4,TRAINING,6,7,1,2,24617530,f67c54de,10521
65,1,5,10,13,1,5,TRAINING,3,13,1,6,24671530,f675c4de,8840
65,1,5,10,13,1,6,TRAINING,4,6,0,1,04671532,e675c4df,3329
65,1,5,10,13,1,7,TRAINING,5,4,1,3,04651732,e674c5df,5792
65,1,5,10,13,1,8,TRAINING,0,14,1,0,04156732,e6c475df,4469
65,1,5,10,13,1,9,TRAINING,7,5,0,5,04156723,e6c475fd,2611
65,1,5,10,13,1,10,TRAINING,4,6,0,1,04516723,e64c75fd,4594
65,1,5,10,13,1,11,TRAINING,2,15,0,6,14506723,c64e75fd,5122
65,1,5,10,13,1,12,TRAINING,1,12,0,2,54106723,46ce75fd,4810
65,1,5,10,13,1,13,TRAINING,7,5,0,5,56104723,47ce65fd,4266
65,1,5,10,13,1,14,TRAINING,1,12,0,2,54106723,46ce75fd,3766
65,1,5,10,13,1,15,TRAINING,6,7,1,4,04156723,e6c475fd,2237
65,1,5,10,13,1,16,TRAINING,5,4,1,3,04156327,e6c47df5,2673
65,1,5,10,13,1,17,TEST,7,5,0,1,false,5928
65,1,5,10,13,1,18,TEST,5,4,1,1,true,6053
65,1,5,10,13,1,19,TEST,2,15,0,0,true,1435
65,1,5,10,13,1,20,TEST,4,6,0,0,true,3058
65,1,5,10,13,1,21,TEST,6,7,1,0,false,1971
65,1,5,10,13,1,22,TEST,3,13,1,0,false,5251
65,1,5,10,13,1,23,TEST,0,14,1,1,true,4508
65,1,5,10,13,1,24,TEST,1,12,0,0,true,2917
65,1,5,10,13,2,25,TRAINING,0,14,1,1,40276513,6ef574cd,8549
65,1,5,10,13,2,26,TRAINING,0,14,1,1,30276514,def574c6,5417
65,1,5,10,13,2,27,TRAINING,3,13,1,0,30726514,de5f74c6,1803
65,1,5,10,13,2,28,TRAINING,1,12,0,3,30716524,de5c74f6,3018
65,1,5,10,13,2,29,TRAINING,1,12,0,3,30714526,de5c64f7,1894
65,1,5,10,13,2,30,TRAINING,4,6,0,4,70314526,5edc64f7,2385
65,1,5,10,13,2,31,TRAINING,7,5,0,1,07314526,e5dc64f7,2616
65,1,5,10,13,2,32,TRAINING,4,6,0,4,07134526,e5cd64f7,4578
65,1,5,10,13,2,33,TRAINING,5,4,1,5,07124536,e5cf64d7,3016
65,1,5,10,13,2,34,TRAINING,7,5,0,1,07214536,e5fc64d7,3001
65,1,5,10,13,2,35,TRAINING,5,4,1,5,07124536,e5cf64d7,1716
65,1,5,10,13,2,36,TRAINING,2,15,0,3,07624531,e57f64dc,2011
65,1,5,10,13,2,37,TRAINING,6,7,1,1,06724531,e75f64dc,1721
65,1,5,10,13,2,38,TRAINING,6,7,1,1,06721534,e75fc4d6,2985
65,1,5,10,13,2,39,TRAINING,2,15,0,3,06723514,e75fd4c6,1851
65,1,5,10,13,2,40,TRAINING,3,13,1,4,06123574,e7cfd456,4334
65,1,5,10,13,2,41,TEST,6,7,1,1,true,2683
65,1,5,10,13,2,42,TEST,3,13,1,0,false,9750
65,1,5,10,13,2,43,TEST,5,4,1,1,true,2530
65,1,5,10,13,2,44,TEST,1,12,0,1,false,4249
65,1,5,10,13,2,45,TEST,7,5,0,1,false,2792
65,1,5,10,13,2,46,TEST,0,14,1,0,false,998
65,1,5,10,13,2,47,TEST,4,6,0,0,true,2121
65,1,5,10,13,2,48,TEST,2,15,0,1,false,1579
65,1,5,10,13,3,49,TRAINING,7,5,0,2,56720314,475fedc6,5272
65,1,5,10,13,3,50,TRAINING,2,15,0,3,16720354,c75fed46,2111
65,1,5,10,13,3,51,TRAINING,5,4,1,1,15720364,c45fed76,2233
65,1,5,10,13,3,52,TRAINING,7,5,0,2,15726304,c45f7de6,2154
65,1,5,10,13,3,53,TRAINING,4,6,0,3,15746302,c4567def,2564
65,1,5,10,13,3,54,TRAINING,4,6,0,3,10746352,ce567d4f,2627
65,1,5,10,13,3,55,TRAINING,6,7,1,0,60741352,7e56cd4f,2266
65,1,5,10,13,3,56,TRAINING,0,14,1,1,60741532,7e56c4df,4297
65,1,5,10,13,3,57,TRAINING,3,13,1,6,60471532,7e65c4df,2551
65,1,5,10,13,3,58,TRAINING,0,14,1,1,60741532,7e56c4df,2683
65,1,5,10,13,3,59,TRAINING,1,12,0,4,60751432,7e54c6df,2360
65,1,5,10,13,3,60,TRAINING,2,15,0,5,60751234,7e54cfd6,1895
65,1,5,10,13,3,61,TRAINING,1,12,0,4,50761234,4e57cfd6,2096
65,1,5,10,13,3,62,TRAINING,5,4,1,0,53761204,4d57cfe6,1923
65,1,5,10,13,3,63,TRAINING,6,7,1,3,53261704,4df7c5e6,2067
65,1,5,10,13,3,64,TRAINING,3,13,1,1,53461702,4d67c5ef,2118
65,1,5,10,13,3,65,TEST,7,5,0,1,false,2527
65,1,5,10,13,3,66,TEST,0,14,1,0,false,1919
65,1,5,10,13,3,67,TEST,1,12,0,1,false,468
65,1,5,10,13,3,68,TEST,3,13,1,0,false,3635
65,1,5,10,13,3,69,TEST,4,6,0,1,false,1779
65,1,5,10,13,3,70,TEST,5,4,1,0,false,6520
65,1,5,10,13,3,71,TEST,6,7,1,1,true,811
65,1,5,10,13,3,72,TEST,2,15,0,0,true,1591
65,1,5,10,13,4,73,TRAINING,4,6,0,1,14075263,c6e54f7d,7270
65,1,5,10,13,4,74,TRAINING,0,14,1,5,14275063,c6f54e7d,2082
65,1,5,10,13,4,75,TRAINING,5,4,1,4,24175063,f6c54e7d,1850
65,1,5,10,13,4,76,TRAINING,6,7,1,2,24675013,f6754ecd,4076
65,1,5,10,13,4,77,TRAINING,0,14,1,0,04675213,e6754fcd,2870
65,1,5,10,13,4,78,TRAINING,6,7,1,2,04615273,e67c4f5d,1743
65,1,5,10,13,4,79,TRAINING,7,5,0,6,04651273,e674cf5d,1963
65,1,5,10,13,4,80,TRAINING,1,12,0,5,04652173,e674fc5d,2466
65,1,5,10,13,4,81,TRAINING,2,15,0,4,03652174,ed74fc56,3687
65,1,5,10,13,4,82,TRAINING,3,13,1,2,06352174,e7d4fc56,3936
65,1,5,10,13,4,83,TRAINING,5,4,1,6,06372154,e7d5fc46,2066
65,1,5,10,13,4,84,TRAINING,1,12,0,3,06312754,e7dcf546,3407
65,1,5,10,13,4,85,TRAINING,3,13,1,2,02316754,efdc7546,1837
65,1,5,10,13,4,86,TRAINING,4,6,0,7,02317654,efdc5746,2223
65,1,5,10,13,4,87,TRAINING,7,5,0,6,02315674,efdc4756,1666
65,1,5,10,13,4,88,TRAINING,2,15,0,1,02135674,efcd4756,3436
65,1,5,10,13,4,89,TEST,2,15,0,0,true,1018
65,1,5,10,13,4,90,TEST,1,12,0,0,true,3697
65,1,5,10,13,4,91,TEST,0,14,1,1,true,2215
65,1,5,10,13,4,92,TEST,4,6,0,1,false,1778
65,1,5,10,13,4,93,TEST,6,7,1,0,false,1435
65,1,5,10,13,4,94,TEST,7,5,0,0,true,780
65,1,5,10,13,4,95,TEST,3,13,1,0,false,1841
65,1,5,10,13,4,96,TEST,5,4,1,1,true,999
65,1,5,10,13,5,97,TRAINING,2,15,0,3,43125067,6dcf4e75,10076
65,1,5,10,13,5,98,TRAINING,5,4,1,4,34125067,d6cf4e75,4500
65,1,5,10,13,5,99,TRAINING,4,6,0,1,34125760,d6cf457e,2273
65,1,5,10,13,5,100,TRAINING,1,12,0,2,24135760,f6cd457e,1650
65,1,5,10,13,5,101,TRAINING,6,7,1,6,54132760,46cdf57e,2892
65,1,5,10,13,5,102,TRAINING,0,14,1,3,54102763,46cef57d,2107
65,1,5,10,13,5,103,TRAINING,4,6,0,1,54107263,46ce5f7d,2424
65,1,5,10,13,5,104,TRAINING,2,15,0,7,54107362,46ce5d7f,2207
65,1,5,10,13,5,105,TRAINING,7,5,0,4,64107352,76ce5d4f,2832
65,1,5,10,13,5,106,TRAINING,7,5,0,4,54107362,46ce5d7f,3192
65,1,5,10,13,5,107,TRAINING,6,7,1,6,34107562,d6ce547f,2477
65,1,5,10,13,5,108,TRAINING,1,12,0,2,24107563,f6ce547d,2136
65,1,5,10,13,5,109,TRAINING,5,4,1,5,24137560,f6cd547e,1924
65,1,5,10,13,5,110,TRAINING,0,14,1,7,42137560,6fcd547e,1969
65,1,5,10,13,5,111,TRAINING,3,13,1,3,42731560,6f5dc47e,1836
65,1,5,10,13,5,112,TRAINING,3,13,1,3,12734560,cf5d647e,2544
65,1,5,10,13,5,113,TEST,7,5,0,0,true,4087
65,1,5,10,13,5,114,TEST,3,13,1,0,false,2511
65,1,5,10,13,5,115,TEST,6,7,1,1,true,1357
65,1,5,10,13,5,116,TEST,1,12,0,0,true,1981
65,1,5,10,13,5,117,TEST,0,14,1,1,true,719
65,1,5,10,13,5,118,TEST,2,15,0,1,false,655
65,1,5,10,13,5,119,TEST,5,4,1,0,false,630
65,1,5,10,13,5,120,TEST,4,6,0,0,true,1123
65,1,5,10,13,6,121,TRAINING,7,5,0,2,30764215,de576fc4,8830
65,1,5,10,13,6,122,TRAINING,5,4,1,7,60734215,7e5d6fc4,2082
65,1,5,10,13,6,123,TRAINING,5,4,1,7,60714235,7e5c6fd4,4340
65,1,5,10,13,6,124,TRAINING,6,7,1,0,60214735,7efc65d4,3905
65,1,5,10,13,6,125,TRAINING,4,6,0,1,64210735,76fce5d4,1786
65,1,5,10,13,6,126,TRAINING,1,12,0,6,64230715,76fde5c4,1913
65,1,5,10,13,6,127,TRAINING,6,7,1,5,74230615,56fde7c4,1628
65,1,5,10,13,6,128,TRAINING,3,13,1,7,74250613,56f4e7cd,2327
65,1,5,10,13,6,129,TRAINING,4,6,0,3,75240613,54f6e7cd,2485
65,1,5,10,13,6,130,TRAINING,7,5,0,1,57240613,45f6e7cd,1771
65,1,5,10,13,6,131,TRAINING,2,15,0,2,57240163,45f6ec7d,2266
65,1,5,10,13,6,132,TRAINING,1,12,0,5,57243160,45f6dc7e,2819
65,1,5,10,13,6,133,TRAINING,0,14,1,7,56243170,47f6dc5e,2154
65,1,5,10,13,6,134,TRAINING,2,15,0,2,46253170,67f4dc5e,2138
65,1,5,10,13,6,135,TRAINING,3,13,1,5,46251370,67f4cd5e,2163
65,1,5,10,13,6,136,TRAINING,0,14,1,7,45261370,64f7cd5e,1629
65,1,5,10,13,6,137,TEST,2,15,0,0,true,3686
65,1,5,10,13,6,138,TEST,3,13,1,1,true,4883
65,1,5,10,13,6,139,TEST,6,7,1,1,true,787
65,1,5,10,13,6,140,TEST,1,12,0,0,true,811
65,1,5,10,13,6,141,TEST,7,5,0,0,true,1201
65,1,5,10,13,6,142,TEST,5,4,1,1,true,577
65,1,5,10,13,6,143,TEST,0,14,1,1,true,1934
65,1,5,10,13,6,144,TEST,4,6,0,0,true,1139
65,1,5,10,13,7,145,TRAINING,6,7,1,0,61750234,7c54efd6,7790
65,1,5,10,13,7,146,TRAINING,2,15,0,2,61250734,7cf4e5d6,2147
65,1,5,10,13,7,147,TRAINING,3,13,1,6,64250731,76f4e5dc,2118
65,1,5,10,13,7,148,TRAINING,0,14,1,4,67250431,75f4e6dc,2735
65,1,5,10,13,7,149,TRAINING,7,5,0,1,27650431,f574e6dc,2096
65,1,5,10,13,7,150,TRAINING,0,14,1,4,27450631,f564e7dc,2076
65,1,5,10,13,7,151,TRAINING,3,13,1,6,27650431,f574e6dc,1878
65,1,5,10,13,7,152,TRAINING,1,12,0,7,67250431,75f4e6dc,2126
65,1,5,10,13,7,153,TRAINING,5,4,1,3,67052431,75e4f6dc,3033
65,1,5,10,13,7,154,TRAINING,1,12,0,7,63052471,7de4f65c,2210
65,1,5,10,13,7,155,TRAINING,4,6,0,5,36052471,d7e4f65c,2596
65,1,5,10,13,7,156,TRAINING,7,5,0,3,36072451,d7e5f64c,1988
65,1,5,10,13,7,157,TRAINING,6,7,1,1,36572401,d745f6ec,2254
65,1,5,10,13,7,158,TRAINING,2,15,0,7,36571402,d745c6ef,2476
65,1,5,10,13,7,159,TRAINING,4,6,0,3,36541702,d746c5ef,2287
65,1,5,10,13,7,160,TRAINING,5,4,1,5,36741502,d756c4ef,2021
65,1,5,10,13,7,161,TEST,0,14,1,0,false,5429
65,1,5,10,13,7,162,TEST,5,4,1,1,true,1840
65,1,5,10,13,7,163,TEST,7,5,0,0,true,2121
65,1,5,10,13,7,164,TEST,4,6,0,1,false,1170
65,1,5,10,13,7,165,TEST,2,15,0,1,false,6697
65,1,5,10,13,7,166,TEST,6,7,1,1,true,2964
65,1,5,10,13,7,167,TEST,1,12,0,0,true,592
65,1,5,10,13,7,168,TEST,3,13,1,0,false,3276
65,1,5,10,13,8,169,TRAINING,5,4,1,2,64532017,764dfec5,2714
65,1,5,10,13,8,170,TRAINING,1,12,0,6,64502317,764efdc5,2098
65,1,5,10,13,8,171,TRAINING,2,15,0,4,60542317,7e46fdc5,3611
65,1,5,10,13,8,172,TRAINING,4,6,0,7,60572314,7e45fdc6,6903
65,1,5,10,13,8,173,TRAINING,4,6,0,7,61572304,7c45fde6,2252
65,1,5,10,13,8,174,TRAINING,7,5,0,3,31572604,dc45f7e6,1767
65,1,5,10,13,8,175,TRAINING,2,15,0,4,01572634,ec45f7d6,1889
65,1,5,10,13,8,176,TRAINING,1,12,0,1,61572034,7c45fed6,2092
65,1,5,10,13,8,177,TRAINING,6,7,1,0,61542037,7c46fed5,1585
65,1,5,10,13,8,178,TRAINING,7,5,0,7,61452037,7c64fed5,2156
65,1,5,10,13,8,179,TRAINING,0,14,1,5,62451037,7f64ced5,1941
65,1,5,10,13,8,180,TRAINING,6,7,1,0,62541037,7f46ced5,3144
65,1,5,10,13,8,181,TRAINING,3,13,1,3,62531047,7f4dce65,2190
65,1,5,10,13,8,182,TRAINING,5,4,1,1,65231047,74fdce65,4296
65,1,5,10,13,8,183,TRAINING,3,13,1,3,65231074,74fdce56,2331
65,1,5,10,13,8,184,TRAINING,0,14,1,0,05231674,e4fdc756,2139
65,1,5,10,13,8,185,TEST,0,14,1,1,true,1692
65,1,5,10,13,8,186,TEST,6,7,1,1,true,2995
65,1,5,10,13,8,187,TEST,4,6,0,0,true,936
65,1,5,10,13,8,188,TEST,7,5,0,1,false,3074
65,1,5,10,13,8,189,TEST,1,12,0,0,true,1233
65,1,5,10,13,8,190,TEST,5,4,1,1,true,483
65,1,5,10,13,8,191,TEST,3,13,1,0,false,3619
65,1,5,10,13,8,192,TEST,2,15,0,1,false,608
65,1,5,10,13,9,193,TRAINING,3,13,1,5,10675324,ce754df6,3245
65,1,5,10,13,9,194,TRAINING,3,13,1,5,16075324,c7e54df6,2628
65,1,5,10,13,9,195,TRAINING,6,7,1,4,15076324,c4e57df6,8619
65,1,5,10,13,9,196,TRAINING,0,14,1,0,05176324,e4c57df6,2021
65,1,5,10,13,9,197,TRAINING,1,12,0,2,05136724,e4cd75f6,1971
65,1,5,10,13,9,198,TRAINING,5,4,1,1,05137624,e4cd57f6,1685
65,1,5,10,13,9,199,TRAINING,0,14,1,3,35107624,d4ce57f6,1758
65,1,5,10,13,9,200,TRAINING,6,7,1,5,35701624,d45ec7f6,2392
65,1,5,10,13,9,201,TRAINING,4,6,0,7,53701624,4d5ec7f6,2199
65,1,5,10,13,9,202,TRAINING,7,5,0,2,35701624,d45ec7f6,4383
65,1,5,10,13,9,203,TRAINING,4,6,0,7,35710624,d45ce7f6,2939
65,1,5,10,13,9,204,TRAINING,1,12,0,3,36710524,d75ce4f6,1808
65,1,5,10,13,9,205,TRAINING,2,15,0,6,35710624,d45ce7f6,2471
65,1,5,10,13,9,206,TRAINING,5,4,1,1,45710623,645ce7fd,2080
65,1,5,10,13,9,207,TRAINING,7,5,0,2,35710624,d45ce7f6,2107
65,1,5,10,13,9,208,TRAINING,2,15,0,3,35720614,d45fe7c6,1633
65,1,5,10,13,9,209,TEST,7,5,0,0,true,2315
65,1,5,10,13,9,210,TEST,6,7,1,0,false,2750
65,1,5,10,13,9,211,TEST,3,13,1,0,false,1030
65,1,5,10,13,9,212,TEST,4,6,0,0,true,2892
65,1,5,10,13,9,213,TEST,0,14,1,0,false,921
65,1,5,10,13,9,214,TEST,2,15,0,0,true,671
65,1,5,10,13,9,215,TEST,5,4,1,1,true,546
65,1,5,10,13,9,216,TEST,1,12,0,1,false,577
65,1,5,10,13,10,217,TRAINING,4,6,0,0,45602317,647efdc5,4540
65,1,5,10,13,10,218,TRAINING,7,5,0,6,45602371,647efd5c,2029
65,1,5,10,13,10,219,TRAINING,0,14,1,4,45620371,647fed5c,4279
65,1,5,10,13,10,220,TRAINING,2,15,0,3,54620371,467fed5c,2007
65,1,5,10,13,10,221,TRAINING,7,5,0,2,54720361,465fed7c,1666
65,1,5,10,13,10,222,TRAINING,5,4,1,0,54721360,465fcd7e,1825
65,1,5,10,13,10,223,TRAINING,4,6,0,1,54712360,465cfd7e,2025
65,1,5,10,13,10,224,TRAINING,0,14,1,6,54712306,465cfde7,2412
65,1,5,10,13,10,225,TRAINING,3,13,1,5,54721306,465fcde7,1986
65,1,5,10,13,10,226,TRAINING,1,12,0,4,74521306,564fcde7,3576
65,1,5,10,13,10,227,TRAINING,6,7,1,7,54721306,465fcde7,2314
65,1,5,10,13,10,228,TRAINING,3,13,1,5,54021376,46efcd57,1800
65,1,5,10,13,10,229,TRAINING,2,15,0,4,54012376,46ecfd57,2171
65,1,5,10,13,10,230,TRAINING,6,7,1,7,14052376,c6e4fd57,2299
65,1,5,10,13,10,231,TRAINING,5,4,1,3,13052476,cde4f657,1899
65,1,5,10,13,10,232,TRAINING,1,12,0,0,12053476,cfe4d657,1934
65,1,5,10,13,10,233,TEST,7,5,0,1,false,952
65,1,5,10,13,10,234,TEST,4,6,0,1,false,4481
65,1,5,10,13,10,235,TEST,3,13,1,0,false,1295
65,1,5,10,13,10,236,TEST,5,4,1,1,true,452
65,1,5,10,13,10,237,TEST,1,12,0,1,false,3822
65,1,5,10,13,10,238,TEST,2,15,0,0,true,468
65,1,5,10,13,10,239,TEST,0,14,1,0,false,1826
65,1,5,10,13,10,240,TEST,6,7,1,1,true,1030
65,1,5,10,13,11,241,TRAINING,4,6,0,4,32164057,dfc76e45,1669
65,1,5,10,13,11,242,TRAINING,0,14,1,5,32614057,df7c6e45,2345
65,1,5,10,13,11,243,TRAINING,1,12,0,1,31624057,dc7f6e45,1650
65,1,5,10,13,11,244,TRAINING,1,12,0,1,31724056,dc5f6e47,2158
65,1,5,10,13,11,245,TRAINING,2,15,0,3,31720456,dc5fe647,2148
65,1,5,10,13,11,246,TRAINING,7,5,0,2,31725406,dc5f46e7,2851
65,1,5,10,13,11,247,TRAINING,3,13,1,4,51723406,4c5fd6e7,2049
65,1,5,10,13,11,248,TRAINING,4,6,0,5,51723460,4c5fd67e,2080
65,1,5,10,13,11,249,TRAINING,5,4,1,0,52713460,4f5cd67e,1906
65,1,5,10,13,11,250,TRAINING,3,13,1,3,52731460,4f5dc67e,1893
65,1,5,10,13,11,251,TRAINING,0,14,1,7,57231460,45fdc67e,1779
65,1,5,10,13,11,252,TRAINING,7,5,0,1,57234160,45fd6c7e,1686
65,1,5,10,13,11,253,TRAINING,2,15,0,2,57231460,45fdc67e,1995
65,1,5,10,13,11,254,TRAINING,5,4,1,0,57236410,45fd76ce,1788
65,1,5,10,13,11,255,TRAINING,6,7,1,4,57236014,45fd7ec6,2313
65,1,5,10,13,11,256,TRAINING,6,7,1,4,57136024,45cd7ef6,1666
65,1,5,10,13,11,257,TEST,1,12,0,1,false,3495
65,1,5,10,13,11,258,TEST,4,6,0,1,false,1745
65,1,5,10,13,11,259,TEST,0,14,1,0,false,951
65,1,5,10,13,11,260,TEST,3,13,1,1,true,3105
65,1,5,10,13,11,261,TEST,6,7,1,0,false,453
65,1,5,10,13,11,262,TEST,5,4,1,1,true,1669
65,1,5,10,13,11,263,TEST,2,15,0,0,true,858
65,1,5,10,13,11,264,TEST,7,5,0,0,true,578
65,1,5,10,13,12,265,TRAINING,3,13,1,5,02476315,ef657dc4,11341
65,1,5,10,13,12,266,TRAINING,5,4,1,0,52476310,4f657dce,2164
65,1,5,10,13,12,267,TRAINING,6,7,1,4,57426310,456f7dce,4980
65,1,5,10,13,12,268,TRAINING,0,14,1,7,57326410,45df76ce,2286
65,1,5,10,13,12,269,TRAINING,2,15,0,3,57326140,45df7c6e,1546
65,1,5,10,13,12,270,TRAINING,6,7,1,4,57126340,45cf7d6e,2851
65,1,5,10,13,12,271,TRAINING,7,5,0,0,75126340,54cf7d6e,1683
65,1,5,10,13,12,272,TRAINING,1,12,0,3,75216340,54fc7d6e,2018
65,1,5,10,13,12,273,TRAINING,3,13,1,5,74216350,56fc7d4e,1899
65,1,5,10,13,12,274,TRAINING,4,6,0,2,72416350,5f6c7d4e,1987
65,1,5,10,13,12,275,TRAINING,0,14,1,4,72410356,5f6ced47,2161
65,1,5,10,13,12,276,TRAINING,2,15,0,1,72460351,5f67ed4c,1924
65,1,5,10,13,12,277,TRAINING,4,6,0,2,52460371,4f67ed5c,2442
65,1,5,10,13,12,278,TRAINING,1,12,0,6,52460317,4f67edc5,1486
65,1,5,10,13,12,279,TRAINING,5,4,1,0,56420317,476fedc5,1737
65,1,5,10,13,12,280,TRAINING,7,5,0,1,57420316,456fedc7,1549
65,1,5,10,13,12,281,TEST,5,4,1,0,false,1919
65,1,5,10,13,12,282,TEST,4,6,0,1,false,1295
65,1,5,10,13,12,283,TEST,7,5,0,1,false,3947
65,1,5,10,13,12,284,TEST,2,15,0,0,true,858
65,1,5,10,13,12,285,TEST,1,12,0,0,true,2278
65,1,5,10,13,12,286,TEST,0,14,1,1,true,1411
65,1,5,10,13,12,287,TEST,6,7,1,0,false,686
65,1,5,10,13,12,288,TEST,3,13,1,0,false,2278
65,1,5,10,13,13,289,TRAINING,6,7,1,7,24370156,f6d5ec47,1606
65,1,5,10,13,13,290,TRAINING,1,12,0,5,25370146,f4d5ec67,5764
65,1,5,10,13,13,291,TRAINING,1,12,0,5,25073146,f4e5dc67,1325
65,1,5,10,13,13,292,TRAINING,2,15,0,1,52073146,4fe5dc67,1807
65,1,5,10,13,13,293,TRAINING,3,13,1,4,72053146,5fe4dc67,2023
65,1,5,10,13,13,294,TRAINING,6,7,1,0,62053147,7fe4dc65,1745
65,1,5,10,13,13,295,TRAINING,7,5,0,7,62053417,7fe4d6c5,4049
65,1,5,10,13,13,296,TRAINING,0,14,1,2,62053147,7fe4dc65,1628
65,1,5,10,13,13,297,TRAINING,2,15,0,1,42053167,6fe4dc75,1816
65,1,5,10,13,13,298,TRAINING,5,4,1,3,42057163,6fe45c7d,1681
65,1,5,10,13,13,299,TRAINING,4,6,0,6,62057143,7fe45c6d,1629
65,1,5,10,13,13,300,TRAINING,7,5,0,7,62053147,7fe4dc65,2018
65,1,5,10,13,13,301,TRAINING,5,4,1,3,32056147,dfe47c65,2542
65,1,5,10,13,13,302,TRAINING,0,14,1,5,32156047,dfc47e65,1843
65,1,5,10,13,13,303,TRAINING,3,13,1,0,36152047,d7c4fe65,1794
65,1,5,10,13,13,304,TRAINING,4,6,0,7,36152074,d7c4fe56,2004
65,1,5,10,13,13,305,TEST,3,13,1,1,true,2689
65,1,5,10,13,13,306,TEST,2,15,0,1,false,1529
65,1,5,10,13,13,307,TEST,0,14,1,0,false,1139
65,1,5,10,13,13,308,TEST,1,12,0,0,true,1061
65,1,5,10,13,13,309,TEST,7,5,0,1,false,889
65,1,5,10,13,13,310,TEST,6,7,1,0,false,686
65,1,5,10,13,13,311,TEST,4,6,0,1,false,764
65,1,5,10,13,13,312,TEST,5,4,1,1,true,2933
65,1,5,10,13,14,313,TRAINING,4,6,0,5,02175463,efc5467d,1233
65,1,5,10,13,14,314,TRAINING,1,12,0,2,20175463,fec5467d,5825
65,1,5,10,13,14,315,TRAINING,1,12,0,2,70125463,5ecf467d,1422
65,1,5,10,13,14,316,TRAINING,3,13,1,7,50127463,4ecf567d,1842
65,1,5,10,13,14,317,TRAINING,5,4,1,6,60127453,7ecf564d,1704
65,1,5,10,13,14,318,TRAINING,4,6,0,2,60427153,7e6f5c4d,2236
65,1,5,10,13,14,319,TRAINING,6,7,1,0,60423157,7e6fdc45,4356
65,1,5,10,13,14,320,TRAINING,7,5,0,3,60473152,7e65dc4f,2600
65,1,5,10,13,14,321,TRAINING,5,4,1,6,60374152,7ed56c4f,3250
65,1,5,10,13,14,322,TRAINING,7,5,0,3,63074152,7de56c4f,1809
65,1,5,10,13,14,323,TRAINING,2,15,0,7,64073152,76e5dc4f,1742
65,1,5,10,13,14,324,TRAINING,6,7,1,0,64075132,76e54cdf,1652
65,1,5,10,13,14,325,TRAINING,0,14,1,2,61075432,7ce546df,2143
65,1,5,10,13,14,326,TRAINING,2,15,0,7,61073452,7ce5d64f,1861
65,1,5,10,13,14,327,TRAINING,3,13,1,4,61043752,7ce6d54f,2207
65,1,5,10,13,14,328,TRAINING,0,14,1,2,61043572,7ce6d45f,1729
65,1,5,10,13,14,329,TEST,5,4,1,1,true,1600
65,1,5,10,13,14,330,TEST,6,7,1,0,false,749
65,1,5,10,13,14,331,TEST,2,15,0,0,true,3530
65,1,5,10,13,14,332,TEST,0,14,1,1,true,468
65,1,5,10,13,14,333,TEST,1,12,0,1,false,422
65,1,5,10,13,14,334,TEST,7,5,0,1,false,1186
65,1,5,10,13,14,335,TEST,4,6,0,1,false,876
65,1,5,10,13,14,336,TEST,3,13,1,0,false,1388
65,1,5,10,13,15,337,TRAINING,0,14,1,4,53140762,4dc6e57f,1737
65,1,5,10,13,15,338,TRAINING,6,7,1,1,56140732,47c6e5df,6405
65,1,5,10,13,15,339,TRAINING,6,7,1,1,56130742,47cde56f,1600
65,1,5,10,13,15,340,TRAINING,2,15,0,2,56230741,47fde56c,1917
65,1,5,10,13,15,341,TRAINING,0,14,1,4,56230147,47fdec65,2174
65,1,5,10,13,15,342,TRAINING,1,12,0,5,65230147,74fdec65,1927
65,1,5,10,13,15,343,TRAINING,2,15,0,6,65430127,746decf5,1787
65,1,5,10,13,15,344,TRAINING,7,5,0,7,60435127,7e6d4cf5,1894
65,1,5,10,13,15,345,TRAINING,4,6,0,2,50436127,4e6d7cf5,1911
65,1,5,10,13,15,346,TRAINING,7,5,0,7,50436217,4e6d7fc5,1871
65,1,5,10,13,15,347,TRAINING,3,13,1,1,53406217,4d6e7fc5,2692
65,1,5,10,13,15,348,TRAINING,4,6,0,2,03456217,ed647fc5,1841
65,1,5,10,13,15,349,TRAINING,5,4,1,3,03452617,ed64f7c5,1777
65,1,5,10,13,15,350,TRAINING,3,13,1,1,03456217,ed647fc5,1594
65,1,5,10,13,15,351,TRAINING,5,4,1,3,13456207,cd647fe5,1779
65,1,5,10,13,15,352,TRAINING,1,12,0,4,63451207,7d64cfe5,2046
65,1,5,10,13,15,353,TEST,2,15,0,1,false,1040
65,1,5,10,13,15,354,TEST,4,6,0,0,true,639
65,1,5,10,13,15,355,TEST,6,7,1,1,true,421
65,1,5,10,13,15,356,TEST,1,12,0,0,true,1513
65,1,5,10,13,15,357,TEST,0,14,1,1,true,484
65,1,5,10,13,15,358,TEST,7,5,0,1,false,375
65,1,5,10,13,15,359,TEST,3,13,1,1,true,406
65,1,5,10,13,15,360,TEST,5,4,1,1,true,435
65,1,5,10,13,16,361,TRAINING,4,6,0,3,26743105,f756dce4,3011
65,1,5,10,13,16,362,TRAINING,3,13,1,4,26043175,f7e6dc54,2530
65,1,5,10,13,16,363,TRAINING,6,7,1,1,56043172,47e6dc5f,1931
65,1,5,10,13,16,364,TRAINING,0,14,1,3,56403172,476edc5f,1677
65,1,5,10,13,16,365,TRAINING,1,12,0,5,56304172,47de6c5f,2054
65,1,5,10,13,16,366,TRAINING,0,14,1,3,26304175,f7de6c54,6609
65,1,5,10,13,16,367,TRAINING,5,4,1,7,26704135,f75e6cd4,1592
65,1,5,10,13,16,368,TRAINING,1,12,0,2,26104735,f7ce65d4,2307
65,1,5,10,13,16,369,TRAINING,2,15,0,0,26107435,f7ce56d4,1923
65,1,5,10,13,16,370,TRAINING,3,13,1,6,25107436,f4ce56d7,7386
65,1,5,10,13,16,371,TRAINING,7,5,0,2,25701436,f45ec6d7,1751
65,1,5,10,13,16,372,TRAINING,7,5,0,2,65701432,745ec6df,1597
65,1,5,10,13,16,373,TRAINING,4,6,0,0,45701632,645ec7df,2553
65,1,5,10,13,16,374,TRAINING,6,7,1,7,45701236,645ecfd7,1832
65,1,5,10,13,16,375,TRAINING,2,15,0,5,41705236,6c5e4fd7,1534
65,1,5,10,13,16,376,TRAINING,5,4,1,4,47105236,65ce4fd7,1601
65,1,5,10,13,16,377,TEST,6,7,1,0,false,2761
65,1,5,10,13,16,378,TEST,2,15,0,1,false,1996
65,1,5,10,13,16,379,TEST,1,12,0,0,true,1545
65,1,5,10,13,16,380,TEST,7,5,0,1,false,1732
65,1,5,10,13,16,381,TEST,5,4,1,1,true,4789
65,1,5,10,13,16,382,TEST,0,14,1,0,false,764
65,1,5,10,13,16,383,TEST,3,13,1,1,true,1154
65,1,5,10,13,16,384,TEST,4,6,0,0,true,2152
65,1,5,10,13,17,385,TRAINING,6,7,1,2,13607425,cd7e56f4,2652
65,1,5,10,13,17,386,TRAINING,2,15,0,6,13647025,cd765ef4,3749
65,1,5,10,13,17,387,TRAINING,5,4,1,3,13657024,cd745ef6,2137
65,1,5,10,13,17,388,TRAINING,7,5,0,5,13650724,cd74e5f6,1930
65,1,5,10,13,17,389,TRAINING,7,5,0,5,63150724,7dc4e5f6,1771
65,1,5,10,13,17,390,TRAINING,1,12,0,2,63150742,7dc4e56f,3213
65,1,5,10,13,17,391,TRAINING,5,4,1,1,65130742,74cde56f,1570
65,1,5,10,13,17,392,TRAINING,0,14,1,4,65120743,74cfe56d,1725
65,1,5,10,13,17,393,TRAINING,0,14,1,4,45120763,64cfe57d,1784
65,1,5,10,13,17,394,TRAINING,1,12,0,6,45620713,647fe5cd,1528
65,1,5,10,13,17,395,TRAINING,4,6,0,0,45320716,64dfe5c7,1773
65,1,5,10,13,17,396,TRAINING,4,6,0,0,45720316,645fedc7,1521
65,1,5,10,13,17,397,TRAINING,3,13,1,5,45760312,6457edcf,1940
65,1,5,10,13,17,398,TRAINING,2,15,0,4,45762310,6457fdce,2565
65,1,5,10,13,17,399,TRAINING,3,13,1,5,45062317,64e7fdc5,1889
65,1,5,10,13,17,400,TRAINING,6,7,1,3,40562317,6e47fdc5,1741
65,1,5,10,13,17,401,TEST,2,15,0,0,true,2407
65,1,5,10,13,17,402,TEST,7,5,0,1,false,670
65,1,5,10,13,17,403,TEST,6,7,1,1,true,561
65,1,5,10,13,17,404,TEST,0,14,1,0,false,2418
65,1,5,10,13,17,405,TEST,4,6,0,0,true,597
65,1,5,10,13,17,406,TEST,1,12,0,0,true,998
65,1,5,10,13,17,407,TEST,3,13,1,1,true,391
65,1,5,10,13,17,408,TEST,5,4,1,0,false,1033
65,1,5,10,13,18,409,TRAINING,4,6,0,6,70153246,5ec4df67,6178
65,1,5,10,13,18,410,TRAINING,2,15,0,5,70163245,5ec7df64,1688
65,1,5,10,13,18,411,TRAINING,7,5,0,2,10763245,ce57df64,2047
65,1,5,10,13,18,412,TRAINING,4,6,0,6,10736245,ce5d7f64,1956
65,1,5,10,13,18,413,TRAINING,3,13,1,3,16730245,c75def64,2905
65,1,5,10,13,18,414,TRAINING,1,12,0,0,16732045,c75dfe64,1789
65,1,5,10,13,18,415,TRAINING,7,5,0,2,12736045,cf5d7e64,1928
65,1,5,10,13,18,416,TRAINING,5,4,1,3,12756043,cf547e6d,5094
65,1,5,10,13,18,417,TRAINING,3,13,1,7,12754063,cf546e7d,1536
65,1,5,10,13,18,418,TRAINING,6,7,1,6,72154063,5fc46e7d,1550
65,1,5,10,13,18,419,TRAINING,1,12,0,2,27154063,f5c46e7d,1549
65,1,5,10,13,18,420,TRAINING,2,15,0,0,27145063,f5c64e7d,1952
65,1,5,10,13,18,421,TRAINING,0,14,1,6,27145603,f5c647ed,1874
65,1,5,10,13,18,422,TRAINING,5,4,1,4,27165403,f5c746ed,1604
65,1,5,10,13,18,423,TRAINING,6,7,1,7,27135406,f5cd46e7,2373
65,1,5,10,13,18,424,TRAINING,0,14,1,1,20135476,fecd4657,2463
65,1,5,10,13,18,425,TEST,7,5,0,1,false,1436
65,1,5,10,13,18,426,TEST,2,15,0,0,true,2933
65,1,5,10,13,18,427,TEST,1,12,0,1,false,1342
65,1,5,10,13,18,428,TEST,6,7,1,1,true,390
65,1,5,10,13,18,429,TEST,5,4,1,1,true,592
65,1,5,10,13,18,430,TEST,3,13,1,0,false,1463
65,1,5,10,13,18,431,TEST,4,6,0,1,false,609
65,1,5,10,13,18,432,TEST,0,14,1,0,false,468
65,1,5,10,13,19,433,TRAINING,5,4,1,3,04153672,e6c4d75f,4602
65,1,5,10,13,19,434,TRAINING,7,5,0,2,04753612,e654d7cf,2301
65,1,5,10,13,19,435,TRAINING,4,6,0,1,04753621,e654d7fc,3532
65,1,5,10,13,19,436,TRAINING,3,13,1,3,04735621,e65d47fc,1824
65,1,5,10,13,19,437,TRAINING,3,13,1,3,04135627,e6cd47f5,1578
65,1,5,10,13,19,438,TRAINING,6,7,1,5,74135620,56cd47fe,2056
65,1,5,10,13,19,439,TRAINING,4,6,0,7,70135624,5ecd47f6,2516
65,1,5,10,13,19,440,TRAINING,7,5,0,0,75130624,54cde7f6,2359
65,1,5,10,13,19,441,TRAINING,1,12,0,2,75136024,54cd7ef6,1752
65,1,5,10,13,19,442,TRAINING,1,12,0,2,75136042,54cd7e6f,1833
65,1,5,10,13,19,443,TRAINING,0,14,1,5,57136042,45cd7e6f,1648
65,1,5,10,13,19,444,TRAINING,5,4,1,3,37156042,d5c47e6f,1857
65,1,5,10,13,19,445,TRAINING,2,15,0,7,37456012,d5647ecf,1615
65,1,5,10,13,19,446,TRAINING,0,14,1,5,47356012,65d47ecf,2197
65,1,5,10,13,19,447,TRAINING,6,7,1,4,45376012,64d57ecf,1928
65,1,5,10,13,19,448,TRAINING,2,15,0,7,54376012,46d57ecf,1627
65,1,5,10,13,19,449,TEST,2,15,0,0,true,764
65,1,5,10,13,19,450,TEST,4,6,0,1,false,933
65,1,5,10,13,19,451,TEST,0,14,1,0,false,982
65,1,5,10,13,19,452,TEST,1,12,0,1,false,748
65,1,5,10,13,19,453,TEST,3,13,1,1,true,655
65,1,5,10,13,19,454,TEST,5,4,1,0,false,483
65,1,5,10,13,19,455,TEST,6,7,1,1,true,483
65,1,5,10,13,19,456,TEST,7,5,0,1,false,608
65,1,5,10,13,INSTRUCT,postquestionnaire,5

rulestrategy:I tried to narrow it down by just concentrating on what went with just one letter instead of both A and B.
howtoimprove:The experiment was fine and tested ones ability to concentrate.
engagement:10
difficulty:9
physicalaids:no