66,0,3,19,11,INSTRUCT,instruct1,22094
66,0,3,19,11,INSTRUCT,instructCatExample,16750
66,0,3,19,11,INSTRUCT,instructCatColor,9689
66,0,3,19,11,INSTRUCT,instructCatStripe,14267
66,0,3,19,11,INSTRUCT,instructDemoIntro,31887
66,0,3,19,11,INSTRUCT,instructDemo,294117
66,0,3,19,11,INSTRUCT,instructTest,38664
66,0,3,19,11,INSTRUCT,instructTest2,42111
66,0,3,19,11,INSTRUCT,instructDimColor,36159
66,0,3,19,11,INSTRUCT,instructDimBorder,5142
66,0,3,19,11,INSTRUCT,instructDimDots,7777
66,0,3,19,11,INSTRUCT,instructDimStripe,7311
66,0,3,19,11,INSTRUCT,instructDimAll,50256
66,0,3,19,11,INSTRUCT,instructFinal,66600
66,0,3,19,11,1,1,TRAINING,2,9,1,0,20341657,9d8fcbea,16609
66,0,3,19,11,1,2,TRAINING,0,13,1,1,20143657,9dcf8bea,4033
66,0,3,19,11,1,3,TRAINING,6,11,0,5,20145637,9dcfeb8a,16271
66,0,3,19,11,1,4,TRAINING,3,8,0,6,50142637,edcf9b8a,13487
66,0,3,19,11,1,5,TRAINING,5,14,0,0,52140637,e9cfdb8a,3655
66,0,3,19,11,1,6,TRAINING,0,13,1,4,54120637,efc9db8a,7624
66,0,3,19,11,1,7,TRAINING,1,12,1,5,54620137,efb9dc8a,4780
66,0,3,19,11,1,8,TRAINING,4,15,1,1,64520137,bfe9dc8a,1183
66,0,3,19,11,1,9,TRAINING,0,13,1,4,64320157,bf89dcea,12449
66,0,3,19,11,1,10,TRAINING,4,15,1,1,64120357,bfc9d8ea,3418
66,0,3,19,11,1,11,TRAINING,3,8,0,0,34120657,8fc9dbea,11779
66,0,3,19,11,1,12,TRAINING,1,12,1,2,34160257,8fcbd9ea,3377
66,0,3,19,11,1,13,TRAINING,7,10,0,6,34160275,8fcbd9ae,13966
66,0,3,19,11,1,14,TRAINING,6,11,0,3,30164275,8dcbf9ae,1542
66,0,3,19,11,1,15,TRAINING,3,8,0,0,30165274,8dcbe9af,3319
66,0,3,19,11,1,16,TRAINING,2,9,1,4,30162574,8dcb9eaf,5605
66,0,3,19,11,1,17,TEST,1,12,1,1,true,4322
66,0,3,19,11,1,18,TEST,7,10,0,0,true,1852
66,0,3,19,11,1,19,TEST,5,14,0,0,true,1195
66,0,3,19,11,1,20,TEST,3,8,0,1,false,1403
66,0,3,19,11,1,21,TEST,4,15,1,0,false,1244
66,0,3,19,11,1,22,TEST,6,11,0,0,true,1668
66,0,3,19,11,1,23,TEST,2,9,1,1,true,2523
66,0,3,19,11,1,24,TEST,0,13,1,1,true,748
66,0,3,19,11,2,25,TRAINING,7,10,0,1,17254063,ca9efdb8,22140
66,0,3,19,11,2,26,TRAINING,6,11,0,6,17250463,ca9edfb8,2531
66,0,3,19,11,2,27,TRAINING,5,14,0,3,37250461,8a9edfbc,21259
66,0,3,19,11,2,28,TRAINING,6,11,0,6,37254061,8a9efdbc,10152
66,0,3,19,11,2,29,TRAINING,3,8,0,0,37254160,8a9efcbd,9787
66,0,3,19,11,2,30,TRAINING,0,13,1,1,30254167,8d9efcba,5770
66,0,3,19,11,2,31,TRAINING,4,15,1,4,30274165,8d9afcbe,14456
66,0,3,19,11,2,32,TRAINING,2,9,1,6,30674125,8dbafc9e,14482
66,0,3,19,11,2,33,TRAINING,6,11,0,3,30764125,8dabfc9e,1209
66,0,3,19,11,2,34,TRAINING,6,11,0,3,34760125,8fabdc9e,8834
66,0,3,19,11,2,35,TRAINING,4,15,1,0,43760125,f8abdc9e,10852
66,0,3,19,11,2,36,TRAINING,3,8,0,1,43761025,f8abcd9e,11627
66,0,3,19,11,2,37,TRAINING,2,9,1,5,43761205,f8abc9de,1249
66,0,3,19,11,2,38,TRAINING,6,11,0,3,43061275,f8dbc9ae,1258
66,0,3,19,11,2,39,TRAINING,6,11,0,3,47061235,fadbc98e,3024
66,0,3,19,11,2,40,TRAINING,4,15,1,0,47261035,fa9bcd8e,1313
66,0,3,19,11,2,41,TEST,6,11,0,0,true,6265
66,0,3,19,11,2,42,TEST,0,13,1,1,true,1545
66,0,3,19,11,2,43,TEST,1,12,1,1,true,765
66,0,3,19,11,2,44,TEST,2,9,1,0,false,1931
66,0,3,19,11,2,45,TEST,5,14,0,1,false,1812
66,0,3,19,11,2,46,TEST,7,10,0,0,true,1258
66,0,3,19,11,2,47,TEST,4,15,1,1,true,6868
66,0,3,19,11,2,48,TEST,3,8,0,0,true,1035
66,0,3,19,11,3,49,TRAINING,6,11,0,0,65043721,bedf8a9c,13045
66,0,3,19,11,3,50,TRAINING,7,10,0,5,65034721,bed8fa9c,3259
66,0,3,19,11,3,51,TRAINING,5,14,0,2,60534721,bde8fa9c,23138
66,0,3,19,11,3,52,TRAINING,4,15,1,6,60532741,bde89afc,5723
66,0,3,19,11,3,53,TRAINING,5,14,0,2,63502741,b8ed9afc,16773
66,0,3,19,11,3,54,TRAINING,3,8,0,0,36502741,8bed9afc,5159
66,0,3,19,11,3,55,TRAINING,6,11,0,1,36502714,8bed9acf,3280
66,0,3,19,11,3,56,TRAINING,5,14,0,5,36702514,8bad9ecf,1578
66,0,3,19,11,3,57,TRAINING,7,10,0,2,46702513,fbad9ec8,4993
66,0,3,19,11,3,58,TRAINING,0,13,1,4,46720513,fba9dec8,1490
66,0,3,19,11,3,59,TRAINING,5,14,0,5,43720516,f8a9decb,3451
66,0,3,19,11,3,60,TRAINING,4,15,1,6,13720546,c8a9defb,2169
66,0,3,19,11,3,61,TRAINING,6,11,0,7,03721546,d8a9cefb,1850
66,0,3,19,11,3,62,TRAINING,0,13,1,0,03725146,d8a9ecfb,1242
66,0,3,19,11,3,63,TRAINING,7,10,0,2,03745126,d8afec9b,5168
66,0,3,19,11,3,64,TRAINING,2,9,1,6,05743126,deaf8c9b,2716
66,0,3,19,11,3,65,TEST,2,9,1,1,true,1523
66,0,3,19,11,3,66,TEST,4,15,1,1,true,772
66,0,3,19,11,3,67,TEST,5,14,0,0,true,1100
66,0,3,19,11,3,68,TEST,3,8,0,0,true,612
66,0,3,19,11,3,69,TEST,0,13,1,0,false,765
66,0,3,19,11,3,70,TEST,1,12,1,0,false,948
66,0,3,19,11,3,71,TEST,6,11,0,1,false,1397
66,0,3,19,11,3,72,TEST,7,10,0,0,true,1332
66,0,3,19,11,4,73,TRAINING,2,9,1,0,21570364,9cead8bf,7276
66,0,3,19,11,4,74,TRAINING,3,8,0,5,21670354,9cbad8ef,1417
66,0,3,19,11,4,75,TRAINING,1,12,1,1,21675304,9cbae8df,8226
66,0,3,19,11,4,76,TRAINING,4,15,1,4,21674305,9cbaf8de,4035
66,0,3,19,11,4,77,TRAINING,6,11,0,0,61274305,bc9af8de,1847
66,0,3,19,11,4,78,TRAINING,1,12,1,1,61274035,bc9afd8e,5304
66,0,3,19,11,4,79,TRAINING,0,13,1,5,61254037,bc9efd8a,4268
66,0,3,19,11,4,80,TRAINING,4,15,1,4,61234057,bc98fdea,8540
66,0,3,19,11,4,81,TRAINING,2,9,1,2,61234075,bc98fdae,5833
66,0,3,19,11,4,82,TRAINING,6,11,0,3,31264075,8c9bfdae,3100
66,0,3,19,11,4,83,TRAINING,5,14,0,7,31267045,8c9badfe,1825
66,0,3,19,11,4,84,TRAINING,3,8,0,6,41267035,fc9bad8e,1873
66,0,3,19,11,4,85,TRAINING,2,9,1,2,71264035,ac9bfd8e,2759
66,0,3,19,11,4,86,TRAINING,6,11,0,3,71265034,ac9bed8f,1305
66,0,3,19,11,4,87,TRAINING,4,15,1,0,41265037,fc9bed8a,17227
66,0,3,19,11,4,88,TRAINING,6,11,0,3,41263057,fc9b8dea,5016
66,0,3,19,11,4,89,TEST,7,10,0,0,true,2840
66,0,3,19,11,4,90,TEST,1,12,1,1,true,947
66,0,3,19,11,4,91,TEST,4,15,1,1,true,732
66,0,3,19,11,4,92,TEST,2,9,1,1,true,628
66,0,3,19,11,4,93,TEST,3,8,0,0,true,1172
66,0,3,19,11,4,94,TEST,5,14,0,1,false,973
66,0,3,19,11,4,95,TEST,6,11,0,0,true,1981
66,0,3,19,11,4,96,TEST,0,13,1,1,true,1135
66,0,3,19,11,5,97,TRAINING,1,12,1,2,23170564,98cadebf,3756
66,0,3,19,11,5,98,TRAINING,4,15,1,7,73120564,a8c9debf,11443
66,0,3,19,11,5,99,TRAINING,3,8,0,4,70123564,adc98ebf,8259
66,0,3,19,11,5,100,TRAINING,2,9,1,0,20173564,9dca8ebf,4091
66,0,3,19,11,5,101,TRAINING,6,11,0,3,20163574,9dcb8eaf,4896
66,0,3,19,11,5,102,TRAINING,7,10,0,4,20167534,9dcbae8f,21698
66,0,3,19,11,5,103,TRAINING,2,9,1,0,20167543,9dcbaef8,8275
66,0,3,19,11,5,104,TRAINING,0,13,1,1,20157643,9dceabf8,971
66,0,3,19,11,5,105,TRAINING,3,8,0,7,20457613,9dfeabc8,6824
66,0,3,19,11,5,106,TRAINING,2,9,1,0,20475613,9dfaebc8,1995
66,0,3,19,11,5,107,TRAINING,7,10,0,3,24075613,9fdaebc8,2154
66,0,3,19,11,5,108,TRAINING,3,8,0,1,23075614,98daebcf,1906
66,0,3,19,11,5,109,TRAINING,7,10,0,3,03275614,d89aebcf,5488
66,0,3,19,11,5,110,TRAINING,4,15,1,7,03572614,d8ea9bcf,5765
66,0,3,19,11,5,111,TRAINING,1,12,1,1,01572634,dcea9b8f,1527
66,0,3,19,11,5,112,TRAINING,6,11,0,3,01562734,dceb9a8f,1234
66,0,3,19,11,5,113,TEST,4,15,1,1,true,6107
66,0,3,19,11,5,114,TEST,3,8,0,0,true,1188
66,0,3,19,11,5,115,TEST,1,12,1,1,true,900
66,0,3,19,11,5,116,TEST,7,10,0,0,true,2685
66,0,3,19,11,5,117,TEST,0,13,1,1,true,1964
66,0,3,19,11,5,118,TEST,2,9,1,1,true,2292
66,0,3,19,11,5,119,TEST,6,11,0,1,false,1200
66,0,3,19,11,5,120,TEST,5,14,0,1,false,3515
66,0,3,19,11,6,121,TRAINING,3,8,0,4,17043625,cadf8b9e,10972
66,0,3,19,11,6,122,TRAINING,2,9,1,6,17043526,cadf8e9b,6442
66,0,3,19,11,6,123,TRAINING,1,12,1,0,16043527,cbdf8e9a,2412
66,0,3,19,11,6,124,TRAINING,5,14,0,5,17043526,cadf8e9b,3698
66,0,3,19,11,6,125,TRAINING,7,10,0,1,17046523,cadfbe98,22690
66,0,3,19,11,6,126,TRAINING,6,11,0,4,27046513,9adfbec8,16209
66,0,3,19,11,6,127,TRAINING,2,9,1,0,27046531,9adfbe8c,1011
66,0,3,19,11,6,128,TRAINING,0,13,1,2,27046135,9adfbc8e,11540
66,0,3,19,11,6,129,TRAINING,4,15,1,1,24076135,9fdabc8e,1592
66,0,3,19,11,6,130,TRAINING,7,10,0,3,14076235,cfdab98e,1273
66,0,3,19,11,6,131,TRAINING,6,11,0,4,24076135,9fdabc8e,1122
66,0,3,19,11,6,132,TRAINING,6,11,0,4,24076531,9fdabe8c,9589
66,0,3,19,11,6,133,TRAINING,5,14,0,5,24076513,9fdabec8,5223
66,0,3,19,11,6,134,TRAINING,7,10,0,3,24376510,9f8abecd,2197
66,0,3,19,11,6,135,TRAINING,4,15,1,2,23476510,98fabecd,1512
66,0,3,19,11,6,136,TRAINING,3,8,0,1,13476520,c8fabe9d,3680
66,0,3,19,11,6,137,TEST,5,14,0,1,false,2683
66,0,3,19,11,6,138,TEST,3,8,0,0,true,1448
66,0,3,19,11,6,139,TEST,2,9,1,1,true,931
66,0,3,19,11,6,140,TEST,1,12,1,1,true,1002
66,0,3,19,11,6,141,TEST,4,15,1,1,true,2772
66,0,3,19,11,6,142,TEST,0,13,1,1,true,853
66,0,3,19,11,6,143,TEST,6,11,0,0,true,3097
66,0,3,19,11,6,144,TEST,7,10,0,0,true,937
66,0,3,19,11,7,145,TRAINING,7,10,0,2,42731605,f9a8cbde,97637
66,0,3,19,11,7,146,TRAINING,6,11,0,5,02731645,d9a8cbfe,3898
66,0,3,19,11,7,147,TRAINING,4,15,1,6,20731645,9da8cbfe,5757
66,0,3,19,11,7,148,TRAINING,5,14,0,7,10732645,cda89bfe,5591
66,0,3,19,11,7,149,TRAINING,4,15,1,6,30712645,8dac9bfe,36227
66,0,3,19,11,7,150,TRAINING,5,14,0,7,03712645,d8ac9bfe,5216
66,0,3,19,11,7,151,TRAINING,2,9,1,1,02713645,d9ac8bfe,2428
66,0,3,19,11,7,152,TRAINING,2,9,1,1,02413675,d9fc8bae,24305
66,0,3,19,11,7,153,TRAINING,5,14,0,7,02431675,d9f8cbae,12660
66,0,3,19,11,7,154,TRAINING,3,8,0,3,12430675,c9f8dbae,6267
66,0,3,19,11,7,155,TRAINING,1,12,1,0,12630475,c9b8dfae,6322
66,0,3,19,11,7,156,TRAINING,6,11,0,2,12635470,c9b8efad,10755
66,0,3,19,11,7,157,TRAINING,4,15,1,5,17635420,cab8ef9d,3146
66,0,3,19,11,7,158,TRAINING,2,9,1,4,17632450,cab89fed,15897
66,0,3,19,11,7,159,TRAINING,7,10,0,1,37612450,8abc9fed,6318
66,0,3,19,11,7,160,TRAINING,6,11,0,3,37162450,8acb9fed,37099
66,0,3,19,11,7,161,TEST,2,9,1,1,true,3801
66,0,3,19,11,7,162,TEST,5,14,0,1,false,5412
66,0,3,19,11,7,163,TEST,0,13,1,1,true,5033
66,0,3,19,11,7,164,TEST,7,10,0,0,true,7676
66,0,3,19,11,7,165,TEST,6,11,0,0,true,4628
66,0,3,19,11,7,166,TEST,3,8,0,0,true,2299
66,0,3,19,11,7,167,TEST,4,15,1,0,false,3927
66,0,3,19,11,7,168,TEST,1,12,1,0,false,3834
66,0,3,19,11,8,169,TRAINING,6,11,0,2,32601745,89bdcafe,27229
66,0,3,19,11,8,170,TRAINING,7,10,0,5,02631745,d9b8cafe,17010
66,0,3,19,11,8,171,TRAINING,5,14,0,7,03621745,d8b9cafe,13130
66,0,3,19,11,8,172,TRAINING,3,8,0,1,03612745,d8bc9afe,7666
66,0,3,19,11,8,173,TRAINING,5,14,0,7,43612705,f8bc9ade,10979
66,0,3,19,11,8,174,TRAINING,1,12,1,5,43672105,f8ba9cde,6832
66,0,3,19,11,8,175,TRAINING,4,15,1,1,34672105,8fba9cde,19483
66,0,3,19,11,8,176,TRAINING,5,14,0,0,54672103,efba9cd8,7680
66,0,3,19,11,8,177,TRAINING,4,15,1,1,54072163,efda9cb8,1087
66,0,3,19,11,8,178,TRAINING,7,10,0,3,54073162,efda8cb9,3508
66,0,3,19,11,8,179,TRAINING,6,11,0,4,54076132,efdabc89,1803
66,0,3,19,11,8,180,TRAINING,0,13,1,7,54276130,ef9abc8d,2490
66,0,3,19,11,8,181,TRAINING,1,12,1,6,54276310,ef9ab8cd,1019
66,0,3,19,11,8,182,TRAINING,4,15,1,1,24576310,9feab8cd,2227
66,0,3,19,11,8,183,TRAINING,5,14,0,2,24567310,9feba8cd,944
66,0,3,19,11,8,184,TRAINING,5,14,0,2,24537610,9fe8abcd,6598
66,0,3,19,11,8,185,TEST,1,12,1,1,true,4370
66,0,3,19,11,8,186,TEST,0,13,1,1,true,5208
66,0,3,19,11,8,187,TEST,5,14,0,0,true,6284
66,0,3,19,11,8,188,TEST,6,11,0,0,true,3178
66,0,3,19,11,8,189,TEST,2,9,1,1,true,2836
66,0,3,19,11,8,190,TEST,3,8,0,1,false,6900
66,0,3,19,11,8,191,TEST,7,10,0,0,true,2388
66,0,3,19,11,8,192,TEST,4,15,1,1,true,4395
66,0,3,19,11,9,193,TRAINING,0,13,1,1,40763152,fdab8ce9,87081
66,0,3,19,11,9,194,TRAINING,2,9,1,0,20763154,9dab8cef,1185
66,0,3,19,11,9,195,TRAINING,6,11,0,3,20765134,9dabec8f,3355
66,0,3,19,11,9,196,TRAINING,4,15,1,7,21765034,9cabed8f,2312
66,0,3,19,11,9,197,TRAINING,3,8,0,6,21567034,9cebad8f,1816
66,0,3,19,11,9,198,TRAINING,5,14,0,5,21067534,9cdbae8f,1211
66,0,3,19,11,9,199,TRAINING,1,12,1,1,21076534,9cdabe8f,3445
66,0,3,19,11,9,200,TRAINING,7,10,0,3,31076524,8cdabe9f,1587
66,0,3,19,11,9,201,TRAINING,6,11,0,4,01376524,dc8abe9f,2109
66,0,3,19,11,9,202,TRAINING,2,9,1,6,01476523,dcfabe98,1138
66,0,3,19,11,9,203,TRAINING,1,12,1,3,07416523,dafcbe98,1350
66,0,3,19,11,9,204,TRAINING,2,9,1,6,37416520,8afcbe9d,1044
66,0,3,19,11,9,205,TRAINING,4,15,1,2,37410526,8afcde9b,1331
66,0,3,19,11,9,206,TRAINING,3,8,0,5,57410326,eafcd89b,2827
66,0,3,19,11,9,207,TRAINING,7,10,0,1,67410325,bafcd89e,1263
66,0,3,19,11,9,208,TRAINING,1,12,1,3,47610325,fabcd89e,1426
66,0,3,19,11,9,209,TEST,3,8,0,0,true,3739
66,0,3,19,11,9,210,TEST,4,15,1,1,true,1002
66,0,3,19,11,9,211,TEST,1,12,1,0,false,619
66,0,3,19,11,9,212,TEST,5,14,0,1,false,809
66,0,3,19,11,9,213,TEST,6,11,0,0,true,723
66,0,3,19,11,9,214,TEST,2,9,1,1,true,2512
66,0,3,19,11,9,215,TEST,0,13,1,1,true,932
66,0,3,19,11,9,216,TEST,7,10,0,0,true,949
66,0,3,19,11,10,217,TRAINING,7,10,0,0,70625431,adb9ef8c,14960
66,0,3,19,11,10,218,TRAINING,5,14,0,4,70265431,ad9bef8c,1195
66,0,3,19,11,10,219,TRAINING,3,8,0,6,74265031,af9bed8c,1327
66,0,3,19,11,10,220,TRAINING,1,12,1,7,72465031,a9fbed8c,979
66,0,3,19,11,10,221,TRAINING,1,12,1,7,62475031,b9faed8c,8676
66,0,3,19,11,10,222,TRAINING,4,15,1,0,42675031,f9baed8c,9512
66,0,3,19,11,10,223,TRAINING,2,9,1,1,42675301,f9bae8dc,1674
66,0,3,19,11,10,224,TRAINING,6,11,0,2,42675103,f9baecd8,1223
66,0,3,19,11,10,225,TRAINING,6,11,0,2,42657103,f9beacd8,10987
66,0,3,19,11,10,226,TRAINING,1,12,1,5,42607153,f9bdace8,13284
66,0,3,19,11,10,227,TRAINING,6,11,0,2,42637150,f9b8aced,4852
66,0,3,19,11,10,228,TRAINING,6,11,0,2,43627150,f8b9aced,3980
66,0,3,19,11,10,229,TRAINING,1,12,1,5,43620157,f8b9dcea,3649
66,0,3,19,11,10,230,TRAINING,4,15,1,0,43627150,f8b9aced,2667
66,0,3,19,11,10,231,TRAINING,2,9,1,2,43267150,f89baced,1571
66,0,3,19,11,10,232,TRAINING,0,13,1,7,43276150,f89abced,1603
66,0,3,19,11,10,233,TEST,5,14,0,0,true,2099
66,0,3,19,11,10,234,TEST,7,10,0,0,true,2545
66,0,3,19,11,10,235,TEST,1,12,1,0,false,964
66,0,3,19,11,10,236,TEST,2,9,1,1,true,3180
66,0,3,19,11,10,237,TEST,0,13,1,1,true,987
66,0,3,19,11,10,238,TEST,6,11,0,0,true,804
66,0,3,19,11,10,239,TEST,3,8,0,0,true,7275
66,0,3,19,11,10,240,TEST,4,15,1,1,true,2160
66,0,3,19,11,11,241,TRAINING,3,8,0,1,13502647,c8ed9bfa,1634
66,0,3,19,11,11,242,TRAINING,5,14,0,2,13542607,c8ef9bda,1187
66,0,3,19,11,11,243,TRAINING,1,12,1,0,13524607,c8e9fbda,923
66,0,3,19,11,11,244,TRAINING,3,8,0,1,13520647,c8e9dbfa,7542
66,0,3,19,11,11,245,TRAINING,5,14,0,3,13250647,c89edbfa,1353
66,0,3,19,11,11,246,TRAINING,7,10,0,4,13257640,c89eabfd,1218
66,0,3,19,11,11,247,TRAINING,1,12,1,0,13257046,c89eadfb,2027
66,0,3,19,11,11,248,TRAINING,4,15,1,2,13457026,c8fead9b,2944
66,0,3,19,11,11,249,TRAINING,2,9,1,4,13452076,c8fe9dab,1535
66,0,3,19,11,11,250,TRAINING,0,13,1,5,31452076,8cfe9dab,1427
66,0,3,19,11,11,251,TRAINING,6,11,0,7,13452076,c8fe9dab,2266
66,0,3,19,11,11,252,TRAINING,6,11,0,7,15432076,cef89dab,7416
66,0,3,19,11,11,253,TRAINING,4,15,1,6,15732046,cea89dfb,2595
66,0,3,19,11,11,254,TRAINING,0,13,1,5,15372046,ce8a9dfb,2637
66,0,3,19,11,11,255,TRAINING,2,9,1,2,15273046,ce9a8dfb,1383
66,0,3,19,11,11,256,TRAINING,6,11,0,7,15237046,ce98adfb,2570
66,0,3,19,11,11,257,TEST,5,14,0,0,true,2729
66,0,3,19,11,11,258,TEST,2,9,1,1,true,1796
66,0,3,19,11,11,259,TEST,1,12,1,0,false,2171
66,0,3,19,11,11,260,TEST,4,15,1,1,true,1640
66,0,3,19,11,11,261,TEST,0,13,1,1,true,1492
66,0,3,19,11,11,262,TEST,3,8,0,0,true,1555
66,0,3,19,11,11,263,TEST,6,11,0,0,true,1442
66,0,3,19,11,11,264,TEST,7,10,0,1,false,4524
66,0,3,19,11,12,265,TRAINING,4,15,1,0,40176253,fdcab9e8,3725
66,0,3,19,11,12,266,TRAINING,0,13,1,1,40173256,fdca89eb,2131
66,0,3,19,11,12,267,TRAINING,2,9,1,2,40273156,fd9a8ceb,1783
66,0,3,19,11,12,268,TRAINING,6,11,0,4,40276153,fd9abce8,1712
66,0,3,19,11,12,269,TRAINING,5,14,0,3,40256173,fd9ebca8,6147
66,0,3,19,11,12,270,TRAINING,1,12,1,5,20456173,9dfebca8,1676
66,0,3,19,11,12,271,TRAINING,4,15,1,6,20756143,9daebcf8,5164
66,0,3,19,11,12,272,TRAINING,3,8,0,7,20576143,9deabcf8,1636
66,0,3,19,11,12,273,TRAINING,3,8,0,7,60572143,bdea9cf8,4169
66,0,3,19,11,12,274,TRAINING,1,12,1,3,60512743,bdec9af8,1803
66,0,3,19,11,12,275,TRAINING,5,14,0,1,65012743,bedc9af8,1842
66,0,3,19,11,12,276,TRAINING,6,11,0,0,65014723,bedcfa98,2147
66,0,3,19,11,12,277,TRAINING,1,12,1,3,65014273,bedcf9a8,2849
66,0,3,19,11,12,278,TRAINING,7,10,0,7,65014237,bedcf98a,3685
66,0,3,19,11,12,279,TRAINING,3,8,0,6,65214037,be9cfd8a,915
66,0,3,19,11,12,280,TRAINING,1,12,1,3,25614037,9ebcfd8a,1038
66,0,3,19,11,12,281,TEST,6,11,0,0,true,2157
66,0,3,19,11,12,282,TEST,0,13,1,1,true,1333
66,0,3,19,11,12,283,TEST,3,8,0,0,true,1737
66,0,3,19,11,12,284,TEST,7,10,0,0,true,1124
66,0,3,19,11,12,285,TEST,2,9,1,1,true,909
66,0,3,19,11,12,286,TEST,4,15,1,1,true,3004
66,0,3,19,11,12,287,TEST,1,12,1,1,true,2140
66,0,3,19,11,12,288,TEST,5,14,0,0,true,2932
66,0,3,19,11,13,289,TRAINING,1,12,1,4,57341620,ea8fcb9d,7542
66,0,3,19,11,13,290,TRAINING,3,8,0,2,50341627,ed8fcb9a,1320
66,0,3,19,11,13,291,TRAINING,5,14,0,6,20341657,9d8fcbea,2539
66,0,3,19,11,13,292,TRAINING,7,10,0,7,24301657,9f8dcbea,2312
66,0,3,19,11,13,293,TRAINING,1,12,1,0,14302657,cf8d9bea,1224
66,0,3,19,11,13,294,TRAINING,4,15,1,1,14362057,cf8b9dea,4020
66,0,3,19,11,13,295,TRAINING,0,13,1,5,14562037,cfeb9d8a,1368
66,0,3,19,11,13,296,TRAINING,2,9,1,4,64512037,bfec9d8a,1026
66,0,3,19,11,13,297,TRAINING,6,11,0,1,46512037,fbec9d8a,1091
66,0,3,19,11,13,298,TRAINING,5,14,0,2,46572031,fbea9d8c,5647
66,0,3,19,11,13,299,TRAINING,7,10,0,3,46572130,fbea9c8d,948
66,0,3,19,11,13,300,TRAINING,3,8,0,6,41572630,fcea9b8d,1289
66,0,3,19,11,13,301,TRAINING,1,12,1,7,40572631,fdea9b8c,2390
66,0,3,19,11,13,302,TRAINING,6,11,0,5,20574631,9deafb8c,2076
66,0,3,19,11,13,303,TRAINING,4,15,1,4,23574601,98eafbdc,4333
66,0,3,19,11,13,304,TRAINING,2,9,1,0,23754601,98aefbdc,3003
66,0,3,19,11,13,305,TEST,5,14,0,0,true,2666
66,0,3,19,11,13,306,TEST,1,12,1,1,true,3481
66,0,3,19,11,13,307,TEST,3,8,0,0,true,1482
66,0,3,19,11,13,308,TEST,7,10,0,0,true,2628
66,0,3,19,11,13,309,TEST,2,9,1,1,true,2300
66,0,3,19,11,13,310,TEST,6,11,0,0,true,3131
66,0,3,19,11,13,311,TEST,4,15,1,1,true,1225
66,0,3,19,11,13,312,TEST,0,13,1,1,true,1508
66,0,3,19,11,INSTRUCT,postquestionnaire,1

rulestrategy:Each border color had three in a group and one not in the group.  I had to remember which one didn't fit into the group.  Not easy to do.
howtoimprove:i have no idea.  i thought it would never end
engagement:10
difficulty:10
physicalaids:no