73,0,4,21,6,INSTRUCT,instruct1,16560
73,0,4,21,6,INSTRUCT,instructCatExample,13378
73,0,4,21,6,INSTRUCT,instructCatColor,7197
73,0,4,21,6,INSTRUCT,instructCatStripe,12134
73,0,4,21,6,INSTRUCT,instructDemoIntro,41310
73,0,4,21,6,INSTRUCT,instructDemo,115221
73,0,4,21,6,INSTRUCT,instructTest,54434
73,0,4,21,6,INSTRUCT,instructTest2,28862
73,0,4,21,6,INSTRUCT,instructDimColor,22622
73,0,4,21,6,INSTRUCT,instructDimBorder,4046
73,0,4,21,6,INSTRUCT,instructDimDots,5926
73,0,4,21,6,INSTRUCT,instructDimStripe,3415
73,0,4,21,6,INSTRUCT,instructDimAll,10822
73,0,4,21,6,INSTRUCT,instructFinal,10246
73,0,4,21,6,1,1,TRAINING,4,8,1,0,40571326,8c91d540,6216
73,0,4,21,6,1,2,TRAINING,6,0,0,7,47501326,819cd540,5928
73,0,4,21,6,1,3,TRAINING,7,1,1,1,47502316,819c45d0,3401
73,0,4,21,6,1,4,TRAINING,1,13,0,2,47102356,81dc4590,6122
73,0,4,21,6,1,5,TRAINING,0,12,1,0,07142356,c1d84590,2994
73,0,4,21,6,1,6,TRAINING,3,5,0,5,07146352,c1d80594,8330
73,0,4,21,6,1,7,TRAINING,6,0,0,4,07546312,c19805d4,4777
73,0,4,21,6,1,8,TRAINING,7,1,1,1,07546321,c198054d,2002
73,0,4,21,6,1,9,TRAINING,5,9,0,2,07536421,c195084d,8482
73,0,4,21,6,1,10,TRAINING,3,5,0,3,07536412,c19508d4,5458
73,0,4,21,6,1,11,TRAINING,7,1,1,1,07532416,c19548d0,2226
73,0,4,21,6,1,12,TRAINING,2,4,1,2,07235416,c14598d0,1649
73,0,4,21,6,1,13,TRAINING,4,8,1,3,07245316,c14895d0,1834
73,0,4,21,6,1,14,TRAINING,0,12,1,0,07246315,c14805d9,4221
73,0,4,21,6,1,15,TRAINING,3,5,0,2,07346215,c15804d9,1677
73,0,4,21,6,1,16,TRAINING,4,8,1,6,07316245,c15d0489,5169
73,0,4,21,6,1,17,TEST,4,8,1,0,false,6190
73,0,4,21,6,1,18,TEST,3,5,0,1,false,2481
73,0,4,21,6,1,19,TEST,1,13,0,1,false,1914
73,0,4,21,6,1,20,TEST,2,4,1,0,false,3474
73,0,4,21,6,1,21,TEST,5,9,0,0,true,1906
73,0,4,21,6,1,22,TEST,0,12,1,1,true,658
73,0,4,21,6,1,23,TEST,7,1,1,1,true,1091
73,0,4,21,6,1,24,TEST,6,0,0,0,true,2043
73,0,4,21,6,2,25,TRAINING,4,8,1,0,47635120,81059d4c,7926
73,0,4,21,6,2,26,TRAINING,7,1,1,1,47035126,81c59d40,7712
73,0,4,21,6,2,27,TRAINING,4,8,1,0,47025136,81c49d50,8858
73,0,4,21,6,2,28,TRAINING,5,9,0,4,47025316,81c495d0,4770
73,0,4,21,6,2,29,TRAINING,6,0,0,7,43025716,85c491d0,13377
73,0,4,21,6,2,30,TRAINING,4,8,1,2,03425716,c58491d0,17001
73,0,4,21,6,2,31,TRAINING,3,5,0,1,03452716,c58941d0,7682
73,0,4,21,6,2,32,TRAINING,0,12,1,7,63452710,058941dc,4594
73,0,4,21,6,2,33,TRAINING,2,4,1,4,63452170,05894d1c,13857
73,0,4,21,6,2,34,TRAINING,1,13,0,6,63452710,058941dc,5418
73,0,4,21,6,2,35,TRAINING,4,8,1,5,63752410,051948dc,1874
73,0,4,21,6,2,36,TRAINING,7,1,1,2,23756410,451908dc,3642
73,0,4,21,6,2,37,TRAINING,6,0,0,3,23765410,451098dc,2734
73,0,4,21,6,2,38,TRAINING,0,12,1,7,53762410,951048dc,5965
73,0,4,21,6,2,39,TRAINING,4,8,1,0,43762510,851049dc,1969
73,0,4,21,6,2,40,TRAINING,3,5,0,1,43765210,851094dc,7266
73,0,4,21,6,2,41,TEST,6,0,0,0,true,5607
73,0,4,21,6,2,42,TEST,3,5,0,1,false,10218
73,0,4,21,6,2,43,TEST,5,9,0,1,false,1682
73,0,4,21,6,2,44,TEST,1,13,0,0,true,2419
73,0,4,21,6,2,45,TEST,7,1,1,0,false,2787
73,0,4,21,6,2,46,TEST,4,8,1,1,true,731
73,0,4,21,6,2,47,TEST,2,4,1,0,false,1931
73,0,4,21,6,2,48,TEST,0,12,1,1,true,2563
73,0,4,21,6,3,49,TRAINING,6,0,0,1,16457032,d0891c54,3903
73,0,4,21,6,3,50,TRAINING,6,0,0,1,06457132,c0891d54,9600
73,0,4,21,6,3,51,TRAINING,7,1,1,5,06451732,c089d154,6354
73,0,4,21,6,3,52,TRAINING,0,12,1,0,06431752,c085d194,5841
73,0,4,21,6,3,53,TRAINING,0,12,1,0,06531742,c095d184,5626
73,0,4,21,6,3,54,TRAINING,1,13,0,4,04531762,c895d104,5362
73,0,4,21,6,3,55,TRAINING,1,13,0,4,03541762,c598d104,9642
73,0,4,21,6,3,56,TRAINING,4,8,1,3,03241765,c548d109,11657
73,0,4,21,6,3,57,TRAINING,4,8,1,3,03241675,c548d019,7090
73,0,4,21,6,3,58,TRAINING,2,4,1,2,05241673,c948d015,16617
73,0,4,21,6,3,59,TRAINING,5,9,0,1,05241376,c948d510,13957
73,0,4,21,6,3,60,TRAINING,3,5,0,5,05246371,c948051d,11828
73,0,4,21,6,3,61,TRAINING,0,12,1,4,65240371,0948c51d,10034
73,0,4,21,6,3,62,TRAINING,0,12,1,4,75240361,1948c50d,12746
73,0,4,21,6,3,63,TRAINING,6,0,0,6,72540361,1498c50d,2049
73,0,4,21,6,3,64,TRAINING,2,4,1,1,32540761,5498c10d,1258
73,0,4,21,6,3,65,TEST,6,0,0,0,true,3190
73,0,4,21,6,3,66,TEST,7,1,1,1,true,4322
73,0,4,21,6,3,67,TEST,0,12,1,1,true,5154
73,0,4,21,6,3,68,TEST,5,9,0,0,true,4042
73,0,4,21,6,3,69,TEST,2,4,1,1,true,5642
73,0,4,21,6,3,70,TEST,4,8,1,1,true,3979
73,0,4,21,6,3,71,TEST,3,5,0,0,true,7067
73,0,4,21,6,3,72,TEST,1,13,0,0,true,9074
73,0,4,21,6,4,73,TRAINING,6,0,0,3,13765042,d5109c84,13174
73,0,4,21,6,4,74,TRAINING,2,4,1,7,43765012,85109cd4,11368
73,0,4,21,6,4,75,TRAINING,2,4,1,7,53764012,95108cd4,4586
73,0,4,21,6,4,76,TRAINING,7,1,1,2,53714062,951d8c04,4602
73,0,4,21,6,4,77,TRAINING,1,13,0,3,35714062,591d8c04,8786
73,0,4,21,6,4,78,TRAINING,4,8,1,5,35710462,591dc804,6913
73,0,4,21,6,4,79,TRAINING,5,9,0,0,53710462,951dc804,7066
73,0,4,21,6,4,80,TRAINING,0,12,1,7,53712460,951d480c,9274
73,0,4,21,6,4,81,TRAINING,7,1,1,5,53412760,958d410c,4149
73,0,4,21,6,4,82,TRAINING,3,5,0,1,13452760,d589410c,7446
73,0,4,21,6,4,83,TRAINING,4,8,1,4,13254760,d549810c,11617
73,0,4,21,6,4,84,TRAINING,5,9,0,3,13054762,d5c98104,2066
73,0,4,21,6,4,85,TRAINING,2,4,1,6,13054726,d5c98140,3073
73,0,4,21,6,4,86,TRAINING,3,5,0,1,13654720,d509814c,1042
73,0,4,21,6,4,87,TRAINING,1,13,0,0,13654027,d5098c41,4754
73,0,4,21,6,4,88,TRAINING,0,12,1,7,13654720,d509814c,2954
73,0,4,21,6,4,89,TEST,5,9,0,0,true,4678
73,0,4,21,6,4,90,TEST,0,12,1,1,true,7714
73,0,4,21,6,4,91,TEST,1,13,0,0,true,11106
73,0,4,21,6,4,92,TEST,6,0,0,1,false,4418
73,0,4,21,6,4,93,TEST,7,1,1,1,true,8731
73,0,4,21,6,4,94,TEST,2,4,1,1,true,6707
73,0,4,21,6,4,95,TEST,4,8,1,1,true,3403
73,0,4,21,6,4,96,TEST,3,5,0,0,true,4106
73,0,4,21,6,5,97,TRAINING,5,9,0,3,30451672,5c89d014,2631
73,0,4,21,6,5,98,TRAINING,4,8,1,2,36451072,5089dc14,6992
73,0,4,21,6,5,99,TRAINING,6,0,0,1,26451073,4089dc15,3025
73,0,4,21,6,5,100,TRAINING,7,1,1,5,26451703,4089d1c5,2530
73,0,4,21,6,5,101,TRAINING,0,12,1,0,06451723,c089d145,2778
73,0,4,21,6,5,102,TRAINING,1,13,0,3,06415723,c08d9145,3570
73,0,4,21,6,5,103,TRAINING,2,4,1,6,06514723,c09d8145,2770
73,0,4,21,6,5,104,TRAINING,4,8,1,7,06513724,c09d5148,10686
73,0,4,21,6,5,105,TRAINING,7,1,1,5,60513724,0c9d5148,1651
73,0,4,21,6,5,106,TRAINING,0,12,1,2,65013724,09cd5148,7441
73,0,4,21,6,5,107,TRAINING,2,4,1,6,64013725,08cd5149,4345
73,0,4,21,6,5,108,TRAINING,4,8,1,1,54013726,98cd5140,4466
73,0,4,21,6,5,109,TRAINING,7,1,1,5,04513726,c89d5140,1882
73,0,4,21,6,5,110,TRAINING,0,12,1,2,54013726,98cd5140,1506
73,0,4,21,6,5,111,TRAINING,2,4,1,7,54013762,98cd5104,2938
73,0,4,21,6,5,112,TRAINING,2,4,1,7,54013672,98cd5014,1699
73,0,4,21,6,5,113,TEST,6,0,0,0,true,5862
73,0,4,21,6,5,114,TEST,7,1,1,1,true,4826
73,0,4,21,6,5,115,TEST,0,12,1,1,true,8155
73,0,4,21,6,5,116,TEST,3,5,0,0,true,3266
73,0,4,21,6,5,117,TEST,4,8,1,1,true,3347
73,0,4,21,6,5,118,TEST,1,13,0,0,true,11803
73,0,4,21,6,5,119,TEST,5,9,0,0,true,2467
73,0,4,21,6,5,120,TEST,2,4,1,0,false,3866
73,0,4,21,6,6,121,TRAINING,7,1,1,0,73426051,15840c9d,4703
73,0,4,21,6,6,122,TRAINING,7,1,1,0,73421056,1584dc90,4145
73,0,4,21,6,6,123,TRAINING,5,9,0,4,73425016,15849cd0,4306
73,0,4,21,6,6,124,TRAINING,4,8,1,2,73415026,158d9c40,1258
73,0,4,21,6,6,125,TRAINING,6,0,0,7,72415036,148d9c50,4417
73,0,4,21,6,6,126,TRAINING,0,12,1,5,32415076,548d9c10,2657
73,0,4,21,6,6,127,TRAINING,2,4,1,6,37415026,518d9c40,3174
73,0,4,21,6,6,128,TRAINING,1,13,0,0,17435026,d1859c40,2836
73,0,4,21,6,6,129,TRAINING,3,5,0,4,17453026,d1895c40,1330
73,0,4,21,6,6,130,TRAINING,4,8,1,6,17253046,d1495c80,5690
73,0,4,21,6,6,131,TRAINING,7,1,1,3,15273046,d9415c80,1650
73,0,4,21,6,6,132,TRAINING,2,4,1,2,16273045,d0415c89,4842
73,0,4,21,6,6,133,TRAINING,0,12,1,0,06273145,c0415d89,1011
73,0,4,21,6,6,134,TRAINING,3,5,0,4,06273415,c04158d9,930
73,0,4,21,6,6,135,TRAINING,1,13,0,5,06273145,c0415d89,1041
73,0,4,21,6,6,136,TRAINING,7,1,1,3,26073145,40c15d89,3154
73,0,4,21,6,6,137,TEST,4,8,1,1,true,4390
73,0,4,21,6,6,138,TEST,2,4,1,1,true,3658
73,0,4,21,6,6,139,TEST,7,1,1,1,true,8978
73,0,4,21,6,6,140,TEST,5,9,0,0,true,2066
73,0,4,21,6,6,141,TEST,0,12,1,1,true,4123
73,0,4,21,6,6,142,TEST,1,13,0,0,true,2955
73,0,4,21,6,6,143,TEST,3,5,0,0,true,4098
73,0,4,21,6,6,144,TEST,6,0,0,0,true,3411
73,0,4,21,6,7,145,TRAINING,3,5,0,0,31452670,5d89401c,1471
73,0,4,21,6,7,146,TRAINING,1,13,0,1,31462570,5d80491c,6585
73,0,4,21,6,7,147,TRAINING,2,4,1,2,31264570,5d40891c,1458
73,0,4,21,6,7,148,TRAINING,0,12,1,7,31267540,5d40198c,1354
73,0,4,21,6,7,149,TRAINING,6,0,0,5,31257640,5d49108c,1179
73,0,4,21,6,7,150,TRAINING,5,9,0,3,31457620,5d89104c,2518
73,0,4,21,6,7,151,TRAINING,6,0,0,5,37451620,5189d04c,3965
73,0,4,21,6,7,152,TRAINING,5,9,0,3,73451620,1589d04c,3024
73,0,4,21,6,7,153,TRAINING,4,8,1,2,73450621,1589c04d,1762
73,0,4,21,6,7,154,TRAINING,6,0,0,1,76450321,1089c54d,1202
73,0,4,21,6,7,155,TRAINING,7,1,1,0,76453021,10895c4d,2137
73,0,4,21,6,7,156,TRAINING,5,9,0,3,76253041,10495c8d,994
73,0,4,21,6,7,157,TRAINING,1,13,0,7,76352041,10594c8d,1426
73,0,4,21,6,7,158,TRAINING,4,8,1,6,36752041,50194c8d,986
73,0,4,21,6,7,159,TRAINING,5,9,0,3,06752341,c019458d,1290
73,0,4,21,6,7,160,TRAINING,3,5,0,2,06352741,c059418d,1938
73,0,4,21,6,7,161,TEST,4,8,1,1,true,3303
73,0,4,21,6,7,162,TEST,5,9,0,0,true,5010
73,0,4,21,6,7,163,TEST,6,0,0,0,true,2059
73,0,4,21,6,7,164,TEST,7,1,1,1,true,2515
73,0,4,21,6,7,165,TEST,0,12,1,1,true,2963
73,0,4,21,6,7,166,TEST,3,5,0,1,false,2818
73,0,4,21,6,7,167,TEST,1,13,0,0,true,642
73,0,4,21,6,7,168,TEST,2,4,1,0,false,514
73,0,4,21,6,8,169,TRAINING,2,4,1,0,23056714,45c901d8,2831
73,0,4,21,6,8,170,TRAINING,0,12,1,2,23057614,45c910d8,11505
73,0,4,21,6,8,171,TRAINING,4,8,1,5,23057416,45c918d0,4322
73,0,4,21,6,8,172,TRAINING,7,1,1,4,21057436,4dc91850,1322
73,0,4,21,6,8,173,TRAINING,6,0,0,7,21037456,4dc51890,1618
73,0,4,21,6,8,174,TRAINING,5,9,0,1,25037416,49c518d0,1902
73,0,4,21,6,8,175,TRAINING,1,13,0,6,25437016,49851cd0,985
73,0,4,21,6,8,176,TRAINING,3,5,0,3,75432016,19854cd0,1506
73,0,4,21,6,8,177,TRAINING,5,9,0,1,75234016,19458cd0,1026
73,0,4,21,6,8,178,TRAINING,1,13,0,6,75230416,1945c8d0,1570
73,0,4,21,6,8,179,TRAINING,4,8,1,2,75430216,1985c4d0,1186
73,0,4,21,6,8,180,TRAINING,1,13,0,6,75436210,198504dc,1026
73,0,4,21,6,8,181,TRAINING,4,8,1,2,75432610,198540dc,1739
73,0,4,21,6,8,182,TRAINING,6,0,0,1,76432510,108549dc,1187
73,0,4,21,6,8,183,TRAINING,4,8,1,2,76435210,108594dc,1210
73,0,4,21,6,8,184,TRAINING,6,0,0,1,76453210,108954dc,12922
73,0,4,21,6,8,185,TEST,5,9,0,0,true,4694
73,0,4,21,6,8,186,TEST,6,0,0,0,true,4930
73,0,4,21,6,8,187,TEST,3,5,0,0,true,7002
73,0,4,21,6,8,188,TEST,7,1,1,1,true,4131
73,0,4,21,6,8,189,TEST,0,12,1,1,true,9355
73,0,4,21,6,8,190,TEST,2,4,1,1,true,2123
73,0,4,21,6,8,191,TEST,4,8,1,1,true,4546
73,0,4,21,6,8,192,TEST,1,13,0,0,true,2818
73,0,4,21,6,9,193,TRAINING,4,8,1,0,46570123,8091cd45,2862
73,0,4,21,6,9,194,TRAINING,6,0,0,1,46520173,8094cd15,4169
73,0,4,21,6,9,195,TRAINING,5,9,0,2,46530172,8095cd14,1866
73,0,4,21,6,9,196,TRAINING,7,1,1,7,46530127,8095cd41,5717
73,0,4,21,6,9,197,TRAINING,1,13,0,5,26530147,4095cd81,4148
73,0,4,21,6,9,198,TRAINING,1,13,0,5,26503147,409c5d81,3994
73,0,4,21,6,9,199,TRAINING,3,5,0,4,26703145,401c5d89,1194
73,0,4,21,6,9,200,TRAINING,2,4,1,6,46703125,801c5d49,2218
73,0,4,21,6,9,201,TRAINING,0,12,1,3,76403125,108c5d49,1042
73,0,4,21,6,9,202,TRAINING,7,1,1,0,76304125,105c8d49,3650
73,0,4,21,6,9,203,TRAINING,4,8,1,6,76302145,105c4d89,1937
73,0,4,21,6,9,204,TRAINING,6,0,0,3,70362145,1c504d89,2355
73,0,4,21,6,9,205,TRAINING,7,1,1,0,70361245,1c50d489,1514
73,0,4,21,6,9,206,TRAINING,6,0,0,3,70163245,1cd05489,1057
73,0,4,21,6,9,207,TRAINING,0,12,1,6,74163205,18d054c9,1529
73,0,4,21,6,9,208,TRAINING,7,1,1,4,34167205,58d014c9,1513
73,0,4,21,6,9,209,TEST,6,0,0,0,true,7046
73,0,4,21,6,9,210,TEST,4,8,1,1,true,2026
73,0,4,21,6,9,211,TEST,2,4,1,1,true,3210
73,0,4,21,6,9,212,TEST,1,13,0,0,true,2459
73,0,4,21,6,9,213,TEST,5,9,0,0,true,3211
73,0,4,21,6,9,214,TEST,0,12,1,1,true,4275
73,0,4,21,6,9,215,TEST,3,5,0,0,true,2555
73,0,4,21,6,9,216,TEST,7,1,1,1,true,4842
73,0,4,21,6,INSTRUCT,postquestionnaire,2

rulestrategy:Yellow border with slash is A; opposite is B
Purple inside with yellow border and Blue inside with white border is A; opposite is B
howtoimprove:
engagement:10
difficulty:8
physicalaids:no