74,1,1,12,3,INSTRUCT,instruct1,21511
74,1,1,12,3,INSTRUCT,instructCatExample,19774
74,1,1,12,3,INSTRUCT,instructCatColor,12427
74,1,1,12,3,INSTRUCT,instructCatStripe,18088
74,1,1,12,3,INSTRUCT,instructDemoIntro,35269
74,1,1,12,3,INSTRUCT,instructDemo,27490
74,1,1,12,3,INSTRUCT,instructTest,22068
74,1,1,12,3,INSTRUCT,instructTest2,51445
74,1,1,12,3,INSTRUCT,instructDimColor,12582
74,1,1,12,3,INSTRUCT,instructDimBorder,3440
74,1,1,12,3,INSTRUCT,instructDimDots,3841
74,1,1,12,3,INSTRUCT,instructDimStripe,4368
74,1,1,12,3,INSTRUCT,instructDimAll,13820
74,1,1,12,3,INSTRUCT,instructFinal,37615
74,1,1,12,3,1,1,TRAINING,2,8,1,0,24731065,8b102a93,4659
74,1,1,12,3,1,2,TRAINING,0,10,0,5,27431065,81b02a93,2916
74,1,1,12,3,1,3,TRAINING,7,1,0,1,27435061,81b03a92,3181
74,1,1,12,3,1,4,TRAINING,1,2,1,7,67435021,91b03a82,2464
74,1,1,12,3,1,5,TRAINING,6,9,1,0,67534021,9130ba82,3585
74,1,1,12,3,1,6,TRAINING,2,8,1,6,67543021,913b0a82,2891
74,1,1,12,3,1,7,TRAINING,4,11,0,5,67503421,913a0b82,3036
74,1,1,12,3,1,8,TRAINING,1,2,1,7,67305421,910a3b82,2219
74,1,1,12,3,1,9,TRAINING,4,11,0,5,65307421,930a1b82,6526
74,1,1,12,3,1,10,TRAINING,0,10,0,3,65207431,938a1b02,1915
74,1,1,12,3,1,11,TRAINING,3,0,0,6,65107432,932a1b08,2427
74,1,1,12,3,1,12,TRAINING,5,3,1,1,65102437,932a8b01,5223
74,1,1,12,3,1,13,TRAINING,3,0,0,6,65702431,931a8b02,1560
74,1,1,12,3,1,14,TRAINING,6,9,1,0,65742031,931b8a02,2001
74,1,1,12,3,1,15,TRAINING,5,3,1,1,65740231,931ba802,1869
74,1,1,12,3,1,16,TRAINING,7,1,0,2,65720431,9318ab02,2083
74,1,1,12,3,1,17,TEST,5,3,1,1,true,3209
74,1,1,12,3,1,18,TEST,4,11,0,1,false,3680
74,1,1,12,3,1,19,TEST,1,2,1,0,false,828
74,1,1,12,3,1,20,TEST,6,9,1,1,true,1235
74,1,1,12,3,1,21,TEST,3,0,0,0,true,621
74,1,1,12,3,1,22,TEST,2,8,1,0,false,1437
74,1,1,12,3,1,23,TEST,0,10,0,0,true,1891
74,1,1,12,3,1,24,TEST,7,1,0,1,false,904
74,1,1,12,3,2,25,TRAINING,6,9,1,5,12305647,280a39b1,6269
74,1,1,12,3,2,26,TRAINING,3,0,0,2,12345607,280b39a1,2733
74,1,1,12,3,2,27,TRAINING,1,2,1,3,42315607,b80239a1,2731
74,1,1,12,3,2,28,TRAINING,2,8,1,1,42315067,b8023a91,6370
74,1,1,12,3,2,29,TRAINING,0,10,0,5,42615037,b8923a01,6539
74,1,1,12,3,2,30,TRAINING,0,10,0,5,42165037,b8293a01,2038
74,1,1,12,3,2,31,TRAINING,7,1,0,6,42165073,b8293a10,1815
74,1,1,12,3,2,32,TRAINING,4,11,0,0,43165072,b0293a18,36236
74,1,1,12,3,2,33,TRAINING,4,11,0,0,45163072,b3290a18,2731
74,1,1,12,3,2,34,TRAINING,7,1,0,3,45173062,b3210a98,1820
74,1,1,12,3,2,35,TRAINING,6,9,1,6,41573062,b2310a98,4244
74,1,1,12,3,2,36,TRAINING,5,3,1,2,14573062,2b310a98,3197
74,1,1,12,3,2,37,TRAINING,2,8,1,7,10573462,2a310b98,4403
74,1,1,12,3,2,38,TRAINING,3,0,0,4,10543762,2a3b0198,5808
74,1,1,12,3,2,39,TRAINING,5,3,1,5,10743562,2a1b0398,1538
74,1,1,12,3,2,40,TRAINING,1,2,1,0,10723564,2a18039b,3960
74,1,1,12,3,2,41,TEST,5,3,1,0,false,1509
74,1,1,12,3,2,42,TEST,7,1,0,1,false,1667
74,1,1,12,3,2,43,TEST,0,10,0,1,false,2868
74,1,1,12,3,2,44,TEST,6,9,1,0,false,1489
74,1,1,12,3,2,45,TEST,4,11,0,1,false,4951
74,1,1,12,3,2,46,TEST,3,0,0,1,false,1626
74,1,1,12,3,2,47,TEST,1,2,1,0,false,718
74,1,1,12,3,2,48,TEST,2,8,1,0,false,635
74,1,1,12,3,3,49,TRAINING,3,0,0,3,67034521,91a0b382,17063
74,1,1,12,3,3,50,TRAINING,6,9,1,0,60734521,9a10b382,4890
74,1,1,12,3,3,51,TRAINING,0,10,0,1,60234571,9a80b312,5236
74,1,1,12,3,3,52,TRAINING,1,2,1,4,60231574,9a80231b,6441
74,1,1,12,3,3,53,TRAINING,4,11,0,7,20631574,8a90231b,1962
74,1,1,12,3,3,54,TRAINING,6,9,1,2,50631274,3a90281b,2206
74,1,1,12,3,3,55,TRAINING,2,8,1,5,57631204,319028ab,2081
74,1,1,12,3,3,56,TRAINING,3,0,0,3,57631240,319028ba,3543
74,1,1,12,3,3,57,TRAINING,5,3,1,0,57630241,3190a8b2,1818
74,1,1,12,3,3,58,TRAINING,2,8,1,5,51630247,3290a8b1,5783
74,1,1,12,3,3,59,TRAINING,4,11,0,6,51603247,329a08b1,1882
74,1,1,12,3,3,60,TRAINING,7,1,0,3,51673240,329108ba,2841
74,1,1,12,3,3,61,TRAINING,5,3,1,0,51672340,329180ba,2377
74,1,1,12,3,3,62,TRAINING,1,2,1,4,52671340,389120ba,5749
74,1,1,12,3,3,63,TRAINING,7,1,0,3,52671304,389120ab,2950
74,1,1,12,3,3,64,TRAINING,0,10,0,6,32671504,089123ab,1646
74,1,1,12,3,3,65,TEST,0,10,0,0,true,778
74,1,1,12,3,3,66,TEST,2,8,1,1,true,2014
74,1,1,12,3,3,67,TEST,3,0,0,0,true,1878
74,1,1,12,3,3,68,TEST,7,1,0,0,true,624
74,1,1,12,3,3,69,TEST,4,11,0,1,false,1121
74,1,1,12,3,3,70,TEST,6,9,1,0,false,941
74,1,1,12,3,3,71,TEST,1,2,1,0,false,3855
74,1,1,12,3,3,72,TEST,5,3,1,0,false,1564
74,1,1,12,3,4,73,TRAINING,5,3,1,2,41573206,b23108a9,8670
74,1,1,12,3,4,74,TRAINING,3,0,0,6,41570236,b231a809,5881
74,1,1,12,3,4,75,TRAINING,4,11,0,0,41520736,b238a109,5281
74,1,1,12,3,4,76,TRAINING,1,2,1,1,41560732,b239a108,12849
74,1,1,12,3,4,77,TRAINING,0,10,0,4,41650732,b293a108,1756
74,1,1,12,3,4,78,TRAINING,1,2,1,1,41750632,b213a908,2118
74,1,1,12,3,4,79,TRAINING,4,11,0,0,41760532,b219a308,3936
74,1,1,12,3,4,80,TRAINING,7,1,0,2,41706532,b21a9308,5050
74,1,1,12,3,4,81,TRAINING,6,9,1,4,45706132,b31a9208,1880
74,1,1,12,3,4,82,TRAINING,7,1,0,2,45726130,b318920a,1676
74,1,1,12,3,4,83,TRAINING,5,3,1,1,45736120,b310928a,2754
74,1,1,12,3,4,84,TRAINING,0,10,0,7,15736420,23109b8a,2087
74,1,1,12,3,4,85,TRAINING,2,8,1,6,15376420,23019b8a,1746
74,1,1,12,3,4,86,TRAINING,6,9,1,1,16375420,29013b8a,1558
74,1,1,12,3,4,87,TRAINING,3,0,0,2,16357420,29031b8a,1232
74,1,1,12,3,4,88,TRAINING,2,8,1,6,56317420,39021b8a,1890
74,1,1,12,3,4,89,TEST,0,10,0,1,false,5268
74,1,1,12,3,4,90,TEST,4,11,0,1,false,1590
74,1,1,12,3,4,91,TEST,2,8,1,0,false,1975
74,1,1,12,3,4,92,TEST,6,9,1,0,false,1784
74,1,1,12,3,4,93,TEST,1,2,1,0,false,1391
74,1,1,12,3,4,94,TEST,7,1,0,1,false,643
74,1,1,12,3,4,95,TEST,3,0,0,1,false,562
74,1,1,12,3,4,96,TEST,5,3,1,0,false,1587
74,1,1,12,3,5,97,TRAINING,3,0,0,5,24507316,8b3a1029,8478
74,1,1,12,3,5,98,TRAINING,2,8,1,7,64507312,9b3a1028,3793
74,1,1,12,3,5,99,TRAINING,0,10,0,0,04567312,ab391028,5235
74,1,1,12,3,5,100,TRAINING,1,2,1,6,05467312,a3b91028,4979
74,1,1,12,3,5,101,TRAINING,0,10,0,0,05462317,a3b98021,1732
74,1,1,12,3,5,102,TRAINING,6,9,1,3,05264317,a389b021,3759
74,1,1,12,3,5,103,TRAINING,5,3,1,4,04265317,ab893021,2319
74,1,1,12,3,5,104,TRAINING,6,9,1,3,04265713,ab893120,1805
74,1,1,12,3,5,105,TRAINING,4,11,0,1,74265013,1b893a20,1564
74,1,1,12,3,5,106,TRAINING,1,2,1,6,74260513,1b89a320,1937
74,1,1,12,3,5,107,TRAINING,7,1,0,7,34260517,0b89a321,2146
74,1,1,12,3,5,108,TRAINING,3,0,0,0,34620517,0b98a321,1548
74,1,1,12,3,5,109,TRAINING,4,11,0,5,35620417,0398ab21,2465
74,1,1,12,3,5,110,TRAINING,2,8,1,2,35260417,0389ab21,1968
74,1,1,12,3,5,111,TRAINING,7,1,0,7,35210467,0382ab91,9333
74,1,1,12,3,5,112,TRAINING,5,3,1,1,15230467,2380ab91,9860
74,1,1,12,3,5,113,TEST,2,8,1,1,true,4891
74,1,1,12,3,5,114,TEST,7,1,0,0,true,2502
74,1,1,12,3,5,115,TEST,5,3,1,1,true,7261
74,1,1,12,3,5,116,TEST,0,10,0,0,true,1685
74,1,1,12,3,5,117,TEST,3,0,0,0,true,2929
74,1,1,12,3,5,118,TEST,6,9,1,1,true,1319
74,1,1,12,3,5,119,TEST,1,2,1,1,true,4149
74,1,1,12,3,5,120,TEST,4,11,0,0,true,1097
74,1,1,12,3,6,121,TRAINING,1,2,1,7,34570621,0b31a982,8194
74,1,1,12,3,6,122,TRAINING,2,8,1,6,64570321,9b31a082,3966
74,1,1,12,3,6,123,TRAINING,5,3,1,2,46570321,b931a082,3327
74,1,1,12,3,6,124,TRAINING,0,10,0,4,46570123,b931a280,2867
74,1,1,12,3,6,125,TRAINING,1,2,1,5,42570163,b831a290,1791
74,1,1,12,3,6,126,TRAINING,2,8,1,2,45270163,b381a290,2453
74,1,1,12,3,6,127,TRAINING,7,1,0,6,45260173,b389a210,1625
74,1,1,12,3,6,128,TRAINING,4,11,0,4,05264173,a389b210,1780
74,1,1,12,3,6,129,TRAINING,3,0,0,7,06254173,a983b210,2613
74,1,1,12,3,6,130,TRAINING,6,9,1,1,76254103,1983b2a0,2819
74,1,1,12,3,6,131,TRAINING,3,0,0,7,76154203,1923b8a0,5063
74,1,1,12,3,6,132,TRAINING,5,3,1,4,76145203,192b38a0,3929
74,1,1,12,3,6,133,TRAINING,6,9,1,1,76415203,19b238a0,4138
74,1,1,12,3,6,134,TRAINING,4,11,0,7,76315204,190238ab,6567
74,1,1,12,3,6,135,TRAINING,0,10,0,0,06315274,a902381b,2281
74,1,1,12,3,6,136,TRAINING,7,1,0,6,05316274,a302981b,5769
74,1,1,12,3,6,137,TEST,0,10,0,0,true,3587
74,1,1,12,3,6,138,TEST,7,1,0,0,true,1830
74,1,1,12,3,6,139,TEST,1,2,1,1,true,2319
74,1,1,12,3,6,140,TEST,2,8,1,1,true,3870
74,1,1,12,3,6,141,TEST,6,9,1,1,true,901
74,1,1,12,3,6,142,TEST,5,3,1,1,true,3174
74,1,1,12,3,6,143,TEST,3,0,0,0,true,3856
74,1,1,12,3,6,144,TEST,4,11,0,0,true,6232
74,1,1,12,3,INSTRUCT,postquestionnaire,1

rulestrategy:A = blue rough
A = smooth purple
B = smooth blue
B = purple rough
color of border and diagonal line not important

howtoimprove:The test was fine, however this screen is a pain. Make scroll bars or something it just took me several minutes to figure out how to move down the page. The only way I can do it on my machine is the tab button.
engagement:10
difficulty:9
physicalaids:no