76,0,2,7,12,INSTRUCT,instruct1,10671
76,0,2,7,12,INSTRUCT,instructCatExample,6815
76,0,2,7,12,INSTRUCT,instructCatColor,4482
76,0,2,7,12,INSTRUCT,instructCatStripe,4087
76,0,2,7,12,INSTRUCT,instructDemoIntro,15118
76,0,2,7,12,INSTRUCT,instructDemo,193045
76,0,2,7,12,INSTRUCT,instructTest,28922
76,0,2,7,12,INSTRUCT,instructTest2,22465
76,0,2,7,12,INSTRUCT,instructDimColor,15325
76,0,2,7,12,INSTRUCT,instructDimBorder,2205
76,0,2,7,12,INSTRUCT,instructDimDots,2246
76,0,2,7,12,INSTRUCT,instructDimStripe,2142
76,0,2,7,12,INSTRUCT,instructDimAll,8142
76,0,2,7,12,INSTRUCT,instructFinal,23155
76,0,2,7,12,1,1,TRAINING,0,9,1,1,40265731,89dcaefb,19016
76,0,2,7,12,1,2,TRAINING,4,8,1,0,40625731,89cdaefb,22402
76,0,2,7,12,1,3,TRAINING,1,11,0,7,40325761,89fdaecb,12281
76,0,2,7,12,1,4,TRAINING,5,10,1,2,40523761,89adfecb,1229
76,0,2,7,12,1,5,TRAINING,5,10,1,2,40532761,89afdecb,5338
76,0,2,7,12,1,6,TRAINING,3,15,0,6,40562731,89acdefb,14017
76,0,2,7,12,1,7,TRAINING,7,14,0,5,20564731,d9ac8efb,3067
76,0,2,7,12,1,8,TRAINING,2,13,1,0,24560731,d8ac9efb,18873
76,0,2,7,12,1,9,TRAINING,6,12,0,3,24160735,d8bc9efa,2258
76,0,2,7,12,1,10,TRAINING,0,9,1,4,24560731,d8ac9efb,9581
76,0,2,7,12,1,11,TRAINING,4,8,1,1,24560713,d8ac9ebf,1076
76,0,2,7,12,1,12,TRAINING,1,11,0,0,14560723,b8ac9edf,72168
76,0,2,7,12,1,13,TRAINING,1,11,0,0,14065723,b89caedf,3592
76,0,2,7,12,1,14,TRAINING,5,10,1,4,14265703,b8dcae9f,1362
76,0,2,7,12,1,15,TRAINING,2,13,1,2,13265704,bfdcae98,1583
76,0,2,7,12,1,16,TRAINING,6,12,0,3,31265704,fbdcae98,1681
76,0,2,7,12,1,17,TEST,7,14,0,1,false,9487
76,0,2,7,12,1,18,TEST,4,8,1,1,true,8255
76,0,2,7,12,1,19,TEST,6,12,0,0,true,7879
76,0,2,7,12,1,20,TEST,2,13,1,1,true,4040
76,0,2,7,12,1,21,TEST,3,15,0,0,true,4666
76,0,2,7,12,1,22,TEST,1,11,0,0,true,11010
76,0,2,7,12,1,23,TEST,0,9,1,1,true,3885
76,0,2,7,12,1,24,TEST,5,10,1,1,true,2086
76,0,2,7,12,2,25,TRAINING,0,9,1,1,10243576,b9d8faec,16108
76,0,2,7,12,2,26,TRAINING,4,8,1,4,10234576,b9df8aec,2170
76,0,2,7,12,2,27,TRAINING,5,10,1,5,70234516,e9df8abc,6440
76,0,2,7,12,2,28,TRAINING,1,11,0,6,70634512,e9cf8abd,1223
76,0,2,7,12,2,29,TRAINING,7,14,0,0,70436512,e98fcabd,4668
76,0,2,7,12,2,30,TRAINING,3,15,0,2,70346512,e9f8cabd,1531
76,0,2,7,12,2,31,TRAINING,6,12,0,4,70316542,e9fbca8d,6093
76,0,2,7,12,2,32,TRAINING,2,13,1,1,72316540,edfbca89,1871
76,0,2,7,12,2,33,TRAINING,5,10,1,5,72416530,ed8bcaf9,6579
76,0,2,7,12,2,34,TRAINING,4,8,1,2,02416537,9d8bcafe,1454
76,0,2,7,12,2,35,TRAINING,7,14,0,7,02413567,9d8bface,959
76,0,2,7,12,2,36,TRAINING,6,12,0,3,02463517,9d8cfabe,1282
76,0,2,7,12,2,37,TRAINING,2,13,1,1,02364517,9dfc8abe,1339
76,0,2,7,12,2,38,TRAINING,1,11,0,4,02361547,9dfcba8e,1279
76,0,2,7,12,2,39,TRAINING,3,15,0,2,02361574,9dfcbae8,1040
76,0,2,7,12,2,40,TRAINING,2,13,1,1,02361754,9dfcbea8,942
76,0,2,7,12,2,41,TEST,1,11,0,1,false,2194
76,0,2,7,12,2,42,TEST,0,9,1,0,false,1378
76,0,2,7,12,2,43,TEST,7,14,0,0,true,2227
76,0,2,7,12,2,44,TEST,3,15,0,1,false,2089
76,0,2,7,12,2,45,TEST,5,10,1,0,false,1469
76,0,2,7,12,2,46,TEST,4,8,1,1,true,1119
76,0,2,7,12,2,47,TEST,2,13,1,1,true,1669
76,0,2,7,12,2,48,TEST,6,12,0,0,true,1133
76,0,2,7,12,3,49,TRAINING,0,9,1,0,03574126,9fae8bdc,59077
76,0,2,7,12,3,50,TRAINING,4,8,1,4,07534126,9eaf8bdc,1054
76,0,2,7,12,3,51,TRAINING,2,13,1,6,07634125,9ecf8bda,2386
76,0,2,7,12,3,52,TRAINING,6,12,0,2,01634725,9bcf8eda,1256
76,0,2,7,12,3,53,TRAINING,1,11,0,0,10634725,b9cf8eda,9442
76,0,2,7,12,3,54,TRAINING,0,9,1,6,12634705,bdcf8e9a,2666
76,0,2,7,12,3,55,TRAINING,3,15,0,3,12734605,bdef8c9a,1923
76,0,2,7,12,3,56,TRAINING,2,13,1,1,12634705,bdcf8e9a,1562
76,0,2,7,12,3,57,TRAINING,2,13,1,1,62134705,cdbf8e9a,16908
76,0,2,7,12,3,58,TRAINING,3,15,0,3,62034715,cd9f8eba,1676
76,0,2,7,12,3,59,TRAINING,0,9,1,6,62134705,cdbf8e9a,7983
76,0,2,7,12,3,60,TRAINING,6,12,0,0,64132705,c8bfde9a,3601
76,0,2,7,12,3,61,TRAINING,1,11,0,2,64172305,c8bedf9a,2527
76,0,2,7,12,3,62,TRAINING,7,14,0,4,64127305,c8bdef9a,1594
76,0,2,7,12,3,63,TRAINING,3,15,0,5,24167305,d8bcef9a,3640
76,0,2,7,12,3,64,TRAINING,5,10,1,7,21467305,db8cef9a,1518
76,0,2,7,12,3,65,TEST,4,8,1,1,true,4644
76,0,2,7,12,3,66,TEST,3,15,0,0,true,10849
76,0,2,7,12,3,67,TEST,1,11,0,0,true,3070
76,0,2,7,12,3,68,TEST,7,14,0,0,true,3795
76,0,2,7,12,3,69,TEST,0,9,1,1,true,1272
76,0,2,7,12,3,70,TEST,2,13,1,1,true,1651
76,0,2,7,12,3,71,TEST,5,10,1,0,false,3634
76,0,2,7,12,3,72,TEST,6,12,0,0,true,848
76,0,2,7,12,4,73,TRAINING,4,8,1,1,64532170,c8afdbe9,250751
76,0,2,7,12,4,74,TRAINING,0,9,1,2,64032175,c89fdbea,1628
76,0,2,7,12,4,75,TRAINING,2,13,1,4,64032571,c89fdaeb,962
76,0,2,7,12,4,76,TRAINING,6,12,0,0,64072531,c89edafb,2704
76,0,2,7,12,4,77,TRAINING,5,10,1,5,64032571,c89fdaeb,4091
76,0,2,7,12,4,78,TRAINING,7,14,0,1,67032541,ce9fda8b,1939
76,0,2,7,12,4,79,TRAINING,1,11,0,7,67023541,ce9dfa8b,1042
76,0,2,7,12,4,80,TRAINING,3,15,0,4,67043521,ce98fadb,1353
76,0,2,7,12,4,81,TRAINING,7,14,0,1,67023541,ce9dfa8b,32319
76,0,2,7,12,4,82,TRAINING,3,15,0,4,67043521,ce98fadb,1707
76,0,2,7,12,4,83,TRAINING,2,13,1,2,67243501,ced8fa9b,1086
76,0,2,7,12,4,84,TRAINING,1,11,0,7,07243561,9ed8facb,3111
76,0,2,7,12,4,85,TRAINING,5,10,1,5,06243571,9cd8faeb,2156
76,0,2,7,12,4,86,TRAINING,4,8,1,3,03246571,9fd8caeb,61972
76,0,2,7,12,4,87,TRAINING,1,11,0,7,03247561,9fd8eacb,2209
76,0,2,7,12,4,88,TRAINING,5,10,1,5,06247531,9cd8eafb,1043
76,0,2,7,12,4,89,TEST,5,10,1,1,true,9677
76,0,2,7,12,4,90,TEST,3,15,0,0,true,7679
76,0,2,7,12,4,91,TEST,4,8,1,1,true,1792
76,0,2,7,12,4,92,TEST,7,14,0,0,true,2307
76,0,2,7,12,4,93,TEST,6,12,0,1,false,8708
76,0,2,7,12,4,94,TEST,1,11,0,0,true,882
76,0,2,7,12,4,95,TEST,0,9,1,1,true,1559
76,0,2,7,12,4,96,TEST,2,13,1,0,false,2619
76,0,2,7,12,5,97,TRAINING,0,9,1,3,34502167,f8a9dbce,24364
76,0,2,7,12,5,98,TRAINING,4,8,1,1,34205167,f8d9abce,1134
76,0,2,7,12,5,99,TRAINING,1,11,0,2,34105267,f8b9adce,2691
76,0,2,7,12,5,100,TRAINING,5,10,1,4,04135267,98bfadce,1281
76,0,2,7,12,5,101,TRAINING,3,15,0,3,04135276,98bfadec,2045
76,0,2,7,12,5,102,TRAINING,7,14,0,6,40135276,89bfadec,1457
76,0,2,7,12,5,103,TRAINING,7,14,0,6,40135672,89bfaced,2223
76,0,2,7,12,5,104,TRAINING,2,13,1,7,41035672,8b9faced,6163
76,0,2,7,12,5,105,TRAINING,6,12,0,5,40135672,89bfaced,1148
76,0,2,7,12,5,106,TRAINING,4,8,1,0,47135602,8ebfac9d,2305
76,0,2,7,12,5,107,TRAINING,0,9,1,6,47315602,8efbac9d,1071
76,0,2,7,12,5,108,TRAINING,5,10,1,5,47316502,8efbca9d,1186
76,0,2,7,12,5,109,TRAINING,1,11,0,3,43716502,8febca9d,1203
76,0,2,7,12,5,110,TRAINING,7,14,0,2,42716503,8debca9f,1326
76,0,2,7,12,5,111,TRAINING,0,9,1,4,42710563,8deb9acf,943
76,0,2,7,12,5,112,TRAINING,2,13,1,5,45710263,8aeb9dcf,991
76,0,2,7,12,5,113,TEST,2,13,1,1,true,9840
76,0,2,7,12,5,114,TEST,4,8,1,1,true,2413
76,0,2,7,12,5,115,TEST,1,11,0,0,true,3992
76,0,2,7,12,5,116,TEST,3,15,0,0,true,3146
76,0,2,7,12,5,117,TEST,6,12,0,0,true,3650
76,0,2,7,12,5,118,TEST,0,9,1,1,true,2187
76,0,2,7,12,5,119,TEST,5,10,1,1,true,3944
76,0,2,7,12,5,120,TEST,7,14,0,0,true,1837
76,0,2,7,12,6,121,TRAINING,5,10,1,1,65324107,cafd8b9e,1673
76,0,2,7,12,6,122,TRAINING,4,8,1,4,65724103,caed8b9f,4484
76,0,2,7,12,6,123,TRAINING,0,9,1,7,65724130,caed8bf9,2280
76,0,2,7,12,6,124,TRAINING,2,13,1,3,65124730,cabd8ef9,1008
76,0,2,7,12,6,125,TRAINING,3,15,0,6,15624730,bacd8ef9,1312
76,0,2,7,12,6,126,TRAINING,4,8,1,1,14625730,b8cdaef9,983
76,0,2,7,12,6,127,TRAINING,1,11,0,0,14627530,b8cdeaf9,1343
76,0,2,7,12,6,128,TRAINING,5,10,1,5,14267530,b8dceaf9,1448
76,0,2,7,12,6,129,TRAINING,6,12,0,3,10267534,b9dceaf8,2033
76,0,2,7,12,6,130,TRAINING,2,13,1,2,01267534,9bdceaf8,1863
76,0,2,7,12,6,131,TRAINING,3,15,0,1,03267514,9fdceab8,1268
76,0,2,7,12,6,132,TRAINING,7,14,0,0,73260514,efdc9ab8,1499
76,0,2,7,12,6,133,TRAINING,5,10,1,5,73260541,efdc9a8b,1069
76,0,2,7,12,6,134,TRAINING,1,11,0,7,72360541,edfc9a8b,1460
76,0,2,7,12,6,135,TRAINING,4,8,1,6,62370541,cdfe9a8b,970
76,0,2,7,12,6,136,TRAINING,0,9,1,4,72360541,edfc9a8b,1239
76,0,2,7,12,6,137,TEST,6,12,0,0,true,5527
76,0,2,7,12,6,138,TEST,4,8,1,1,true,3015
76,0,2,7,12,6,139,TEST,1,11,0,0,true,1862
76,0,2,7,12,6,140,TEST,5,10,1,1,true,1971
76,0,2,7,12,6,141,TEST,3,15,0,0,true,3136
76,0,2,7,12,6,142,TEST,7,14,0,0,true,1338
76,0,2,7,12,6,143,TEST,0,9,1,1,true,3257
76,0,2,7,12,6,144,TEST,2,13,1,1,true,3952
76,0,2,7,12,INSTRUCT,postquestionnaire,2

rulestrategy:The smooth were all B, except the yellow stripe.  The dotted were all A, except the the white stripe.
howtoimprove:no
engagement:9
difficulty:10
physicalaids:no