79,1,2,22,6,INSTRUCT,instruct1,7490
79,1,2,22,6,INSTRUCT,instructCatExample,9159
79,1,2,22,6,INSTRUCT,instructCatColor,4828
79,1,2,22,6,INSTRUCT,instructCatStripe,6619
79,1,2,22,6,INSTRUCT,instructDemoIntro,5657
79,1,2,22,6,INSTRUCT,instructDemo,13959
79,1,2,22,6,INSTRUCT,instructTest,17244
79,1,2,22,6,INSTRUCT,instructTest2,13251
79,1,2,22,6,INSTRUCT,instructDimColor,8199
79,1,2,22,6,INSTRUCT,instructDimBorder,3747
79,1,2,22,6,INSTRUCT,instructDimDots,3039
79,1,2,22,6,INSTRUCT,instructDimStripe,2032
79,1,2,22,6,INSTRUCT,instructDimAll,5803
79,1,2,22,6,INSTRUCT,instructFinal,12604
79,1,2,22,6,1,1,TRAINING,5,3,1,7,21037645,8ba91023,2913
79,1,2,22,6,1,2,TRAINING,7,1,0,2,21730645,8b19a023,3365
79,1,2,22,6,1,3,TRAINING,2,8,1,0,20731645,8a19b023,2125
79,1,2,22,6,1,4,TRAINING,1,11,0,4,26731045,8019ba23,2214
79,1,2,22,6,1,5,TRAINING,0,10,1,2,26031745,80a9b123,1574
79,1,2,22,6,1,6,TRAINING,6,0,0,6,24031765,82a9b103,1637
79,1,2,22,6,1,7,TRAINING,7,1,0,5,34021765,92a8b103,1721
79,1,2,22,6,1,8,TRAINING,3,9,0,0,34201765,928ab103,1846
79,1,2,22,6,1,9,TRAINING,2,8,1,2,30241765,9a82b103,1676
79,1,2,22,6,1,10,TRAINING,1,11,0,4,34201765,928ab103,4337
79,1,2,22,6,1,11,TRAINING,3,9,0,7,54201763,328ab109,1871
79,1,2,22,6,1,12,TRAINING,4,2,1,1,54201673,328ab019,2220
79,1,2,22,6,1,13,TRAINING,0,10,1,3,24501673,823ab019,1844
79,1,2,22,6,1,14,TRAINING,4,2,1,1,54201673,328ab019,3440
79,1,2,22,6,1,15,TRAINING,5,3,1,0,54206173,328a0b19,3028
79,1,2,22,6,1,16,TRAINING,6,0,0,7,54203176,328a9b10,1623
79,1,2,22,6,1,17,TEST,3,9,0,0,true,846
79,1,2,22,6,1,18,TEST,4,2,1,1,true,1415
79,1,2,22,6,1,19,TEST,2,8,1,0,false,787
79,1,2,22,6,1,20,TEST,1,11,0,1,false,1068
79,1,2,22,6,1,21,TEST,7,1,0,0,true,819
79,1,2,22,6,1,22,TEST,0,10,1,1,true,1076
79,1,2,22,6,1,23,TEST,5,3,1,1,true,629
79,1,2,22,6,1,24,TEST,6,0,0,0,true,457
79,1,2,22,6,2,25,TRAINING,4,2,1,3,61047325,0ba21983,3827
79,1,2,22,6,2,26,TRAINING,1,11,0,1,61547320,0b32198a,1982
79,1,2,22,6,2,27,TRAINING,2,8,1,2,61247350,0b82193a,1352
79,1,2,22,6,2,28,TRAINING,5,3,1,5,61247530,0b82139a,1443
79,1,2,22,6,2,29,TRAINING,6,0,0,7,01247536,ab821390,3460
79,1,2,22,6,2,30,TRAINING,3,9,0,1,03247516,a98213b0,1332
79,1,2,22,6,2,31,TRAINING,2,8,1,3,03427516,a92813b0,1409
79,1,2,22,6,2,32,TRAINING,7,1,0,4,03527416,a93812b0,1783
79,1,2,22,6,2,33,TRAINING,6,0,0,7,04527316,a23819b0,1590
79,1,2,22,6,2,34,TRAINING,0,10,1,0,05427316,a32819b0,1517
79,1,2,22,6,2,35,TRAINING,0,10,1,0,01427356,ab281930,1332
79,1,2,22,6,2,36,TRAINING,3,9,0,2,01327456,ab981230,1526
79,1,2,22,6,2,37,TRAINING,7,1,0,7,01326457,ab980231,1431
79,1,2,22,6,2,38,TRAINING,5,3,1,6,04326157,a2980b31,1383
79,1,2,22,6,2,39,TRAINING,4,2,1,2,03426157,a9280b31,1299
79,1,2,22,6,2,40,TRAINING,1,11,0,5,03427156,a9281b30,1264
79,1,2,22,6,2,41,TEST,0,10,1,1,true,1884
79,1,2,22,6,2,42,TEST,6,0,0,1,false,410
79,1,2,22,6,2,43,TEST,4,2,1,1,true,397
79,1,2,22,6,2,44,TEST,7,1,0,0,true,458
79,1,2,22,6,2,45,TEST,3,9,0,0,true,398
79,1,2,22,6,2,46,TEST,1,11,0,0,true,397
79,1,2,22,6,2,47,TEST,5,3,1,0,false,434
79,1,2,22,6,2,48,TEST,2,8,1,1,true,540
79,1,2,22,6,3,49,TRAINING,2,8,1,6,73410526,192ba380,1191
79,1,2,22,6,3,50,TRAINING,7,1,0,0,71430526,1b29a380,1430
79,1,2,22,6,3,51,TRAINING,1,11,0,1,71403526,1b2a9380,1332
79,1,2,22,6,3,52,TRAINING,2,8,1,6,71304526,1b9a2380,1360
79,1,2,22,6,3,53,TRAINING,5,3,1,5,71340526,1b92a380,1394
79,1,2,22,6,3,54,TRAINING,4,2,1,3,31740526,9b12a380,1942
79,1,2,22,6,3,55,TRAINING,5,3,1,5,31640527,9b02a381,1611
79,1,2,22,6,3,56,TRAINING,6,0,0,2,31640572,9b02a318,1457
79,1,2,22,6,3,57,TRAINING,1,11,0,1,31640527,9b02a381,1392
79,1,2,22,6,3,58,TRAINING,3,9,0,5,51640327,3b02a981,1370
79,1,2,22,6,3,59,TRAINING,0,10,1,4,51740326,3b12a980,1417
79,1,2,22,6,3,60,TRAINING,7,1,0,2,21740356,8b12a930,1606
79,1,2,22,6,3,61,TRAINING,3,9,0,1,23740156,8912ab30,1334
79,1,2,22,6,3,62,TRAINING,4,2,1,3,23741056,8912ba30,2344
79,1,2,22,6,3,63,TRAINING,0,10,1,5,23541076,8932ba10,1784
79,1,2,22,6,3,64,TRAINING,6,0,0,4,23546071,89320a1b,1635
79,1,2,22,6,3,65,TEST,6,0,0,0,true,790
79,1,2,22,6,3,66,TEST,7,1,0,0,true,1321
79,1,2,22,6,3,67,TEST,0,10,1,1,true,2576
79,1,2,22,6,3,68,TEST,2,8,1,0,false,602
79,1,2,22,6,3,69,TEST,3,9,0,0,true,925
79,1,2,22,6,3,70,TEST,5,3,1,1,true,1529
79,1,2,22,6,3,71,TEST,1,11,0,1,false,786
79,1,2,22,6,3,72,TEST,4,2,1,1,true,398
79,1,2,22,6,4,73,TRAINING,7,1,0,7,14236057,b2890a31,1156
79,1,2,22,6,4,74,TRAINING,3,9,0,3,64231057,0289ba31,2046
79,1,2,22,6,4,75,TRAINING,2,8,1,2,64230157,0289ab31,1436
79,1,2,22,6,4,76,TRAINING,2,8,1,2,64235107,02893ba1,1286
79,1,2,22,6,4,77,TRAINING,3,9,0,3,74235106,12893ba0,1466
79,1,2,22,6,4,78,TRAINING,4,2,1,6,70235146,1a893b20,1418
79,1,2,22,6,4,79,TRAINING,1,11,0,5,60235147,0a893b21,1395
79,1,2,22,6,4,80,TRAINING,5,3,1,3,60253147,0a839b21,1516
79,1,2,22,6,4,81,TRAINING,0,10,1,2,62053147,08a39b21,1346
79,1,2,22,6,4,82,TRAINING,6,0,0,7,72053146,18a39b20,1649
79,1,2,22,6,4,83,TRAINING,5,3,1,5,72013546,18ab9320,2197
79,1,2,22,6,4,84,TRAINING,4,2,1,6,12073546,b8a19320,1375
79,1,2,22,6,4,85,TRAINING,1,11,0,0,16073542,b0a19328,1412
79,1,2,22,6,4,86,TRAINING,7,1,0,3,16073245,b0a19823,2575
79,1,2,22,6,4,87,TRAINING,6,0,0,4,13076245,b9a10823,1591
79,1,2,22,6,4,88,TRAINING,0,10,1,2,14076235,b2a10893,1598
79,1,2,22,6,4,89,TEST,7,1,0,0,true,2213
79,1,2,22,6,4,90,TEST,6,0,0,1,false,917
79,1,2,22,6,4,91,TEST,1,11,0,0,true,409
79,1,2,22,6,4,92,TEST,2,8,1,1,true,556
79,1,2,22,6,4,93,TEST,0,10,1,1,true,380
79,1,2,22,6,4,94,TEST,5,3,1,0,false,403
79,1,2,22,6,4,95,TEST,3,9,0,1,false,645
79,1,2,22,6,4,96,TEST,4,2,1,0,false,1047
79,1,2,22,6,5,97,TRAINING,5,3,1,5,62340571,0892a31b,1133
79,1,2,22,6,5,98,TRAINING,6,0,0,0,63240571,0982a31b,1743
79,1,2,22,6,5,99,TRAINING,1,11,0,7,67240531,0182a39b,1639
79,1,2,22,6,5,100,TRAINING,6,0,0,0,62740531,0812a39b,1758
79,1,2,22,6,5,101,TRAINING,0,10,1,4,62470531,0821a39b,1430
79,1,2,22,6,5,102,TRAINING,3,9,0,3,62430571,0829a31b,1616
79,1,2,22,6,5,103,TRAINING,7,1,0,0,72430561,1829a30b,1235
79,1,2,22,6,5,104,TRAINING,2,8,1,7,71430562,1b29a308,1301
79,1,2,22,6,5,105,TRAINING,3,9,0,3,71034562,1ba92308,1265
79,1,2,22,6,5,106,TRAINING,4,2,1,4,71534062,1b392a08,1488
79,1,2,22,6,5,107,TRAINING,5,3,1,2,61534072,0b392a18,1515
79,1,2,22,6,5,108,TRAINING,4,2,1,4,63514072,093b2a18,1699
79,1,2,22,6,5,109,TRAINING,1,11,0,3,63514027,093b2a81,2858
79,1,2,22,6,5,110,TRAINING,0,10,1,5,65314027,039b2a81,2022
79,1,2,22,6,5,111,TRAINING,7,1,0,0,75314026,139b2a80,1369
79,1,2,22,6,5,112,TRAINING,2,8,1,6,75341026,1392ba80,1441
79,1,2,22,6,5,113,TEST,6,0,0,1,false,1043
79,1,2,22,6,5,114,TEST,3,9,0,0,true,581
79,1,2,22,6,5,115,TEST,0,10,1,0,false,395
79,1,2,22,6,5,116,TEST,7,1,0,1,false,422
79,1,2,22,6,5,117,TEST,4,2,1,1,true,371
79,1,2,22,6,5,118,TEST,1,11,0,0,true,359
79,1,2,22,6,5,119,TEST,2,8,1,0,false,371
79,1,2,22,6,5,120,TEST,5,3,1,1,true,483
79,1,2,22,6,6,121,TRAINING,0,10,1,1,40637125,2a091b83,1041
79,1,2,22,6,6,122,TRAINING,1,11,0,6,40637215,2a0918b3,1229
79,1,2,22,6,6,123,TRAINING,3,9,0,3,70634215,1a0928b3,1647
79,1,2,22,6,6,124,TRAINING,4,2,1,1,74630215,1209a8b3,1571
79,1,2,22,6,6,125,TRAINING,5,3,1,7,74631205,1209b8a3,1697
79,1,2,22,6,6,126,TRAINING,0,10,1,6,74621305,1208b9a3,1261
79,1,2,22,6,6,127,TRAINING,2,8,1,3,76421305,1028b9a3,1466
79,1,2,22,6,6,128,TRAINING,6,0,0,5,73421605,1928b0a3,1447
79,1,2,22,6,6,129,TRAINING,7,1,0,0,75421603,1328b0a9,1534
79,1,2,22,6,6,130,TRAINING,5,3,1,2,74521603,1238b0a9,1565
79,1,2,22,6,6,131,TRAINING,1,11,0,4,72541603,1832b0a9,1486
79,1,2,22,6,6,132,TRAINING,7,1,0,6,02541673,a832b019,1447
79,1,2,22,6,6,133,TRAINING,2,8,1,1,02561473,a830b219,1392
79,1,2,22,6,6,134,TRAINING,6,0,0,3,02563471,a830921b,1577
79,1,2,22,6,6,135,TRAINING,3,9,0,2,02365471,a890321b,1334
79,1,2,22,6,6,136,TRAINING,4,2,1,5,72365401,189032ab,1454
79,1,2,22,6,6,137,TEST,4,2,1,0,false,1030
79,1,2,22,6,6,138,TEST,7,1,0,1,false,991
79,1,2,22,6,6,139,TEST,2,8,1,1,true,846
79,1,2,22,6,6,140,TEST,0,10,1,0,false,700
79,1,2,22,6,6,141,TEST,3,9,0,1,false,880
79,1,2,22,6,6,142,TEST,6,0,0,1,false,345
79,1,2,22,6,6,143,TEST,5,3,1,0,false,1718
79,1,2,22,6,6,144,TEST,1,11,0,1,false,2326
79,1,2,22,6,7,145,TRAINING,5,3,1,4,17345620,b192308a,1030
79,1,2,22,6,7,146,TRAINING,0,10,1,7,17325640,b198302a,1332
79,1,2,22,6,7,147,TRAINING,2,8,1,3,14325670,b298301a,1393
79,1,2,22,6,7,148,TRAINING,6,0,0,2,14625370,b208391a,1490
79,1,2,22,6,7,149,TRAINING,5,3,1,4,17625340,b108392a,1989
79,1,2,22,6,7,150,TRAINING,7,1,0,1,07625341,a108392b,1868
79,1,2,22,6,7,151,TRAINING,1,11,0,3,07615342,a10b3928,1614
79,1,2,22,6,7,152,TRAINING,7,1,0,1,07615432,a10b3298,1661
79,1,2,22,6,7,153,TRAINING,3,9,0,6,57610432,310ba298,1528
79,1,2,22,6,7,154,TRAINING,4,2,1,5,67510432,013ba298,1331
79,1,2,22,6,7,155,TRAINING,6,0,0,1,76510432,103ba298,3340
79,1,2,22,6,7,156,TRAINING,3,9,0,6,76210435,108ba293,1783
79,1,2,22,6,7,157,TRAINING,0,10,1,0,06217435,a08b1293,1272
79,1,2,22,6,7,158,TRAINING,4,2,1,5,01267435,ab801293,1340
79,1,2,22,6,7,159,TRAINING,2,8,1,1,02167435,a8b01293,1394
79,1,2,22,6,7,160,TRAINING,1,11,0,2,32167405,98b012a3,1467
79,1,2,22,6,7,161,TEST,3,9,0,1,false,1020
79,1,2,22,6,7,162,TEST,1,11,0,1,false,388
79,1,2,22,6,7,163,TEST,7,1,0,1,false,459
79,1,2,22,6,7,164,TEST,0,10,1,1,true,394
79,1,2,22,6,7,165,TEST,5,3,1,1,true,363
79,1,2,22,6,7,166,TEST,6,0,0,0,true,528
79,1,2,22,6,7,167,TEST,2,8,1,0,false,390
79,1,2,22,6,7,168,TEST,4,2,1,1,true,482
79,1,2,22,6,8,169,TRAINING,7,1,0,6,20453671,8a23901b,1044
79,1,2,22,6,8,170,TRAINING,2,8,1,0,20153674,8ab39012,1990
79,1,2,22,6,8,171,TRAINING,5,3,1,3,24153670,82b3901a,1853
79,1,2,22,6,8,172,TRAINING,2,8,1,0,24653170,82039b1a,1540
79,1,2,22,6,8,173,TRAINING,0,10,1,5,24653071,82039a1b,1721
79,1,2,22,6,8,174,TRAINING,1,11,0,7,27653041,81039a2b,1430
79,1,2,22,6,8,175,TRAINING,3,9,0,4,47653021,21039a8b,1613
79,1,2,22,6,8,176,TRAINING,6,0,0,2,74653021,12039a8b,1514
79,1,2,22,6,8,177,TRAINING,4,2,1,5,70653421,1a03928b,1643
79,1,2,22,6,8,178,TRAINING,6,0,0,2,70651423,1a03b289,1418
79,1,2,22,6,8,179,TRAINING,1,11,0,4,72651403,1803b2a9,1855
79,1,2,22,6,8,180,TRAINING,0,10,1,5,72651043,1803ba29,1713
79,1,2,22,6,8,181,TRAINING,7,1,0,0,73651042,1903ba28,2051
79,1,2,22,6,8,182,TRAINING,3,9,0,1,73651024,1903ba82,1368
79,1,2,22,6,8,183,TRAINING,4,2,1,7,73651204,1903b8a2,1468
79,1,2,22,6,8,184,TRAINING,5,3,1,3,73651024,1903ba82,1829
79,1,2,22,6,8,185,TEST,5,3,1,0,false,835
79,1,2,22,6,8,186,TEST,3,9,0,1,false,569
79,1,2,22,6,8,187,TEST,7,1,0,1,false,382
79,1,2,22,6,8,188,TEST,2,8,1,0,false,410
79,1,2,22,6,8,189,TEST,1,11,0,1,false,760
79,1,2,22,6,8,190,TEST,4,2,1,0,false,394
79,1,2,22,6,8,191,TEST,0,10,1,0,false,350
79,1,2,22,6,8,192,TEST,6,0,0,0,true,455
79,1,2,22,6,9,193,TRAINING,1,11,0,0,14270356,b281a930,967
79,1,2,22,6,9,194,TRAINING,1,11,0,0,14276350,b281093a,1247
79,1,2,22,6,9,195,TRAINING,2,8,1,2,10276354,ba810932,1430
79,1,2,22,6,9,196,TRAINING,7,1,0,3,10273654,ba819032,1870
79,1,2,22,6,9,197,TRAINING,3,9,0,4,14273650,b281903a,1562
79,1,2,22,6,9,198,TRAINING,4,2,1,1,64273150,02819b3a,1368
79,1,2,22,6,9,199,TRAINING,7,1,0,5,64213750,028b913a,1515
79,1,2,22,6,9,200,TRAINING,6,0,0,0,64312750,029b813a,2001
79,1,2,22,6,9,201,TRAINING,2,8,1,4,60312754,0a9b8132,1458
79,1,2,22,6,9,202,TRAINING,5,3,1,6,60412753,0a2b8139,1452
79,1,2,22,6,9,203,TRAINING,0,10,1,1,60312754,0a9b8132,1952
79,1,2,22,6,9,204,TRAINING,4,2,1,7,10362754,ba908132,1698
79,1,2,22,6,9,205,TRAINING,0,10,1,1,10367254,ba901832,1412
79,1,2,22,6,9,206,TRAINING,6,0,0,2,10637254,ba091832,1423
79,1,2,22,6,9,207,TRAINING,5,3,1,6,10637452,ba091238,1393
79,1,2,22,6,9,208,TRAINING,3,9,0,3,14637052,b2091a38,1514
79,1,2,22,6,9,209,TEST,4,2,1,1,true,913
79,1,2,22,6,9,210,TEST,0,10,1,1,true,347
79,1,2,22,6,9,211,TEST,5,3,1,1,true,360
79,1,2,22,6,9,212,TEST,7,1,0,0,true,652
79,1,2,22,6,9,213,TEST,6,0,0,0,true,348
79,1,2,22,6,9,214,TEST,2,8,1,0,false,330
79,1,2,22,6,9,215,TEST,1,11,0,1,false,449
79,1,2,22,6,9,216,TEST,3,9,0,0,true,368
79,1,2,22,6,10,217,TRAINING,2,8,1,7,06357142,a0931b28,1178
79,1,2,22,6,10,218,TRAINING,5,3,1,3,06457132,a0231b98,1405
79,1,2,22,6,10,219,TRAINING,0,10,1,0,01457632,ab231098,1442
79,1,2,22,6,10,220,TRAINING,3,9,0,6,01452637,ab238091,1287
79,1,2,22,6,10,221,TRAINING,6,0,0,5,01457632,ab231098,1308
79,1,2,22,6,10,222,TRAINING,3,9,0,6,01754632,ab132098,2352
79,1,2,22,6,10,223,TRAINING,5,3,1,0,51704632,3b1a2098,4510
79,1,2,22,6,10,224,TRAINING,6,0,0,3,51764032,3b102a98,1736
79,1,2,22,6,10,225,TRAINING,4,2,1,4,51364072,3b902a18,1683
79,1,2,22,6,10,226,TRAINING,4,2,1,4,57364012,31902ab8,1468
79,1,2,22,6,10,227,TRAINING,7,1,0,1,57264013,31802ab9,1453
79,1,2,22,6,10,228,TRAINING,1,11,0,6,27564013,81302ab9,1370
79,1,2,22,6,10,229,TRAINING,0,10,1,0,07564213,a13028b9,1466
79,1,2,22,6,10,230,TRAINING,7,1,0,5,02564713,a83021b9,2576
79,1,2,22,6,10,231,TRAINING,1,11,0,6,02546713,a83201b9,1345
79,1,2,22,6,10,232,TRAINING,2,8,1,1,02564713,a83021b9,1382
79,1,2,22,6,10,233,TEST,6,0,0,1,false,1267
79,1,2,22,6,10,234,TEST,3,9,0,0,true,481
79,1,2,22,6,10,235,TEST,0,10,1,0,false,648
79,1,2,22,6,10,236,TEST,4,2,1,1,true,385
79,1,2,22,6,10,237,TEST,2,8,1,0,false,316
79,1,2,22,6,10,238,TEST,1,11,0,0,true,747
79,1,2,22,6,10,239,TEST,5,3,1,1,true,465
79,1,2,22,6,10,240,TEST,7,1,0,1,false,323
79,1,2,22,6,11,241,TRAINING,1,11,0,5,76435102,10293ba8,978
79,1,2,22,6,11,242,TRAINING,2,8,1,7,67435102,01293ba8,1454
79,1,2,22,6,11,243,TRAINING,1,11,0,5,67534102,01392ba8,1456
79,1,2,22,6,11,244,TRAINING,7,1,0,1,67354102,01932ba8,1417
79,1,2,22,6,11,245,TRAINING,3,9,0,2,67352104,01938ba2,1424
79,1,2,22,6,11,246,TRAINING,2,8,1,7,67354102,01932ba8,1438
79,1,2,22,6,11,247,TRAINING,5,3,1,3,47356102,21930ba8,1429
79,1,2,22,6,11,248,TRAINING,6,0,0,0,67354102,01932ba8,1296
79,1,2,22,6,11,249,TRAINING,4,2,1,2,67453102,01239ba8,1379
79,1,2,22,6,11,250,TRAINING,0,10,1,6,61453702,0b2391a8,1382
79,1,2,22,6,11,251,TRAINING,5,3,1,3,21453706,8b2391a0,1379
79,1,2,22,6,11,252,TRAINING,6,0,0,7,12453706,b82391a0,1402
79,1,2,22,6,11,253,TRAINING,0,10,1,6,12753406,b81392a0,1684
79,1,2,22,6,11,254,TRAINING,7,1,0,5,12453706,b82391a0,1319
79,1,2,22,6,11,255,TRAINING,4,2,1,4,12354706,b89321a0,1364
79,1,2,22,6,11,256,TRAINING,3,9,0,2,21354706,8b9321a0,1540
79,1,2,22,6,11,257,TEST,3,9,0,0,true,2549
79,1,2,22,6,11,258,TEST,4,2,1,1,true,1367
79,1,2,22,6,11,259,TEST,0,10,1,1,true,420
79,1,2,22,6,11,260,TEST,2,8,1,1,true,372
79,1,2,22,6,11,261,TEST,7,1,0,0,true,408
79,1,2,22,6,11,262,TEST,5,3,1,0,false,221
79,1,2,22,6,11,263,TEST,6,0,0,1,false,712
79,1,2,22,6,11,264,TEST,1,11,0,0,true,368
79,1,2,22,6,12,265,TRAINING,5,3,1,7,20716435,8a1b0293,1108
79,1,2,22,6,12,266,TRAINING,6,0,0,4,20416735,8a2b0193,1820
79,1,2,22,6,12,267,TRAINING,4,2,1,2,30416725,9a2b0183,1518
79,1,2,22,6,12,268,TRAINING,4,2,1,2,03416725,a92b0183,1258
79,1,2,22,6,12,269,TRAINING,1,11,0,7,03456721,a923018b,1812
79,1,2,22,6,12,270,TRAINING,0,10,1,1,30456721,9a23018b,1214
79,1,2,22,6,12,271,TRAINING,2,8,1,6,30465721,9a20318b,1504
79,1,2,22,6,12,272,TRAINING,7,1,0,0,70465321,1a20398b,1357
79,1,2,22,6,12,273,TRAINING,3,9,0,5,70456321,1a23098b,1464
79,1,2,22,6,12,274,TRAINING,0,10,1,1,70452361,1a23890b,1369
79,1,2,22,6,12,275,TRAINING,1,11,0,3,70412365,1a2b8903,1285
79,1,2,22,6,12,276,TRAINING,3,9,0,5,70512364,1a3b8902,1405
79,1,2,22,6,12,277,TRAINING,6,0,0,6,74512360,123b890a,1502
79,1,2,22,6,12,278,TRAINING,7,1,0,3,14572360,b231890a,1665
79,1,2,22,6,12,279,TRAINING,2,8,1,4,14572063,b2318a09,1514
79,1,2,22,6,12,280,TRAINING,5,3,1,1,15472063,b3218a09,1634
79,1,2,22,6,12,281,TEST,5,3,1,1,true,1054
79,1,2,22,6,12,282,TEST,0,10,1,1,true,348
79,1,2,22,6,12,283,TEST,6,0,0,0,true,380
79,1,2,22,6,12,284,TEST,1,11,0,1,false,940
79,1,2,22,6,12,285,TEST,2,8,1,0,false,542
79,1,2,22,6,12,286,TEST,3,9,0,0,true,784
79,1,2,22,6,12,287,TEST,4,2,1,1,true,737
79,1,2,22,6,12,288,TEST,7,1,0,0,true,646
79,1,2,22,6,13,289,TRAINING,1,11,0,7,25036741,83a9012b,973
79,1,2,22,6,13,290,TRAINING,6,0,0,4,23056741,89a3012b,1344
79,1,2,22,6,13,291,TRAINING,5,3,1,3,03256741,a983012b,1344
79,1,2,22,6,13,292,TRAINING,3,9,0,1,73256041,19830a2b,1259
79,1,2,22,6,13,293,TRAINING,6,0,0,6,73254061,19832a0b,1333
79,1,2,22,6,13,294,TRAINING,1,11,0,7,73250461,1983a20b,1502
79,1,2,22,6,13,295,TRAINING,4,2,1,3,73240561,1982a30b,1489
79,1,2,22,6,13,296,TRAINING,7,1,0,5,53240761,3982a10b,1419
79,1,2,22,6,13,297,TRAINING,0,10,1,4,63240751,0982a13b,1562
79,1,2,22,6,13,298,TRAINING,2,8,1,2,61240753,0b82a139,1770
79,1,2,22,6,13,299,TRAINING,0,10,1,4,61250743,0b83a129,1724
79,1,2,22,6,13,300,TRAINING,5,3,1,3,61250347,0b83a921,1464
79,1,2,22,6,13,301,TRAINING,2,8,1,2,64250317,0283a9b1,1270
79,1,2,22,6,13,302,TRAINING,3,9,0,5,61250347,0b83a921,1376
79,1,2,22,6,13,303,TRAINING,7,1,0,7,60251347,0a83b921,1517
79,1,2,22,6,13,304,TRAINING,4,2,1,6,10256347,ba830921,1795
79,1,2,22,6,13,305,TEST,4,2,1,1,true,1031
79,1,2,22,6,13,306,TEST,6,0,0,0,true,517
79,1,2,22,6,13,307,TEST,3,9,0,0,true,383
79,1,2,22,6,13,308,TEST,7,1,0,0,true,872
79,1,2,22,6,13,309,TEST,0,10,1,1,true,392
79,1,2,22,6,13,310,TEST,5,3,1,1,true,324
79,1,2,22,6,13,311,TEST,1,11,0,1,false,526
79,1,2,22,6,13,312,TEST,2,8,1,0,false,379
79,1,2,22,6,14,313,TRAINING,5,3,1,3,46057312,20a319b8,928
79,1,2,22,6,14,314,TRAINING,3,9,0,0,36057412,90a312b8,1231
79,1,2,22,6,14,315,TRAINING,3,9,0,0,36054712,90a321b8,6583
79,1,2,22,6,14,316,TRAINING,4,2,1,6,36051742,90a3b128,1463
79,1,2,22,6,14,317,TRAINING,7,1,0,7,36051247,90a3b821,2122
79,1,2,22,6,14,318,TRAINING,2,8,1,5,36015247,90ab3821,1363
79,1,2,22,6,14,319,TRAINING,1,11,0,3,36510247,903ba821,2134
79,1,2,22,6,14,320,TRAINING,6,0,0,1,36514207,903b28a1,2197
79,1,2,22,6,14,321,TRAINING,2,8,1,5,36517204,903b18a2,1389
79,1,2,22,6,14,322,TRAINING,0,10,1,6,36417205,902b18a3,1318
79,1,2,22,6,14,323,TRAINING,1,11,0,7,36457201,902318ab,1398
79,1,2,22,6,14,324,TRAINING,7,1,0,4,36257401,908312ab,1610
79,1,2,22,6,14,325,TRAINING,0,10,1,6,36247501,908213ab,2232
79,1,2,22,6,14,326,TRAINING,4,2,1,0,46237501,208913ab,1467
79,1,2,22,6,14,327,TRAINING,5,3,1,5,41237506,2b8913a0,1599
79,1,2,22,6,14,328,TRAINING,6,0,0,7,47231506,2189b3a0,1647
79,1,2,22,6,14,329,TEST,3,9,0,0,true,1248
79,1,2,22,6,14,330,TEST,5,3,1,1,true,412
79,1,2,22,6,14,331,TEST,0,10,1,0,false,526
79,1,2,22,6,14,332,TEST,6,0,0,0,true,268
79,1,2,22,6,14,333,TEST,1,11,0,1,false,565
79,1,2,22,6,14,334,TEST,7,1,0,0,true,614
79,1,2,22,6,14,335,TEST,2,8,1,1,true,413
79,1,2,22,6,14,336,TEST,4,2,1,0,false,409
79,1,2,22,6,15,337,TRAINING,5,3,1,6,10637254,ba091832,977
79,1,2,22,6,15,338,TRAINING,1,11,0,5,20637154,8a091b32,1217
79,1,2,22,6,15,339,TRAINING,2,8,1,0,20736154,8a190b32,1573
79,1,2,22,6,15,340,TRAINING,3,9,0,6,20756134,8a130b92,1535
79,1,2,22,6,15,341,TRAINING,4,2,1,2,20456137,8a230b91,1320
79,1,2,22,6,15,342,TRAINING,7,1,0,7,20451637,8a23b091,1471
79,1,2,22,6,15,343,TRAINING,4,2,1,2,30451627,9a23b081,1381
79,1,2,22,6,15,344,TRAINING,2,8,1,6,30461527,9a20b381,1354
79,1,2,22,6,15,345,TRAINING,6,0,0,5,30451627,9a23b081,1428
79,1,2,22,6,15,346,TRAINING,6,0,0,5,30751624,9a13b082,1788
79,1,2,22,6,15,347,TRAINING,3,9,0,0,35701624,931ab082,1468
79,1,2,22,6,15,348,TRAINING,0,10,1,3,35704621,931a208b,1574
79,1,2,22,6,15,349,TRAINING,7,1,0,2,35706421,931a028b,1405
79,1,2,22,6,15,350,TRAINING,0,10,1,3,65703421,031a928b,1553
79,1,2,22,6,15,351,TRAINING,5,3,1,6,62703451,081a923b,1486
79,1,2,22,6,15,352,TRAINING,1,11,0,7,67203451,018a923b,2803
79,1,2,22,6,15,353,TEST,4,2,1,0,false,842
79,1,2,22,6,15,354,TEST,3,9,0,0,true,3286
79,1,2,22,6,15,355,TEST,7,1,0,0,true,1222
79,1,2,22,6,15,356,TEST,1,11,0,0,true,389
79,1,2,22,6,15,357,TEST,5,3,1,0,false,619
79,1,2,22,6,15,358,TEST,6,0,0,1,false,373
79,1,2,22,6,15,359,TEST,0,10,1,1,true,336
79,1,2,22,6,15,360,TEST,2,8,1,1,true,372
79,1,2,22,6,16,361,TRAINING,0,10,1,4,71560342,1b30a928,1289
79,1,2,22,6,16,362,TRAINING,4,2,1,6,71520346,1b38a920,1371
79,1,2,22,6,16,363,TRAINING,6,0,0,7,73520146,1938ab20,1547
79,1,2,22,6,16,364,TRAINING,3,9,0,3,72530146,1839ab20,1442
79,1,2,22,6,16,365,TRAINING,5,3,1,2,70532146,1a398b20,1346
79,1,2,22,6,16,366,TRAINING,7,1,0,0,74532106,12398ba0,1537
79,1,2,22,6,16,367,TRAINING,2,8,1,6,74530126,1239ab80,1367
79,1,2,22,6,16,368,TRAINING,3,9,0,4,74503126,123a9b80,1770
79,1,2,22,6,16,369,TRAINING,6,0,0,7,75403126,132a9b80,1806
79,1,2,22,6,16,370,TRAINING,2,8,1,6,71403526,1b2a9380,1610
79,1,2,22,6,16,371,TRAINING,1,11,0,1,41703526,2b1a9380,1574
79,1,2,22,6,16,372,TRAINING,0,10,1,4,41730526,2b19a380,1828
79,1,2,22,6,16,373,TRAINING,7,1,0,2,41730625,2b19a083,1392
79,1,2,22,6,16,374,TRAINING,5,3,1,7,41760325,2b10a983,1441
79,1,2,22,6,16,375,TRAINING,1,11,0,1,41706325,2b1a0983,1405
79,1,2,22,6,16,376,TRAINING,4,2,1,6,21706345,8b1a0923,1493
79,1,2,22,6,16,377,TEST,4,2,1,0,false,1091
79,1,2,22,6,16,378,TEST,0,10,1,0,false,317
79,1,2,22,6,16,379,TEST,1,11,0,0,true,509
79,1,2,22,6,16,380,TEST,3,9,0,0,true,493
79,1,2,22,6,16,381,TEST,7,1,0,1,false,380
79,1,2,22,6,16,382,TEST,5,3,1,1,true,371
79,1,2,22,6,16,383,TEST,6,0,0,1,false,420
79,1,2,22,6,16,384,TEST,2,8,1,1,true,407
79,1,2,22,6,17,385,TRAINING,6,0,0,7,40517326,2a3b1980,1130
79,1,2,22,6,17,386,TRAINING,2,8,1,6,10547326,ba321980,1367
79,1,2,22,6,17,387,TRAINING,1,11,0,0,13547026,b9321a80,1439
79,1,2,22,6,17,388,TRAINING,1,11,0,0,13546027,b9320a81,1344
79,1,2,22,6,17,389,TRAINING,0,10,1,5,13645027,b9023a81,1720
79,1,2,22,6,17,390,TRAINING,2,8,1,6,17645023,b1023a89,1587
79,1,2,22,6,17,391,TRAINING,3,9,0,7,16745023,b0123a89,1408
79,1,2,22,6,17,392,TRAINING,7,1,0,2,56741023,3012ba89,1438
79,1,2,22,6,17,393,TRAINING,5,3,1,0,56721043,3018ba29,2000
79,1,2,22,6,17,394,TRAINING,4,2,1,6,53721046,3918ba20,1660
79,1,2,22,6,17,395,TRAINING,5,3,1,0,53712046,391b8a20,1336
79,1,2,22,6,17,396,TRAINING,4,2,1,6,53721046,3918ba20,1513
79,1,2,22,6,17,397,TRAINING,0,10,1,5,53712046,391b8a20,1355
79,1,2,22,6,17,398,TRAINING,3,9,0,1,53762041,39108a2b,1428
79,1,2,22,6,17,399,TRAINING,7,1,0,4,53267041,39801a2b,1512
79,1,2,22,6,17,400,TRAINING,6,0,0,3,23567041,89301a2b,1587
79,1,2,22,6,17,401,TEST,2,8,1,0,false,905
79,1,2,22,6,17,402,TEST,5,3,1,1,true,639
79,1,2,22,6,17,403,TEST,4,2,1,1,true,420
79,1,2,22,6,17,404,TEST,1,11,0,1,false,369
79,1,2,22,6,17,405,TEST,7,1,0,0,true,444
79,1,2,22,6,17,406,TEST,6,0,0,0,true,397
79,1,2,22,6,17,407,TEST,3,9,0,0,true,468
79,1,2,22,6,17,408,TEST,0,10,1,1,true,434
79,1,2,22,6,18,409,TRAINING,4,2,1,2,36412750,902b813a,996
79,1,2,22,6,18,410,TRAINING,0,10,1,7,76412350,102b893a,1647
79,1,2,22,6,18,411,TRAINING,6,0,0,3,71462350,1b20893a,1429
79,1,2,22,6,18,412,TRAINING,7,1,0,0,71463250,1b20983a,1611
79,1,2,22,6,18,413,TRAINING,3,9,0,4,71463052,1b209a38,1442
79,1,2,22,6,18,414,TRAINING,1,11,0,5,70463152,1a209b38,1344
79,1,2,22,6,18,415,TRAINING,2,8,1,6,70463125,1a209b83,1499
79,1,2,22,6,18,416,TRAINING,4,2,1,2,60473125,0a219b83,1367
79,1,2,22,6,18,417,TRAINING,1,11,0,5,06473125,a0219b83,1320
79,1,2,22,6,18,418,TRAINING,5,3,1,7,02473165,a8219b03,1819
79,1,2,22,6,18,419,TRAINING,7,1,0,3,62473105,08219ba3,1415
79,1,2,22,6,18,420,TRAINING,5,3,1,7,26473105,80219ba3,1550
79,1,2,22,6,18,421,TRAINING,0,10,1,5,26473015,80219ab3,1259
79,1,2,22,6,18,422,TRAINING,2,8,1,0,26471035,8021ba93,1550
79,1,2,22,6,18,423,TRAINING,6,0,0,2,24671035,8201ba93,1295
79,1,2,22,6,18,424,TRAINING,3,9,0,6,24617035,820b1a93,1295
79,1,2,22,6,18,425,TEST,2,8,1,1,true,728
79,1,2,22,6,18,426,TEST,5,3,1,0,false,731
79,1,2,22,6,18,427,TEST,4,2,1,1,true,716
79,1,2,22,6,18,428,TEST,0,10,1,1,true,441
79,1,2,22,6,18,429,TEST,7,1,0,0,true,1660
79,1,2,22,6,18,430,TEST,1,11,0,0,true,8124
79,1,2,22,6,18,431,TEST,3,9,0,1,false,442
79,1,2,22,6,18,432,TEST,6,0,0,1,false,359
79,1,2,22,6,19,433,TRAINING,2,8,1,2,13245760,b982310a,897
79,1,2,22,6,19,434,TRAINING,2,8,1,2,13245670,b982301a,1249
79,1,2,22,6,19,435,TRAINING,1,11,0,0,14235670,b289301a,1537
79,1,2,22,6,19,436,TRAINING,3,9,0,3,14235607,b28930a1,1622
79,1,2,22,6,19,437,TRAINING,4,2,1,1,14635207,b20938a1,1343
79,1,2,22,6,19,438,TRAINING,6,0,0,2,54631207,3209b8a1,1490
79,1,2,22,6,19,439,TRAINING,1,11,0,7,54637201,320918ab,1463
79,1,2,22,6,19,440,TRAINING,7,1,0,4,54607231,320a189b,1644
79,1,2,22,6,19,441,TRAINING,0,10,1,5,54627031,32081a9b,1321
79,1,2,22,6,19,442,TRAINING,4,2,1,7,51627034,3b081a92,1459
79,1,2,22,6,19,443,TRAINING,3,9,0,6,57621034,3108ba92,1406
79,1,2,22,6,19,444,TRAINING,0,10,1,3,57601234,310ab892,1415
79,1,2,22,6,19,445,TRAINING,7,1,0,1,17605234,b10a3892,1391
79,1,2,22,6,19,446,TRAINING,6,0,0,2,17602534,b10a8392,1635
79,1,2,22,6,19,447,TRAINING,5,3,1,5,17603524,b10a9382,1381
79,1,2,22,6,19,448,TRAINING,5,3,1,5,17604523,b10a2389,1295
79,1,2,22,6,19,449,TEST,7,1,0,0,true,1674
79,1,2,22,6,19,450,TEST,3,9,0,0,true,409
79,1,2,22,6,19,451,TEST,2,8,1,1,true,410
79,1,2,22,6,19,452,TEST,4,2,1,1,true,980
79,1,2,22,6,19,453,TEST,5,3,1,0,false,778
79,1,2,22,6,19,454,TEST,6,0,0,1,false,786
79,1,2,22,6,19,455,TEST,0,10,1,1,true,1175
79,1,2,22,6,19,456,TEST,1,11,0,0,true,652
79,1,2,22,6,INSTRUCT,postquestionnaire,7

rulestrategy:I don't know how I did this. I attempted to come up with patterns but nothing seemed to fit. So my answers were always just guesses. 
howtoimprove:
engagement:0
difficulty:2
physicalaids:no