8,1,5,20,6,INSTRUCT,instruct1,20024
8,1,5,20,6,INSTRUCT,instructCatExample,9483
8,1,5,20,6,INSTRUCT,instructCatColor,7886
8,1,5,20,6,INSTRUCT,instructCatStripe,2994
8,1,5,20,6,INSTRUCT,instructDemoIntro,11947
8,1,5,20,6,INSTRUCT,instructDemo,31172
8,1,5,20,6,INSTRUCT,instructTest,49348
8,1,5,20,6,INSTRUCT,instructTest2,41334
8,1,5,20,6,INSTRUCT,instructDimColor,14908
8,1,5,20,6,INSTRUCT,instructDimBorder,7413
8,1,5,20,6,INSTRUCT,instructDimDots,3765
8,1,5,20,6,INSTRUCT,instructDimStripe,8302
8,1,5,20,6,INSTRUCT,instructDimAll,21180
8,1,5,20,6,INSTRUCT,instructFinal,18517
8,1,5,20,6,1,1,TRAINING,7,8,0,5,21035746,4e6ca820,10170
8,1,5,20,6,1,2,TRAINING,3,12,1,3,21435706,4e2ca860,7762
8,1,5,20,6,1,3,TRAINING,2,4,0,0,26435701,402ca86e,3912
8,1,5,20,6,1,4,TRAINING,4,2,0,7,26135704,40eca862,3169
8,1,5,20,6,1,5,TRAINING,6,0,1,2,21635704,4e0ca862,3425
8,1,5,20,6,1,6,TRAINING,7,8,0,5,23615704,4c0ea862,3224
8,1,5,20,6,1,7,TRAINING,1,14,0,3,24615703,420ea86c,2753
8,1,5,20,6,1,8,TRAINING,6,0,1,2,24615730,420ea8c6,3840
8,1,5,20,6,1,9,TRAINING,2,4,0,0,24617530,420e8ac6,2256
8,1,5,20,6,1,10,TRAINING,0,6,1,3,24607531,42068ace,2009
8,1,5,20,6,1,11,TRAINING,5,10,1,7,24607135,42068eca,2137
8,1,5,20,6,1,12,TRAINING,3,12,1,6,27604135,48062eca,5410
8,1,5,20,6,1,13,TRAINING,0,6,1,3,47602135,28064eca,1755
8,1,5,20,6,1,14,TRAINING,1,14,0,5,27604135,48062eca,1947
8,1,5,20,6,1,15,TRAINING,5,10,1,7,27406135,48260eca,4393
8,1,5,20,6,1,16,TRAINING,4,2,0,2,23406175,4c260e8a,4490
8,1,5,20,6,1,17,TEST,4,2,0,0,true,8561
8,1,5,20,6,1,18,TEST,0,6,1,1,true,5202
8,1,5,20,6,1,19,TEST,5,10,1,0,false,2772
8,1,5,20,6,1,20,TEST,6,0,1,0,false,4705
8,1,5,20,6,1,21,TEST,2,4,0,0,true,2299
8,1,5,20,6,1,22,TEST,1,14,0,1,false,1514
8,1,5,20,6,1,23,TEST,3,12,1,0,false,1627
8,1,5,20,6,1,24,TEST,7,8,0,1,false,3067
8,1,5,20,6,2,25,TRAINING,5,10,1,1,15072364,ea684c02,3868
8,1,5,20,6,2,26,TRAINING,2,4,0,5,15073264,ea68c402,6016
8,1,5,20,6,2,27,TRAINING,0,6,1,2,45073261,2a68c40e,3550
8,1,5,20,6,2,28,TRAINING,3,12,1,4,45013267,2a6ec408,2672
8,1,5,20,6,2,29,TRAINING,5,10,1,3,41053267,2e6ac408,2730
8,1,5,20,6,2,30,TRAINING,6,0,1,1,46053217,206ac4e8,3839
8,1,5,20,6,2,31,TRAINING,7,8,0,6,46053271,206ac48e,1480
8,1,5,20,6,2,32,TRAINING,6,0,1,1,16053274,e06ac482,1930
8,1,5,20,6,2,33,TRAINING,0,6,1,2,16053472,e06ac284,2297
8,1,5,20,6,2,34,TRAINING,2,4,0,7,56013472,a06ec284,1644
8,1,5,20,6,2,35,TRAINING,7,8,0,6,53016472,ac6e0284,1986
8,1,5,20,6,2,36,TRAINING,4,2,0,1,54016372,a26e0c84,1818
8,1,5,20,6,2,37,TRAINING,1,14,0,3,34016572,c26e0a84,2177
8,1,5,20,6,2,38,TRAINING,4,2,0,1,04316572,62ce0a84,2001
8,1,5,20,6,2,39,TRAINING,1,14,0,3,54316072,a2ce0684,1650
8,1,5,20,6,2,40,TRAINING,3,12,1,2,64315072,02cea684,1488
8,1,5,20,6,2,41,TEST,2,4,0,1,false,4431
8,1,5,20,6,2,42,TEST,5,10,1,0,false,2682
8,1,5,20,6,2,43,TEST,0,6,1,1,true,922
8,1,5,20,6,2,44,TEST,7,8,0,0,true,861
8,1,5,20,6,2,45,TEST,6,0,1,1,true,4123
8,1,5,20,6,2,46,TEST,1,14,0,0,true,3658
8,1,5,20,6,2,47,TEST,3,12,1,1,true,2619
8,1,5,20,6,2,48,TEST,4,2,0,0,true,1449
8,1,5,20,6,3,49,TRAINING,3,12,1,0,31504726,cea62840,10592
8,1,5,20,6,3,50,TRAINING,7,8,0,6,31504276,cea62480,3208
8,1,5,20,6,3,51,TRAINING,5,10,1,4,31405276,ce26a480,16857
8,1,5,20,6,3,52,TRAINING,4,2,0,7,31605274,ce06a482,9449
8,1,5,20,6,3,53,TRAINING,3,12,1,0,31205674,ce46a082,4881
8,1,5,20,6,3,54,TRAINING,6,0,1,5,31705624,ce86a042,4352
8,1,5,20,6,3,55,TRAINING,0,6,1,7,31745620,ce82a046,5456
8,1,5,20,6,3,56,TRAINING,4,2,0,3,37145620,c8e2a046,2326
8,1,5,20,6,3,57,TRAINING,6,0,1,4,37146520,c8e20a46,2418
8,1,5,20,6,3,58,TRAINING,0,6,1,7,31746520,ce820a46,2123
8,1,5,20,6,3,59,TRAINING,5,10,1,0,51746320,ae820c46,2475
8,1,5,20,6,3,60,TRAINING,2,4,0,2,51246370,ae420c86,2232
8,1,5,20,6,3,61,TRAINING,2,4,0,2,51240376,ae426c80,1737
8,1,5,20,6,3,62,TRAINING,7,8,0,6,51243076,ae42c680,1681
8,1,5,20,6,3,63,TRAINING,1,14,0,5,50243176,a642ce80,1880
8,1,5,20,6,3,64,TRAINING,1,14,0,5,50246173,a6420e8c,2153
8,1,5,20,6,3,65,TEST,5,10,1,0,false,4488
8,1,5,20,6,3,66,TEST,0,6,1,1,true,2621
8,1,5,20,6,3,67,TEST,7,8,0,0,true,2986
8,1,5,20,6,3,68,TEST,3,12,1,1,true,4156
8,1,5,20,6,3,69,TEST,2,4,0,0,true,2219
8,1,5,20,6,3,70,TEST,4,2,0,0,true,1307
8,1,5,20,6,3,71,TEST,6,0,1,0,false,1771
8,1,5,20,6,3,72,TEST,1,14,0,1,false,884
8,1,5,20,6,4,73,TRAINING,6,0,1,7,14305726,e2c6a840,41707
8,1,5,20,6,4,74,TRAINING,7,8,0,0,74305126,82c6ae40,15440
8,1,5,20,6,4,75,TRAINING,5,10,1,4,74305216,82c6a4e0,13536
8,1,5,20,6,4,76,TRAINING,3,12,1,2,74325016,82c4a6e0,15714
8,1,5,20,6,4,77,TRAINING,7,8,0,0,70325416,86c4a2e0,13217
8,1,5,20,6,4,78,TRAINING,4,2,0,6,70325146,86c4ae20,12985
8,1,5,20,6,4,79,TRAINING,2,4,0,3,75320146,8ac46e20,16513
8,1,5,20,6,4,80,TRAINING,4,2,0,6,75320641,8ac4602e,12732
8,1,5,20,6,4,81,TRAINING,5,10,1,1,75620341,8a046c2e,19153
8,1,5,20,6,4,82,TRAINING,1,14,0,7,75602341,8a064c2e,19737
8,1,5,20,6,4,83,TRAINING,1,14,0,7,75206341,8a460c2e,6561
8,1,5,20,6,4,84,TRAINING,2,4,0,5,75306241,8ac6042e,13447
8,1,5,20,6,4,85,TRAINING,6,0,1,3,75360241,8ac0642e,12193
8,1,5,20,6,4,86,TRAINING,0,6,1,1,70365241,86c0a42e,43610
8,1,5,20,6,4,87,TRAINING,0,6,1,1,70365142,86c0ae24,8073
8,1,5,20,6,4,88,TRAINING,3,12,1,2,70365412,86c0a2e4,28089
8,1,5,20,6,4,89,TEST,1,14,0,0,true,16779
8,1,5,20,6,4,90,TEST,4,2,0,0,true,11793
8,1,5,20,6,4,91,TEST,7,8,0,0,true,22922
8,1,5,20,6,4,92,TEST,6,0,1,1,true,8853
8,1,5,20,6,4,93,TEST,0,6,1,1,true,8889
8,1,5,20,6,4,94,TEST,3,12,1,1,true,17475
8,1,5,20,6,4,95,TEST,5,10,1,1,true,7835
8,1,5,20,6,4,96,TEST,2,4,0,0,true,31211
8,1,5,20,6,5,97,TRAINING,7,8,0,4,52047631,a46280ce,14864
8,1,5,20,6,5,98,TRAINING,0,6,1,2,52047613,a46280ec,42944
8,1,5,20,6,5,99,TRAINING,3,12,1,7,25047613,4a6280ec,11760
8,1,5,20,6,5,100,TRAINING,5,10,1,1,25074613,4a6820ec,18328
8,1,5,20,6,5,101,TRAINING,3,12,1,7,25076413,4a6802ec,8410
8,1,5,20,6,5,102,TRAINING,1,14,0,4,25071463,4a68e20c,6784
8,1,5,20,6,5,103,TRAINING,5,10,1,1,25071643,4a68e02c,24352
8,1,5,20,6,5,104,TRAINING,2,4,0,0,25041673,4a62e08c,20232
8,1,5,20,6,5,105,TRAINING,6,0,1,5,25401673,4a26e08c,10360
8,1,5,20,6,5,106,TRAINING,6,0,1,5,25701643,4a86e02c,4569
8,1,5,20,6,5,107,TRAINING,2,4,0,0,25704613,4a8620ec,33593
8,1,5,20,6,5,108,TRAINING,4,2,0,4,25104673,4ae6208c,15314
8,1,5,20,6,5,109,TRAINING,4,2,0,4,23104675,4ce6208a,5921
8,1,5,20,6,5,110,TRAINING,0,6,1,3,53104672,ace62084,7536
8,1,5,20,6,5,111,TRAINING,7,8,0,6,53104276,ace62480,6740
8,1,5,20,6,5,112,TRAINING,1,14,0,2,54103276,a2e6c480,14762
8,1,5,20,6,5,113,TEST,2,4,0,0,true,8937
8,1,5,20,6,5,114,TEST,5,10,1,1,true,16355
8,1,5,20,6,5,115,TEST,0,6,1,1,true,8004
8,1,5,20,6,5,116,TEST,6,0,1,1,true,9791
8,1,5,20,6,5,117,TEST,7,8,0,0,true,19946
8,1,5,20,6,5,118,TEST,1,14,0,0,true,12946
8,1,5,20,6,5,119,TEST,3,12,1,0,false,17915
8,1,5,20,6,5,120,TEST,4,2,0,0,true,8251
8,1,5,20,6,6,121,TRAINING,2,4,0,4,47352160,28ca4e06,16698
8,1,5,20,6,6,122,TRAINING,6,0,1,6,47352061,28ca460e,19314
8,1,5,20,6,6,123,TRAINING,1,14,0,7,45372061,2ac8460e,22273
8,1,5,20,6,6,124,TRAINING,7,8,0,3,43572061,2ca8460e,17392
8,1,5,20,6,6,125,TRAINING,4,2,0,1,34572061,c2a8460e,23840
8,1,5,20,6,6,126,TRAINING,6,0,1,6,34172065,c2e8460a,23626
8,1,5,20,6,6,127,TRAINING,1,14,0,2,34175062,c2e8a604,13175
8,1,5,20,6,6,128,TRAINING,7,8,0,3,32175064,c4e8a602,19456
8,1,5,20,6,6,129,TRAINING,5,10,1,6,32176054,c4e806a2,13817
8,1,5,20,6,6,130,TRAINING,5,10,1,6,32170654,c4e860a2,11648
8,1,5,20,6,6,131,TRAINING,3,12,1,0,30172654,c6e840a2,7161
8,1,5,20,6,6,132,TRAINING,0,6,1,1,30172456,c6e842a0,7546
8,1,5,20,6,6,133,TRAINING,2,4,0,4,30472156,c6284ea0,6708
8,1,5,20,6,6,134,TRAINING,0,6,1,1,30472651,c62840ae,13320
8,1,5,20,6,6,135,TRAINING,3,12,1,0,30412657,c62e40a8,8329
8,1,5,20,6,6,136,TRAINING,4,2,0,2,30472651,c62840ae,6897
8,1,5,20,6,6,137,TEST,0,6,1,1,true,12384
8,1,5,20,6,6,138,TEST,5,10,1,1,true,10116
8,1,5,20,6,6,139,TEST,2,4,0,0,true,9283
8,1,5,20,6,6,140,TEST,7,8,0,0,true,6930
8,1,5,20,6,6,141,TEST,6,0,1,1,true,3379
8,1,5,20,6,6,142,TEST,3,12,1,1,true,8124
8,1,5,20,6,6,143,TEST,1,14,0,0,true,19963
8,1,5,20,6,6,144,TEST,4,2,0,0,true,7690
8,1,5,20,6,7,145,TRAINING,2,4,0,2,01276435,6e4802ca,28979
8,1,5,20,6,7,146,TRAINING,1,14,0,1,01276534,6e480ac2,12968
8,1,5,20,6,7,147,TRAINING,5,10,1,5,01276543,6e480a2c,12450
8,1,5,20,6,7,148,TRAINING,3,12,1,7,21076543,4e680a2c,4729
8,1,5,20,6,7,149,TRAINING,1,14,0,1,21670543,4e086a2c,1784
8,1,5,20,6,7,150,TRAINING,0,6,1,2,21076543,4e680a2c,6441
8,1,5,20,6,7,151,TRAINING,6,0,1,7,21073546,4e68ca20,1689
8,1,5,20,6,7,152,TRAINING,4,2,0,3,21043576,4e62ca80,2587
8,1,5,20,6,7,153,TRAINING,2,4,0,0,20143576,46e2ca80,2058
8,1,5,20,6,7,154,TRAINING,4,2,0,3,20145376,46e2ac80,1545
8,1,5,20,6,7,155,TRAINING,0,6,1,7,26145370,40e2ac86,16277
8,1,5,20,6,7,156,TRAINING,6,0,1,5,23145670,4ce2a086,2272
8,1,5,20,6,7,157,TRAINING,7,8,0,0,73145620,8ce2a046,1673
8,1,5,20,6,7,158,TRAINING,3,12,1,1,73541620,8ca2e046,2125
8,1,5,20,6,7,159,TRAINING,7,8,0,0,73540621,8ca2604e,2369
8,1,5,20,6,7,160,TRAINING,5,10,1,2,73542601,8ca2406e,1680
8,1,5,20,6,7,161,TEST,0,6,1,1,true,7624
8,1,5,20,6,7,162,TEST,7,8,0,0,true,7227
8,1,5,20,6,7,163,TEST,2,4,0,0,true,7348
8,1,5,20,6,7,164,TEST,1,14,0,0,true,7476
8,1,5,20,6,7,165,TEST,4,2,0,0,true,3082
8,1,5,20,6,7,166,TEST,6,0,1,1,true,5579
8,1,5,20,6,7,167,TEST,5,10,1,1,true,4962
8,1,5,20,6,7,168,TEST,3,12,1,1,true,7043
8,1,5,20,6,INSTRUCT,postquestionnaire,2

rulestrategy:I tried to memorize the exact image in my head by assigning the original image something funny or and tried to recall it again when I saw new images. 
howtoimprove:
engagement:8
difficulty:8
:no