80,0,4,9,7,INSTRUCT,instruct1,16246
80,0,4,9,7,INSTRUCT,instructCatExample,17229
80,0,4,9,7,INSTRUCT,instructCatColor,5750
80,0,4,9,7,INSTRUCT,instructCatStripe,15751
80,0,4,9,7,INSTRUCT,instructDemoIntro,34817
80,0,4,9,7,INSTRUCT,instructDemo,51633
80,0,4,9,7,INSTRUCT,instructTest,59409
80,0,4,9,7,INSTRUCT,instructTest2,40960
80,0,4,9,7,INSTRUCT,instructDimColor,17936
80,0,4,9,7,INSTRUCT,instructDimBorder,7511
80,0,4,9,7,INSTRUCT,instructDimDots,6232
80,0,4,9,7,INSTRUCT,instructDimStripe,7128
80,0,4,9,7,INSTRUCT,instructDimAll,14383
80,0,4,9,7,INSTRUCT,instructFinal,41377
80,0,4,9,7,1,1,TRAINING,7,0,1,4,52037416,86e40ac2,12960
80,0,4,9,7,1,2,TRAINING,5,8,0,0,52637410,86240ace,1777
80,0,4,9,7,1,3,TRAINING,4,10,1,1,54637210,8a2406ce,1634
80,0,4,9,7,1,4,TRAINING,1,12,0,6,54673210,8a2046ce,11804
80,0,4,9,7,1,5,TRAINING,0,14,1,3,54603217,8a2e46c0,1119
80,0,4,9,7,1,6,TRAINING,4,10,1,1,34605217,4a2e86c0,2642
80,0,4,9,7,1,7,TRAINING,6,2,0,5,34205617,4a6e82c0,1346
80,0,4,9,7,1,8,TRAINING,0,14,1,7,34275610,4a6082ce,17386
80,0,4,9,7,1,9,TRAINING,1,12,0,6,74235610,0a6482ce,2474
80,0,4,9,7,1,10,TRAINING,6,2,0,5,74253610,0a6842ce,1411
80,0,4,9,7,1,11,TRAINING,2,6,1,2,73254610,0468a2ce,1898
80,0,4,9,7,1,12,TRAINING,3,4,0,1,73251640,0468c2ae,1594
80,0,4,9,7,1,13,TRAINING,5,8,0,3,03251647,e468c2a0,1290
80,0,4,9,7,1,14,TRAINING,7,0,1,6,03251674,e468c20a,2379
80,0,4,9,7,1,15,TRAINING,1,12,0,4,06251374,e268c40a,930
80,0,4,9,7,1,16,TRAINING,0,14,1,0,06251473,e268ca04,1827
80,0,4,9,7,1,17,TEST,5,8,0,1,false,7079
80,0,4,9,7,1,18,TEST,7,0,1,0,false,3539
80,0,4,9,7,1,19,TEST,3,4,0,0,true,1449
80,0,4,9,7,1,20,TEST,0,14,1,1,true,1185
80,0,4,9,7,1,21,TEST,1,12,0,1,false,1945
80,0,4,9,7,1,22,TEST,2,6,1,0,false,675
80,0,4,9,7,1,23,TEST,4,10,1,1,true,1546
80,0,4,9,7,1,24,TEST,6,2,0,0,true,2035
80,0,4,9,7,2,25,TRAINING,5,8,0,0,52176430,86c02a4e,26476
80,0,4,9,7,2,26,TRAINING,7,0,1,1,57126430,80c62a4e,2825
80,0,4,9,7,2,27,TRAINING,3,4,0,2,57326410,80462ace,3003
80,0,4,9,7,2,28,TRAINING,4,10,1,3,57346210,804a26ce,17015
80,0,4,9,7,2,29,TRAINING,0,14,1,7,17346250,c04a268e,3891
80,0,4,9,7,2,30,TRAINING,6,2,0,6,17345260,c04a862e,1202
80,0,4,9,7,2,31,TRAINING,2,6,1,5,37145260,40ca862e,1315
80,0,4,9,7,2,32,TRAINING,5,8,0,4,31745260,4c0a862e,2058
80,0,4,9,7,2,33,TRAINING,3,4,0,0,31045267,4cea8620,11258
80,0,4,9,7,2,34,TRAINING,0,14,1,2,37045261,40ea862c,3114
80,0,4,9,7,2,35,TRAINING,5,8,0,5,37042561,40ea682c,1291
80,0,4,9,7,2,36,TRAINING,1,12,0,7,37062541,40e268ac,954
80,0,4,9,7,2,37,TRAINING,4,10,1,6,37602541,402e68ac,1131
80,0,4,9,7,2,38,TRAINING,2,6,1,4,57602341,802e64ac,1402
80,0,4,9,7,2,39,TRAINING,6,2,0,2,37602541,402e68ac,1162
80,0,4,9,7,2,40,TRAINING,0,14,1,3,47602531,a02e684c,1474
80,0,4,9,7,2,41,TEST,7,0,1,0,false,1280
80,0,4,9,7,2,42,TEST,5,8,0,0,true,627
80,0,4,9,7,2,43,TEST,2,6,1,1,true,673
80,0,4,9,7,2,44,TEST,1,12,0,0,true,5019
80,0,4,9,7,2,45,TEST,0,14,1,1,true,595
80,0,4,9,7,2,46,TEST,4,10,1,1,true,770
80,0,4,9,7,2,47,TEST,3,4,0,0,true,1219
80,0,4,9,7,2,48,TEST,6,2,0,0,true,1489
80,0,4,9,7,3,49,TRAINING,5,8,0,0,57321046,8046cea2,8411
80,0,4,9,7,3,50,TRAINING,7,0,1,7,56321047,8246cea0,1874
80,0,4,9,7,3,51,TRAINING,6,2,0,1,56341027,824ace60,20265
80,0,4,9,7,3,52,TRAINING,4,10,1,5,56301427,824eca60,1426
80,0,4,9,7,3,53,TRAINING,1,12,0,4,56321407,8246cae0,3483
80,0,4,9,7,3,54,TRAINING,3,4,0,1,53621407,8426cae0,1162
80,0,4,9,7,3,55,TRAINING,0,14,1,7,53621470,8426ca0e,1490
80,0,4,9,7,3,56,TRAINING,2,6,1,0,23651470,6428ca0e,1226
80,0,4,9,7,3,57,TRAINING,5,8,0,3,23451670,64a8c20e,10546
80,0,4,9,7,3,58,TRAINING,7,0,1,6,23451076,64a8ce02,1204
80,0,4,9,7,3,59,TRAINING,4,10,1,2,63451072,24a8ce06,6923
80,0,4,9,7,3,60,TRAINING,6,2,0,0,65431072,28a4ce06,1163
80,0,4,9,7,3,61,TRAINING,1,12,0,4,65401372,28aec406,8132
80,0,4,9,7,3,62,TRAINING,3,4,0,7,65401273,28aec604,2558
80,0,4,9,7,3,63,TRAINING,0,14,1,3,45601273,a82ec604,20943
80,0,4,9,7,3,64,TRAINING,2,6,1,5,15604273,c82ea604,1154
80,0,4,9,7,3,65,TEST,1,12,0,0,true,6585
80,0,4,9,7,3,66,TEST,6,2,0,0,true,2965
80,0,4,9,7,3,67,TEST,7,0,1,1,true,2180
80,0,4,9,7,3,68,TEST,4,10,1,0,false,3443
80,0,4,9,7,3,69,TEST,3,4,0,0,true,2769
80,0,4,9,7,3,70,TEST,2,6,1,1,true,2342
80,0,4,9,7,3,71,TEST,5,8,0,0,true,1518
80,0,4,9,7,3,72,TEST,0,14,1,1,true,1408
80,0,4,9,7,4,73,TRAINING,5,8,0,5,70613524,0e2c486a,12085
80,0,4,9,7,4,74,TRAINING,7,0,1,0,70163524,0ec2486a,1170
80,0,4,9,7,4,75,TRAINING,4,10,1,3,70143526,0eca4862,5531
80,0,4,9,7,4,76,TRAINING,6,2,0,7,70143256,0eca4682,1298
80,0,4,9,7,4,77,TRAINING,1,12,0,2,73140256,04cae682,3113
80,0,4,9,7,4,78,TRAINING,3,4,0,0,37140256,40cae682,1346
80,0,4,9,7,4,79,TRAINING,0,14,1,4,35140276,48cae602,2130
80,0,4,9,7,4,80,TRAINING,2,6,1,7,35140672,48cae206,1371
80,0,4,9,7,4,81,TRAINING,5,8,0,1,35140762,48cae026,10890
80,0,4,9,7,4,82,TRAINING,7,0,1,2,35740162,480aec26,1282
80,0,4,9,7,4,83,TRAINING,4,10,1,6,35760142,4802eca6,4243
80,0,4,9,7,4,84,TRAINING,6,2,0,3,30765142,4e028ca6,1122
80,0,4,9,7,4,85,TRAINING,1,12,0,5,30265147,4e628ca0,3706
80,0,4,9,7,4,86,TRAINING,3,4,0,0,37265140,40628cae,1122
80,0,4,9,7,4,87,TRAINING,2,6,1,2,37265104,40628cea,1307
80,0,4,9,7,4,88,TRAINING,0,14,1,6,34265107,4a628ce0,1185
80,0,4,9,7,4,89,TEST,0,14,1,1,true,4544
80,0,4,9,7,4,90,TEST,5,8,0,0,true,1328
80,0,4,9,7,4,91,TEST,2,6,1,1,true,1018
80,0,4,9,7,4,92,TEST,4,10,1,1,true,6961
80,0,4,9,7,4,93,TEST,1,12,0,0,true,7475
80,0,4,9,7,4,94,TEST,3,4,0,0,true,899
80,0,4,9,7,4,95,TEST,6,2,0,0,true,5675
80,0,4,9,7,4,96,TEST,7,0,1,1,true,1210
80,0,4,9,7,5,97,TRAINING,5,8,0,3,04657123,ea280c64,9996
80,0,4,9,7,5,98,TRAINING,7,0,1,4,14657023,ca280e64,1282
80,0,4,9,7,5,99,TRAINING,4,10,1,1,14257063,ca680e24,5113
80,0,4,9,7,5,100,TRAINING,6,2,0,6,14207563,ca6e0824,1342
80,0,4,9,7,5,101,TRAINING,1,12,0,0,14702563,ca0e6824,5938
80,0,4,9,7,5,102,TRAINING,3,4,0,7,14502763,ca8e6024,1077
80,0,4,9,7,5,103,TRAINING,0,14,1,4,14520763,ca86e024,2015
80,0,4,9,7,5,104,TRAINING,2,6,1,3,41520763,ac86e024,1308
80,0,4,9,7,5,105,TRAINING,5,8,0,5,41720563,ac06e824,3038
80,0,4,9,7,5,106,TRAINING,7,0,1,2,41726503,ac0628e4,1553
80,0,4,9,7,5,107,TRAINING,4,10,1,7,31726504,4c0628ea,3157
80,0,4,9,7,5,108,TRAINING,6,2,0,4,51726304,8c0624ea,1107
80,0,4,9,7,5,109,TRAINING,1,12,0,1,71526304,0c8624ea,4154
80,0,4,9,7,5,110,TRAINING,3,4,0,5,71026354,0ce6248a,1519
80,0,4,9,7,5,111,TRAINING,0,14,1,2,71056324,0ce8246a,1297
80,0,4,9,7,5,112,TRAINING,2,6,1,1,72056314,06e824ca,1410
80,0,4,9,7,5,113,TEST,3,4,0,0,true,5114
80,0,4,9,7,5,114,TEST,7,0,1,1,true,2367
80,0,4,9,7,5,115,TEST,2,6,1,1,true,1249
80,0,4,9,7,5,116,TEST,5,8,0,0,true,1400
80,0,4,9,7,5,117,TEST,4,10,1,1,true,8784
80,0,4,9,7,5,118,TEST,0,14,1,1,true,1122
80,0,4,9,7,5,119,TEST,6,2,0,0,true,1515
80,0,4,9,7,5,120,TEST,1,12,0,0,true,3954
80,0,4,9,7,INSTRUCT,postquestionnaire,1

rulestrategy:The instructions mentioned yellow borders, but none were visible (unsure if that was a mistake). I pretty early on gave up on finding any criterion, so I memorized the category of each square instead. I decided an order for the 8 squares: solid, dotted, striped, striped+dotted (and within those categories, blue, then purple). Then I memorized a string consisting of the categories of the squares arranged in the above order ("ABBAAABB").
howtoimprove:It was unclear whether the instructions were intentionally misleading. There were no yellow borders in the experiment and no recognizable criteria for sorting the squares.
engagement:9
difficulty:4
physicalaids:no