82,0,0,3,3,INSTRUCT,instruct1,13746
82,0,0,3,3,INSTRUCT,instructCatExample,21413
82,0,0,3,3,INSTRUCT,instructCatColor,3709
82,0,0,3,3,INSTRUCT,instructCatStripe,7164
82,0,0,3,3,INSTRUCT,instructDemoIntro,12194
82,0,0,3,3,INSTRUCT,instructDemo,171375
82,0,0,3,3,INSTRUCT,instructTest,13273
82,0,0,3,3,INSTRUCT,instructTest2,18373
82,0,0,3,3,INSTRUCT,instructDimColor,4701
82,0,0,3,3,INSTRUCT,instructDimBorder,3232
82,0,0,3,3,INSTRUCT,instructDimDots,3822
82,0,0,3,3,INSTRUCT,instructDimStripe,4537
82,0,0,3,3,INSTRUCT,instructDimAll,4299
82,0,0,3,3,INSTRUCT,instructFinal,10980
82,0,0,3,3,1,1,TRAINING,7,2,1,0,70614235,25617403,10057
82,0,0,3,3,1,2,TRAINING,5,3,1,4,70615234,25613407,10847
82,0,0,3,3,1,3,TRAINING,3,0,1,1,73615204,20613457,14792
82,0,0,3,3,1,4,TRAINING,4,7,0,7,13675204,10623457,7863
82,0,0,3,3,1,5,TRAINING,0,5,0,6,13657204,10632457,5177
82,0,0,3,3,1,6,TRAINING,1,1,1,3,53617204,30612457,3960
82,0,0,3,3,1,7,TRAINING,6,6,0,2,57613204,32610457,7873
82,0,0,3,3,1,8,TRAINING,2,4,0,5,47613205,72610453,5743
82,0,0,3,3,1,9,TRAINING,3,0,1,6,47610235,72615403,9995
82,0,0,3,3,1,10,TRAINING,4,7,0,3,17640235,12675403,4462
82,0,0,3,3,1,11,TRAINING,0,5,0,4,17640532,12675304,3095
82,0,0,3,3,1,12,TRAINING,5,3,1,5,71640532,21675304,3134
82,0,0,3,3,1,13,TRAINING,1,1,1,1,71240536,21475306,4422
82,0,0,3,3,1,14,TRAINING,6,6,0,7,71420536,21745306,1712
82,0,0,3,3,1,15,TRAINING,7,2,1,2,41720536,71245306,13630
82,0,0,3,3,1,16,TRAINING,2,4,0,3,14720536,17245306,3915
82,0,0,3,3,1,17,TEST,0,5,0,0,true,10847
82,0,0,3,3,1,18,TEST,3,0,1,1,true,4406
82,0,0,3,3,1,19,TEST,7,2,1,1,true,19317
82,0,0,3,3,1,20,TEST,5,3,1,1,true,6329
82,0,0,3,3,1,21,TEST,1,1,1,1,true,6959
82,0,0,3,3,1,22,TEST,6,6,0,0,true,4719
82,0,0,3,3,1,23,TEST,4,7,0,0,true,3569
82,0,0,3,3,1,24,TEST,2,4,0,0,true,3574
82,0,0,3,3,2,25,TRAINING,4,7,0,5,10672435,15624703,4684
82,0,0,3,3,2,26,TRAINING,0,5,0,1,10372465,15024763,8110
82,0,0,3,3,2,27,TRAINING,5,3,1,4,10375462,15023764,6191
82,0,0,3,3,2,28,TRAINING,1,1,1,0,10735462,15203764,4071
82,0,0,3,3,2,29,TRAINING,6,6,0,6,10435762,15703264,5239
82,0,0,3,3,2,30,TRAINING,7,2,1,5,15430762,13705264,7127
82,0,0,3,3,2,31,TRAINING,2,4,0,7,13450762,10735264,5135
82,0,0,3,3,2,32,TRAINING,3,0,1,1,13540762,10375264,2951
82,0,0,3,3,2,33,TRAINING,4,7,0,3,13640752,10675234,2646
82,0,0,3,3,2,34,TRAINING,0,5,0,4,13540762,10375264,4691
82,0,0,3,3,2,35,TRAINING,5,3,1,2,23540761,40375261,1682
82,0,0,3,3,2,36,TRAINING,1,1,1,5,23540167,40375162,1454
82,0,0,3,3,2,37,TRAINING,6,6,0,4,23546107,40376152,1873
82,0,0,3,3,2,38,TRAINING,7,2,1,7,20546137,45376102,9867
82,0,0,3,3,2,39,TRAINING,2,4,0,0,20346157,45076132,4456
82,0,0,3,3,2,40,TRAINING,3,0,1,2,20345167,45073162,1406
82,0,0,3,3,2,41,TEST,4,7,0,0,true,4272
82,0,0,3,3,2,42,TEST,0,5,0,0,true,4670
82,0,0,3,3,2,43,TEST,6,6,0,0,true,3958
82,0,0,3,3,2,44,TEST,3,0,1,1,true,2327
82,0,0,3,3,2,45,TEST,7,2,1,1,true,6432
82,0,0,3,3,2,46,TEST,5,3,1,0,false,4784
82,0,0,3,3,2,47,TEST,1,1,1,1,true,20937
82,0,0,3,3,2,48,TEST,2,4,0,0,true,791
82,0,0,3,3,3,49,TRAINING,4,7,0,3,62140735,64175203,14403
82,0,0,3,3,3,50,TRAINING,0,5,0,6,62143705,64170253,2368
82,0,0,3,3,3,51,TRAINING,5,3,1,7,63142705,60174253,10343
82,0,0,3,3,3,52,TRAINING,1,1,1,0,13642705,10674253,4359
82,0,0,3,3,3,53,TRAINING,6,6,0,6,13042765,10574263,2990
82,0,0,3,3,3,54,TRAINING,7,2,1,5,13024765,10547263,2886
82,0,0,3,3,3,55,TRAINING,2,4,0,0,23014765,40517263,2479
82,0,0,3,3,3,56,TRAINING,3,0,1,2,20314765,45017263,5106
82,0,0,3,3,3,57,TRAINING,2,4,0,0,24310765,47015263,1275
82,0,0,3,3,3,58,TRAINING,4,7,0,1,24310756,47015236,1749
82,0,0,3,3,3,59,TRAINING,0,5,0,4,24360751,47065231,997
82,0,0,3,3,3,60,TRAINING,6,6,0,3,24360571,47065321,1276
82,0,0,3,3,3,61,TRAINING,3,0,1,2,14360572,17065324,964
82,0,0,3,3,3,62,TRAINING,1,1,1,0,17360542,12065374,934
82,0,0,3,3,3,63,TRAINING,5,3,1,5,17364502,12067354,942
82,0,0,3,3,3,64,TRAINING,7,2,1,1,17264503,12467350,1340
82,0,0,3,3,3,65,TEST,1,1,1,1,true,4730
82,0,0,3,3,3,66,TEST,5,3,1,1,true,622
82,0,0,3,3,3,67,TEST,0,5,0,0,true,934
82,0,0,3,3,3,68,TEST,2,4,0,0,true,455
82,0,0,3,3,3,69,TEST,4,7,0,0,true,473
82,0,0,3,3,3,70,TEST,6,6,0,0,true,487
82,0,0,3,3,3,71,TEST,7,2,1,1,true,608
82,0,0,3,3,3,72,TEST,3,0,1,1,true,591
82,0,0,3,3,4,73,TRAINING,4,7,0,1,14675302,17623054,1172
82,0,0,3,3,4,74,TRAINING,6,6,0,2,24675301,47623051,1363
82,0,0,3,3,4,75,TRAINING,0,5,0,0,04675321,57623041,967
82,0,0,3,3,4,76,TRAINING,2,4,0,6,07645321,52673041,1245
82,0,0,3,3,4,77,TRAINING,1,1,1,7,05647321,53672041,957
82,0,0,3,3,4,78,TRAINING,5,3,1,1,45607321,73652041,1375
82,0,0,3,3,4,79,TRAINING,7,2,1,4,45637021,73602541,1343
82,0,0,3,3,4,80,TRAINING,6,6,0,2,15637024,13602547,1029
82,0,0,3,3,4,81,TRAINING,3,0,1,3,10637524,15602347,1368
82,0,0,3,3,4,82,TRAINING,1,1,1,0,15637024,13602547,933
82,0,0,3,3,4,83,TRAINING,5,3,1,1,15237064,13402567,1087
82,0,0,3,3,4,84,TRAINING,2,4,0,5,15037264,13502467,983
82,0,0,3,3,4,85,TRAINING,6,6,0,6,15047263,13572460,1343
82,0,0,3,3,4,86,TRAINING,3,0,1,7,14057263,17532460,1087
82,0,0,3,3,4,87,TRAINING,0,5,0,2,14075263,17523460,1188
82,0,0,3,3,4,88,TRAINING,1,1,1,0,15074263,13527460,973
82,0,0,3,3,4,89,TEST,4,7,0,0,true,4625
82,0,0,3,3,4,90,TEST,6,6,0,0,true,577
82,0,0,3,3,4,91,TEST,0,5,0,0,true,454
82,0,0,3,3,4,92,TEST,7,2,1,1,true,513
82,0,0,3,3,4,93,TEST,3,0,1,1,true,497
82,0,0,3,3,4,94,TEST,2,4,0,0,true,582
82,0,0,3,3,4,95,TEST,5,3,1,1,true,534
82,0,0,3,3,4,96,TEST,1,1,1,1,true,538
82,0,0,3,3,INSTRUCT,postquestionnaire,4

rulestrategy:First I tried memorizing them with reasonable success.  Then toward the end of the second round I realized it was A if it had a slash and B if it didn't but I made a mistake and clicked one when I should have clicked the other.  I was kind of pissed I had to do two more rounds of it since clicking through the learning section was very annoying.
howtoimprove:Put a damned scroll bar on this page.  I had to scroll this page with the arrow keys, which was a lot harder to figure out than the damned categorization task.
engagement:4
difficulty:2
physicalaids:no