84,1,2,16,7,INSTRUCT,instruct1,13320
84,1,2,16,7,INSTRUCT,instructCatExample,14447
84,1,2,16,7,INSTRUCT,instructCatColor,5313
84,1,2,16,7,INSTRUCT,instructCatStripe,11654
84,1,2,16,7,INSTRUCT,instructDemoIntro,27507
84,1,2,16,7,INSTRUCT,instructDemo,94499
84,1,2,16,7,INSTRUCT,instructTest,27703
84,1,2,16,7,INSTRUCT,instructTest2,26298
84,1,2,16,7,INSTRUCT,instructDimColor,11219
84,1,2,16,7,INSTRUCT,instructDimBorder,4664
84,1,2,16,7,INSTRUCT,instructDimDots,4748
84,1,2,16,7,INSTRUCT,instructDimStripe,3918
84,1,2,16,7,INSTRUCT,instructDimAll,9817
84,1,2,16,7,INSTRUCT,instructFinal,21763
84,1,2,16,7,1,1,TRAINING,5,4,1,6,20437651,aec20846,9174
84,1,2,16,7,1,2,TRAINING,2,10,1,7,10437652,6ec2084a,2732
84,1,2,16,7,1,3,TRAINING,6,8,0,5,30417652,2ec6084a,3675
84,1,2,16,7,1,4,TRAINING,6,8,0,5,30415672,2ec6480a,1852
84,1,2,16,7,1,5,TRAINING,4,12,1,2,30412675,2ec6a804,2180
84,1,2,16,7,1,6,TRAINING,1,6,0,3,50412673,4ec6a802,2500
84,1,2,16,7,1,7,TRAINING,7,0,0,6,56412073,48c6ae02,3192
84,1,2,16,7,1,8,TRAINING,1,6,0,3,56312074,4826ae0c,7784
84,1,2,16,7,1,9,TRAINING,0,14,1,5,54312076,4c26ae08,2236
84,1,2,16,7,1,10,TRAINING,2,10,1,4,64312075,8c26ae04,2422
84,1,2,16,7,1,11,TRAINING,3,2,0,2,67312045,8026aec4,4902
84,1,2,16,7,1,12,TRAINING,4,12,1,7,67312054,8026ae4c,2298
84,1,2,16,7,1,13,TRAINING,0,14,1,5,65312074,8426ae0c,2327
84,1,2,16,7,1,14,TRAINING,7,0,0,2,65712034,8406ae2c,2510
84,1,2,16,7,1,15,TRAINING,3,2,0,6,45712036,c406ae28,2113
84,1,2,16,7,1,16,TRAINING,5,4,1,1,05712436,e406ac28,2289
84,1,2,16,7,1,17,TEST,2,10,1,1,true,2733
84,1,2,16,7,1,18,TEST,3,2,0,0,true,5692
84,1,2,16,7,1,19,TEST,1,6,0,1,false,2424
84,1,2,16,7,1,20,TEST,5,4,1,0,false,5541
84,1,2,16,7,1,21,TEST,4,12,1,0,false,5360
84,1,2,16,7,1,22,TEST,7,0,0,0,true,4053
84,1,2,16,7,1,23,TEST,0,14,1,1,true,1182
84,1,2,16,7,1,24,TEST,6,8,0,1,false,3947
84,1,2,16,7,2,25,TRAINING,6,8,0,4,35076124,24e086ac,3656
84,1,2,16,7,2,26,TRAINING,5,4,1,1,35706124,240e86ac,2616
84,1,2,16,7,2,27,TRAINING,0,14,1,5,35716024,24068eac,2268
84,1,2,16,7,2,28,TRAINING,3,2,0,0,35712064,2406ae8c,2399
84,1,2,16,7,2,29,TRAINING,0,14,1,5,31752064,2604ae8c,2411
84,1,2,16,7,2,30,TRAINING,4,12,1,7,31725064,260a4e8c,2454
84,1,2,16,7,2,31,TRAINING,1,6,0,3,32715064,2a064e8c,2824
84,1,2,16,7,2,32,TRAINING,4,12,1,7,52713064,4a062e8c,2379
84,1,2,16,7,2,33,TRAINING,2,10,1,6,56713024,48062eac,3681
84,1,2,16,7,2,34,TRAINING,2,10,1,6,57613024,40862eac,2109
84,1,2,16,7,2,35,TRAINING,7,0,0,1,57613420,40862cae,2547
84,1,2,16,7,2,36,TRAINING,6,8,0,2,17653420,60842cae,2174
84,1,2,16,7,2,37,TRAINING,3,2,0,4,27653410,a0842c6e,4242
84,1,2,16,7,2,38,TRAINING,5,4,1,1,25673410,a4802c6e,2326
84,1,2,16,7,2,39,TRAINING,7,0,0,5,25643710,a48c206e,2802
84,1,2,16,7,2,40,TRAINING,1,6,0,6,35642710,248ca06e,2122
84,1,2,16,7,2,41,TEST,2,10,1,0,false,10316
84,1,2,16,7,2,42,TEST,5,4,1,1,true,3893
84,1,2,16,7,2,43,TEST,1,6,0,0,true,2247
84,1,2,16,7,2,44,TEST,0,14,1,0,false,1161
84,1,2,16,7,2,45,TEST,4,12,1,1,true,3818
84,1,2,16,7,2,46,TEST,7,0,0,0,true,6655
84,1,2,16,7,2,47,TEST,3,2,0,0,true,4820
84,1,2,16,7,2,48,TEST,6,8,0,0,true,904
84,1,2,16,7,3,49,TRAINING,0,14,1,0,01325746,e62a40c8,3855
84,1,2,16,7,3,50,TRAINING,1,6,0,1,01325476,e62a4c08,2474
84,1,2,16,7,3,51,TRAINING,3,2,0,3,01235476,e6a24c08,2591
84,1,2,16,7,3,52,TRAINING,4,12,1,5,51230476,46a2ec08,3701
84,1,2,16,7,3,53,TRAINING,2,10,1,2,51237406,46a20ce8,2352
84,1,2,16,7,3,54,TRAINING,0,14,1,1,50237416,4ea20c68,3398
84,1,2,16,7,3,55,TRAINING,6,8,0,7,50217436,4ea60c28,2277
84,1,2,16,7,3,56,TRAINING,2,10,1,4,50712436,4e06ac28,3153
84,1,2,16,7,3,57,TRAINING,6,8,0,7,30712456,2e06ac48,2507
84,1,2,16,7,3,58,TRAINING,1,6,0,3,37012456,20e6ac48,4929
84,1,2,16,7,3,59,TRAINING,7,0,0,1,37015426,20e64ca8,2227
84,1,2,16,7,3,60,TRAINING,3,2,0,7,67015423,80e64ca2,2376
84,1,2,16,7,3,61,TRAINING,5,4,1,4,47015623,c0e648a2,2366
84,1,2,16,7,3,62,TRAINING,4,12,1,0,47105623,c06e48a2,7015
84,1,2,16,7,3,63,TRAINING,5,4,1,4,42105673,ca6e4802,2093
84,1,2,16,7,3,64,TRAINING,7,0,0,6,42305671,ca2e4806,2423
84,1,2,16,7,3,65,TEST,3,2,0,0,true,4717
84,1,2,16,7,3,66,TEST,5,4,1,0,false,2750
84,1,2,16,7,3,67,TEST,4,12,1,1,true,6144
84,1,2,16,7,3,68,TEST,7,0,0,0,true,1375
84,1,2,16,7,3,69,TEST,0,14,1,1,true,2568
84,1,2,16,7,3,70,TEST,1,6,0,0,true,1116
84,1,2,16,7,3,71,TEST,6,8,0,1,false,1183
84,1,2,16,7,3,72,TEST,2,10,1,1,true,2803
84,1,2,16,7,4,73,TRAINING,5,4,1,4,74625301,0c8a42e6,3016
84,1,2,16,7,4,74,TRAINING,4,12,1,1,74615302,0c8642ea,2724
84,1,2,16,7,4,75,TRAINING,6,8,0,2,34615702,2c8640ea,2430
84,1,2,16,7,4,76,TRAINING,2,10,1,7,34605712,2c8e406a,3839
84,1,2,16,7,4,77,TRAINING,1,6,0,6,43605712,c28e406a,2310
84,1,2,16,7,4,78,TRAINING,7,0,0,3,43675012,c2804e6a,2550
84,1,2,16,7,4,79,TRAINING,6,8,0,2,45673012,c4802e6a,2356
84,1,2,16,7,4,80,TRAINING,3,2,0,7,45672013,c480ae62,6295
84,1,2,16,7,4,81,TRAINING,3,2,0,7,25674013,a480ce62,3031
84,1,2,16,7,4,82,TRAINING,7,0,0,3,25670413,a480ec62,2444
84,1,2,16,7,4,83,TRAINING,0,14,1,4,45670213,c480ea62,4008
84,1,2,16,7,4,84,TRAINING,1,6,0,6,54670213,4c80ea62,2275
84,1,2,16,7,4,85,TRAINING,5,4,1,0,54670312,4c80e26a,3690
84,1,2,16,7,4,86,TRAINING,0,14,1,4,54620317,4c8ae260,2198
84,1,2,16,7,4,87,TRAINING,2,10,1,6,54610327,4c86e2a0,2310
84,1,2,16,7,4,88,TRAINING,4,12,1,2,56410327,48c6e2a0,2215
84,1,2,16,7,4,89,TEST,5,4,1,1,true,6183
84,1,2,16,7,4,90,TEST,7,0,0,0,true,1513
84,1,2,16,7,4,91,TEST,4,12,1,1,true,1017
84,1,2,16,7,4,92,TEST,2,10,1,0,false,1612
84,1,2,16,7,4,93,TEST,0,14,1,1,true,1417
84,1,2,16,7,4,94,TEST,3,2,0,0,true,1131
84,1,2,16,7,4,95,TEST,6,8,0,0,true,918
84,1,2,16,7,4,96,TEST,1,6,0,1,false,1118
84,1,2,16,7,5,97,TRAINING,7,0,0,2,02736145,ea0286c4,3454
84,1,2,16,7,5,98,TRAINING,4,12,1,6,03726145,e20a86c4,3603
84,1,2,16,7,5,99,TRAINING,6,8,0,4,03716245,e2068ac4,2251
84,1,2,16,7,5,100,TRAINING,1,6,0,3,73016245,02e68ac4,2491
84,1,2,16,7,5,101,TRAINING,4,12,1,6,75016243,04e68ac2,2639
84,1,2,16,7,5,102,TRAINING,2,10,1,5,70516243,0e468ac2,2186
84,1,2,16,7,5,103,TRAINING,1,6,0,2,70156243,0e648ac2,2069
84,1,2,16,7,5,104,TRAINING,2,10,1,5,70136245,0e628ac4,2234
84,1,2,16,7,5,105,TRAINING,5,4,1,7,73106245,026e8ac4,2169
84,1,2,16,7,5,106,TRAINING,6,8,0,4,37106245,206e8ac4,2462
84,1,2,16,7,5,107,TRAINING,3,2,0,0,37106425,206e8ca4,2216
84,1,2,16,7,5,108,TRAINING,5,4,1,7,37206415,20ae8c64,3535
84,1,2,16,7,5,109,TRAINING,0,14,1,3,36207415,28ae0c64,2314
84,1,2,16,7,5,110,TRAINING,7,0,0,4,31207465,26ae0c84,2495
84,1,2,16,7,5,111,TRAINING,3,2,0,1,13207465,62ae0c84,2164
84,1,2,16,7,5,112,TRAINING,0,14,1,3,43207165,c2ae0684,2225
84,1,2,16,7,5,113,TEST,4,12,1,1,true,2702
84,1,2,16,7,5,114,TEST,3,2,0,1,false,4451
84,1,2,16,7,5,115,TEST,2,10,1,1,true,798
84,1,2,16,7,5,116,TEST,6,8,0,0,true,1113
84,1,2,16,7,5,117,TEST,7,0,0,0,true,754
84,1,2,16,7,5,118,TEST,0,14,1,0,false,1280
84,1,2,16,7,5,119,TEST,1,6,0,0,true,827
84,1,2,16,7,5,120,TEST,5,4,1,1,true,1312
84,1,2,16,7,6,121,TRAINING,1,6,0,1,51743260,460c2a8e,4222
84,1,2,16,7,6,122,TRAINING,4,12,1,3,51743620,460c28ae,2646
84,1,2,16,7,6,123,TRAINING,0,14,1,7,31745620,260c48ae,2384
84,1,2,16,7,6,124,TRAINING,1,6,0,1,31742650,260ca84e,4471
84,1,2,16,7,6,125,TRAINING,3,2,0,6,51742630,460ca82e,2353
84,1,2,16,7,6,126,TRAINING,2,10,1,4,51702634,460ea82c,2195
84,1,2,16,7,6,127,TRAINING,0,14,1,3,41702635,c60ea824,2293
84,1,2,16,7,6,128,TRAINING,7,0,0,2,31702645,260ea8c4,2074
84,1,2,16,7,6,129,TRAINING,7,0,0,2,34702615,2c0ea864,1886
84,1,2,16,7,6,130,TRAINING,5,4,1,7,64702315,8c0ea264,2191
84,1,2,16,7,6,131,TRAINING,4,12,1,1,64702135,8c0ea624,2511
84,1,2,16,7,6,132,TRAINING,6,8,0,0,64701235,8c0e6a24,2077
84,1,2,16,7,6,133,TRAINING,3,2,0,2,64301275,8c2e6a04,4187
84,1,2,16,7,6,134,TRAINING,2,10,1,5,64307215,8c2e0a64,2191
84,1,2,16,7,6,135,TRAINING,5,4,1,7,14307265,6c2e0a84,2150
84,1,2,16,7,6,136,TRAINING,6,8,0,6,34107265,2c6e0a84,1880
84,1,2,16,7,6,137,TEST,0,14,1,1,true,1553
84,1,2,16,7,6,138,TEST,2,10,1,1,true,744
84,1,2,16,7,6,139,TEST,7,0,0,0,true,1120
84,1,2,16,7,6,140,TEST,6,8,0,0,true,712
84,1,2,16,7,6,141,TEST,1,6,0,1,false,1073
84,1,2,16,7,6,142,TEST,5,4,1,0,false,1238
84,1,2,16,7,6,143,TEST,4,12,1,0,false,811
84,1,2,16,7,6,144,TEST,3,2,0,1,false,1038
84,1,2,16,7,7,145,TRAINING,6,8,0,4,01756243,e6048ac2,3084
84,1,2,16,7,7,146,TRAINING,2,10,1,5,03756241,e2048ac6,2067
84,1,2,16,7,7,147,TRAINING,5,4,1,3,03756214,e2048a6c,2959
84,1,2,16,7,7,148,TRAINING,3,2,0,1,73056214,02e48a6c,2173
84,1,2,16,7,7,149,TRAINING,7,0,0,0,73052614,02e4a86c,1966
84,1,2,16,7,7,150,TRAINING,4,12,1,7,73062514,02e8a46c,2354
84,1,2,16,7,7,151,TRAINING,4,12,1,7,70362514,0e28a46c,1775
84,1,2,16,7,7,152,TRAINING,2,10,1,4,70162534,0e68a42c,2643
84,1,2,16,7,7,153,TRAINING,0,14,1,1,70162354,0e68a24c,2141
84,1,2,16,7,7,154,TRAINING,0,14,1,1,50162374,4e68a20c,2045
84,1,2,16,7,7,155,TRAINING,3,2,0,5,50162347,4e68a2c0,2097
84,1,2,16,7,7,156,TRAINING,1,6,0,4,50261347,4ea862c0,1962
84,1,2,16,7,7,157,TRAINING,5,4,1,0,50461327,4ec862a0,2024
84,1,2,16,7,7,158,TRAINING,1,6,0,4,50761324,4e0862ac,4959
84,1,2,16,7,7,159,TRAINING,6,8,0,6,50721364,4e0a628c,2028
84,1,2,16,7,7,160,TRAINING,7,0,0,2,50741362,4e0c628a,2158
84,1,2,16,7,7,161,TEST,6,8,0,1,false,1574
84,1,2,16,7,7,162,TEST,4,12,1,1,true,725
84,1,2,16,7,7,163,TEST,2,10,1,1,true,776
84,1,2,16,7,7,164,TEST,5,4,1,0,false,1493
84,1,2,16,7,7,165,TEST,7,0,0,0,true,843
84,1,2,16,7,7,166,TEST,0,14,1,1,true,1143
84,1,2,16,7,7,167,TEST,3,2,0,0,true,1472
84,1,2,16,7,7,168,TEST,1,6,0,0,true,832
84,1,2,16,7,8,169,TRAINING,5,4,1,1,25061473,a4e86c02,3004
84,1,2,16,7,8,170,TRAINING,1,6,0,4,25461073,a4c86e02,2249
84,1,2,16,7,8,171,TRAINING,6,8,0,3,35461072,24c86e0a,2654
84,1,2,16,7,8,172,TRAINING,0,14,1,5,35761042,24086eca,2340
84,1,2,16,7,8,173,TRAINING,7,0,0,2,53761042,42086eca,2156
84,1,2,16,7,8,174,TRAINING,1,6,0,0,13765042,62084eca,2082
84,1,2,16,7,8,175,TRAINING,6,8,0,7,13725046,620a4ec8,2252
84,1,2,16,7,8,176,TRAINING,2,10,1,3,13025746,62ea40c8,2116
84,1,2,16,7,8,177,TRAINING,4,12,1,6,31025746,26ea40c8,2125
84,1,2,16,7,8,178,TRAINING,7,0,0,5,01325746,e62a40c8,2008
84,1,2,16,7,8,179,TRAINING,4,12,1,6,06325741,e82a40c6,2185
84,1,2,16,7,8,180,TRAINING,5,4,1,4,01325746,e62a40c8,2299
84,1,2,16,7,8,181,TRAINING,3,2,0,3,01235746,e6a240c8,3026
84,1,2,16,7,8,182,TRAINING,2,10,1,1,02135746,ea6240c8,2205
84,1,2,16,7,8,183,TRAINING,3,2,0,3,02136745,ea6280c4,2448
84,1,2,16,7,8,184,TRAINING,0,14,1,0,02135746,ea6240c8,2677
84,1,2,16,7,8,185,TEST,4,12,1,1,true,3886
84,1,2,16,7,8,186,TEST,1,6,0,1,false,779
84,1,2,16,7,8,187,TEST,7,0,0,0,true,1472
84,1,2,16,7,8,188,TEST,0,14,1,1,true,2271
84,1,2,16,7,8,189,TEST,5,4,1,1,true,744
84,1,2,16,7,8,190,TEST,6,8,0,0,true,1091
84,1,2,16,7,8,191,TEST,2,10,1,0,false,978
84,1,2,16,7,8,192,TEST,3,2,0,0,true,786
84,1,2,16,7,9,193,TRAINING,5,4,1,4,61725304,860a42ec,3985
84,1,2,16,7,9,194,TRAINING,0,14,1,6,16725304,680a42ec,5089
84,1,2,16,7,9,195,TRAINING,3,2,0,3,16735204,68024aec,5637
84,1,2,16,7,9,196,TRAINING,6,8,0,1,16435207,68c24ae0,2317
84,1,2,16,7,9,197,TRAINING,4,12,1,5,16235407,68a24ce0,2291
84,1,2,16,7,9,198,TRAINING,7,0,0,7,36215407,28a64ce0,2240
84,1,2,16,7,9,199,TRAINING,6,8,0,0,63215407,82a64ce0,2785
84,1,2,16,7,9,200,TRAINING,7,0,0,7,63415207,82c64ae0,2529
84,1,2,16,7,9,201,TRAINING,2,10,1,2,63215407,82a64ce0,2332
84,1,2,16,7,9,202,TRAINING,4,12,1,6,63215047,82a64ec0,2409
84,1,2,16,7,9,203,TRAINING,1,6,0,7,63275041,82a04ec6,2227
84,1,2,16,7,9,204,TRAINING,5,4,1,2,63572041,8240aec6,5330
84,1,2,16,7,9,205,TRAINING,1,6,0,7,60572341,8e40a2c6,2211
84,1,2,16,7,9,206,TRAINING,2,10,1,0,20576341,ae4082c6,3573
84,1,2,16,7,9,207,TRAINING,3,2,0,5,20574361,ae40c286,2636
84,1,2,16,7,9,208,TRAINING,0,14,1,1,20571364,ae40628c,2268
84,1,2,16,7,9,209,TEST,2,10,1,0,false,5299
84,1,2,16,7,9,210,TEST,6,8,0,0,true,1817
84,1,2,16,7,9,211,TEST,5,4,1,1,true,2421
84,1,2,16,7,9,212,TEST,4,12,1,1,true,810
84,1,2,16,7,9,213,TEST,0,14,1,1,true,1142
84,1,2,16,7,9,214,TEST,3,2,0,0,true,1124
84,1,2,16,7,9,215,TEST,7,0,0,0,true,778
84,1,2,16,7,9,216,TEST,1,6,0,1,false,1252
84,1,2,16,7,10,217,TRAINING,0,14,1,2,34062517,2ce8a460,5081
84,1,2,16,7,10,218,TRAINING,3,2,0,0,34062571,2ce8a406,3572
84,1,2,16,7,10,219,TRAINING,6,8,0,3,34062175,2ce8a604,2504
84,1,2,16,7,10,220,TRAINING,6,8,0,3,34067125,2ce806a4,1992
84,1,2,16,7,10,221,TRAINING,7,0,0,4,35067124,24e806ac,2838
84,1,2,16,7,10,222,TRAINING,1,6,0,5,35067142,24e806ca,2239
84,1,2,16,7,10,223,TRAINING,3,2,0,0,35267140,24a806ce,4850
84,1,2,16,7,10,224,TRAINING,2,10,1,2,35267104,24a806ec,2074
84,1,2,16,7,10,225,TRAINING,1,6,0,5,35276104,24a086ec,2774
84,1,2,16,7,10,226,TRAINING,2,10,1,2,35206174,24ae860c,2128
84,1,2,16,7,10,227,TRAINING,0,14,1,3,35207164,24ae068c,2938
84,1,2,16,7,10,228,TRAINING,5,4,1,5,31207564,26ae048c,2200
84,1,2,16,7,10,229,TRAINING,4,12,1,7,21307564,a62e048c,2370
84,1,2,16,7,10,230,TRAINING,7,0,0,4,26307514,a82e046c,2691
84,1,2,16,7,10,231,TRAINING,4,12,1,7,26307154,a82e064c,2318
84,1,2,16,7,10,232,TRAINING,5,4,1,6,26037154,a8e2064c,2263
84,1,2,16,7,10,233,TEST,0,14,1,1,true,1646
84,1,2,16,7,10,234,TEST,2,10,1,0,false,4358
84,1,2,16,7,10,235,TEST,5,4,1,1,true,1340
84,1,2,16,7,10,236,TEST,6,8,0,0,true,1183
84,1,2,16,7,10,237,TEST,1,6,0,1,false,1734
84,1,2,16,7,10,238,TEST,3,2,0,0,true,1655
84,1,2,16,7,10,239,TEST,4,12,1,1,true,1204
84,1,2,16,7,10,240,TEST,7,0,0,0,true,1127
84,1,2,16,7,11,241,TRAINING,0,14,1,5,21743056,a60c2e48,3380
84,1,2,16,7,11,242,TRAINING,4,12,1,3,23741056,a20c6e48,2590
84,1,2,16,7,11,243,TRAINING,2,10,1,0,21743056,a60c2e48,2916
84,1,2,16,7,11,244,TRAINING,5,4,1,6,21643057,a68c2e40,2947
84,1,2,16,7,11,245,TRAINING,6,8,0,2,21647053,a68c0e42,2123
84,1,2,16,7,11,246,TRAINING,7,0,0,4,41627053,c68a0e42,2162
84,1,2,16,7,11,247,TRAINING,3,2,0,7,42617053,ca860e42,2499
84,1,2,16,7,11,248,TRAINING,4,12,1,2,62417053,8ac60e42,2335
84,1,2,16,7,11,249,TRAINING,5,4,1,6,62410753,8ac6e042,2215
84,1,2,16,7,11,250,TRAINING,1,6,0,3,60412753,8ec6a042,2314
84,1,2,16,7,11,251,TRAINING,3,2,0,2,60312754,8e26a04c,2063
84,1,2,16,7,11,252,TRAINING,0,14,1,1,60312574,8e26a40c,2394
84,1,2,16,7,11,253,TRAINING,7,0,0,6,10362574,6e28a40c,2401
84,1,2,16,7,11,254,TRAINING,6,8,0,3,10462573,6ec8a402,3751
84,1,2,16,7,11,255,TRAINING,1,6,0,0,10264573,6ea8c402,2429
84,1,2,16,7,11,256,TRAINING,2,10,1,2,10264375,6ea8c204,2475
84,1,2,16,7,11,257,TEST,7,0,0,0,true,1297
84,1,2,16,7,11,258,TEST,1,6,0,0,true,2172
84,1,2,16,7,11,259,TEST,5,4,1,1,true,2758
84,1,2,16,7,11,260,TEST,0,14,1,1,true,949
84,1,2,16,7,11,261,TEST,6,8,0,0,true,1042
84,1,2,16,7,11,262,TEST,2,10,1,0,false,1468
84,1,2,16,7,11,263,TEST,3,2,0,0,true,1460
84,1,2,16,7,11,264,TEST,4,12,1,1,true,966
84,1,2,16,7,12,265,TRAINING,7,0,0,7,35016247,24e68ac0,4138
84,1,2,16,7,12,266,TRAINING,3,2,0,1,53016247,42e68ac0,2360
84,1,2,16,7,12,267,TRAINING,2,10,1,6,53016427,42e68ca0,2481
84,1,2,16,7,12,268,TRAINING,3,2,0,1,13056427,62e48ca0,2265
84,1,2,16,7,12,269,TRAINING,7,0,0,7,13054627,62e4c8a0,2526
84,1,2,16,7,12,270,TRAINING,0,14,1,2,13052647,62e4a8c0,3556
84,1,2,16,7,12,271,TRAINING,5,4,1,3,23051647,a2e468c0,2186
84,1,2,16,7,12,272,TRAINING,1,6,0,4,27051643,a0e468c2,2821
84,1,2,16,7,12,273,TRAINING,4,12,1,6,67051243,80e46ac2,4536
84,1,2,16,7,12,274,TRAINING,0,14,1,1,60751243,8e046ac2,3471
84,1,2,16,7,12,275,TRAINING,1,6,0,4,60751342,8e0462ca,2433
84,1,2,16,7,12,276,TRAINING,5,4,1,2,60571342,8e4062ca,2310
84,1,2,16,7,12,277,TRAINING,6,8,0,0,64571302,8c4062ea,2147
84,1,2,16,7,12,278,TRAINING,4,12,1,1,64501372,8c4e620a,2186
84,1,2,16,7,12,279,TRAINING,2,10,1,2,64201375,8cae6204,2120
84,1,2,16,7,12,280,TRAINING,6,8,0,0,64203175,8cae2604,2264
84,1,2,16,7,12,281,TEST,0,14,1,1,true,1947
84,1,2,16,7,12,282,TEST,7,0,0,0,true,1552
84,1,2,16,7,12,283,TEST,6,8,0,0,true,2451
84,1,2,16,7,12,284,TEST,1,6,0,0,true,4561
84,1,2,16,7,12,285,TEST,3,2,0,0,true,1052
84,1,2,16,7,12,286,TEST,2,10,1,1,true,1087
84,1,2,16,7,12,287,TEST,4,12,1,1,true,1434
84,1,2,16,7,12,288,TEST,5,4,1,1,true,2360
84,1,2,16,7,13,289,TRAINING,2,10,1,3,53720146,420ae6c8,7380
84,1,2,16,7,13,290,TRAINING,3,2,0,1,53724106,420ac6e8,4386
84,1,2,16,7,13,291,TRAINING,4,12,1,4,53724601,420ac8e6,3935
84,1,2,16,7,13,292,TRAINING,5,4,1,0,53124607,426ac8e0,6316
84,1,2,16,7,13,293,TRAINING,0,14,1,5,53124067,426ace80,4927
84,1,2,16,7,13,294,TRAINING,1,6,0,2,53126047,426a8ec0,5264
84,1,2,16,7,13,295,TRAINING,6,8,0,4,23156047,a2648ec0,4366
84,1,2,16,7,13,296,TRAINING,0,14,1,1,20156347,ae6482c0,6127
84,1,2,16,7,13,297,TRAINING,6,8,0,4,20456317,aec48260,3167
84,1,2,16,7,13,298,TRAINING,1,6,0,6,40256317,cea48260,6584
84,1,2,16,7,13,299,TRAINING,7,0,0,7,04256317,eca48260,2495
84,1,2,16,7,13,300,TRAINING,7,0,0,7,04265317,eca84260,1961
84,1,2,16,7,13,301,TRAINING,2,10,1,2,04235617,eca24860,3890
84,1,2,16,7,13,302,TRAINING,5,4,1,0,54230617,4ca2e860,2334
84,1,2,16,7,13,303,TRAINING,4,12,1,1,54210637,4ca6e820,3483
84,1,2,16,7,13,304,TRAINING,3,2,0,6,54120637,4c6ae820,2374
84,1,2,16,7,13,305,TEST,4,12,1,1,true,2634
84,1,2,16,7,13,306,TEST,6,8,0,0,true,5999
84,1,2,16,7,13,307,TEST,1,6,0,0,true,8508
84,1,2,16,7,13,308,TEST,5,4,1,1,true,3358
84,1,2,16,7,13,309,TEST,3,2,0,0,true,1298
84,1,2,16,7,13,310,TEST,7,0,0,0,true,1142
84,1,2,16,7,13,311,TEST,2,10,1,1,true,1115
84,1,2,16,7,13,312,TEST,0,14,1,1,true,1421
84,1,2,16,7,INSTRUCT,postquestionnaire,2

rulestrategy:I just tried to memorize the patterns according to stripe, solid or dot - but it was very hard. I kept encountering exceptions to the rule, so I kept scoring 75%




howtoimprove:make it easier!
engagement:9
difficulty:9
physicalaids:no