86,0,5,12,5,INSTRUCT,instruct1,12749
86,0,5,12,5,INSTRUCT,instructCatExample,8855
86,0,5,12,5,INSTRUCT,instructCatColor,5853
86,0,5,12,5,INSTRUCT,instructCatStripe,3471
86,0,5,12,5,INSTRUCT,instructDemoIntro,9788
86,0,5,12,5,INSTRUCT,instructDemo,79729
86,0,5,12,5,INSTRUCT,instructTest,38887
86,0,5,12,5,INSTRUCT,instructTest2,12040
86,0,5,12,5,INSTRUCT,instructDimColor,7936
86,0,5,12,5,INSTRUCT,instructDimBorder,5018
86,0,5,12,5,INSTRUCT,instructDimDots,2696
86,0,5,12,5,INSTRUCT,instructDimStripe,3959
86,0,5,12,5,INSTRUCT,instructDimAll,6639
86,0,5,12,5,INSTRUCT,instructFinal,8595
86,0,5,12,5,1,1,TRAINING,5,0,1,0,54376120,0832a1b9,6630
86,0,5,12,5,1,2,TRAINING,5,0,1,0,54736120,0823a1b9,8664
86,0,5,12,5,1,3,TRAINING,4,8,0,1,54730126,082391ba,961
86,0,5,12,5,1,4,TRAINING,7,2,0,2,54703126,082931ba,1325
86,0,5,12,5,1,5,TRAINING,0,9,1,3,54703621,08293ab1,1612
86,0,5,12,5,1,6,TRAINING,3,3,1,4,51703624,01293ab8,1166
86,0,5,12,5,1,7,TRAINING,6,10,1,5,57103624,02193ab8,2096
86,0,5,12,5,1,8,TRAINING,2,11,0,6,50173624,09123ab8,1472
86,0,5,12,5,1,9,TRAINING,4,8,0,7,30175624,39120ab8,1169
86,0,5,12,5,1,10,TRAINING,4,8,0,7,30176524,3912a0b8,2047
86,0,5,12,5,1,11,TRAINING,3,3,1,0,31076524,3192a0b8,1527
86,0,5,12,5,1,12,TRAINING,4,8,0,7,31072564,3192b0a8,3452
86,0,5,12,5,1,13,TRAINING,0,9,1,3,31702564,3129b0a8,1005
86,0,5,12,5,1,14,TRAINING,3,3,1,6,61702534,a129b038,1607
86,0,5,12,5,1,15,TRAINING,4,8,0,5,61702435,a129b830,1920
86,0,5,12,5,1,16,TRAINING,6,10,1,0,61720435,a12b9830,2447
86,0,5,12,5,1,17,TEST,5,0,1,1,true,13350
86,0,5,12,5,1,18,TEST,3,3,1,1,true,7347
86,0,5,12,5,1,19,TEST,6,10,1,1,true,3155
86,0,5,12,5,1,20,TEST,1,1,0,0,true,16329
86,0,5,12,5,1,21,TEST,4,8,0,0,true,4386
86,0,5,12,5,1,22,TEST,0,9,1,1,true,10971
86,0,5,12,5,1,23,TEST,2,11,0,0,true,14247
86,0,5,12,5,1,24,TEST,7,2,0,0,true,5600
86,0,5,12,5,2,25,TRAINING,0,9,1,0,06513274,9a013b28,5702
86,0,5,12,5,2,26,TRAINING,6,10,1,1,06512374,9a01b328,15641
86,0,5,12,5,2,27,TRAINING,5,0,1,3,06152374,9a10b328,11467
86,0,5,12,5,2,28,TRAINING,5,0,1,3,46152370,8a10b329,12019
86,0,5,12,5,2,29,TRAINING,1,1,0,2,42156370,8b10a329,6335
86,0,5,12,5,2,30,TRAINING,3,3,1,5,62154370,ab108329,4579
86,0,5,12,5,2,31,TRAINING,2,11,0,4,64152370,a810b329,5409
86,0,5,12,5,2,32,TRAINING,7,2,0,7,64152307,a810b392,5064
86,0,5,12,5,2,33,TRAINING,4,8,0,3,65142307,a018b392,4191
86,0,5,12,5,2,34,TRAINING,5,0,1,4,62145307,ab180392,10060
86,0,5,12,5,2,35,TRAINING,6,10,1,0,62145703,ab180293,1485
86,0,5,12,5,2,36,TRAINING,2,11,0,1,62415703,ab810293,1426
86,0,5,12,5,2,37,TRAINING,3,3,1,7,62145703,ab180293,1628
86,0,5,12,5,2,38,TRAINING,7,2,0,5,02145763,9b1802a3,1010
86,0,5,12,5,2,39,TRAINING,1,1,0,2,42105763,8b1902a3,1228
86,0,5,12,5,2,40,TRAINING,4,8,0,4,52104763,0b1982a3,1230
86,0,5,12,5,2,41,TEST,2,11,0,0,true,32162
86,0,5,12,5,2,42,TEST,1,1,0,0,true,9314
86,0,5,12,5,2,43,TEST,7,2,0,0,true,12256
86,0,5,12,5,2,44,TEST,6,10,1,1,true,7321
86,0,5,12,5,2,45,TEST,3,3,1,1,true,7603
86,0,5,12,5,2,46,TEST,0,9,1,1,true,16100
86,0,5,12,5,2,47,TEST,5,0,1,1,true,9978
86,0,5,12,5,2,48,TEST,4,8,0,0,true,13443
86,0,5,12,5,INSTRUCT,postquestionnaire,3

rulestrategy:Pattern matching and association
howtoimprove:
engagement:8
difficulty:7
physicalaids:no