89,0,3,23,12,INSTRUCT,instruct1,1451
89,0,3,23,12,INSTRUCT,instructCatExample,1331
89,0,3,23,12,INSTRUCT,instructCatColor,891
89,0,3,23,12,INSTRUCT,instructCatStripe,1090
89,0,3,23,12,INSTRUCT,instructDemoIntro,1067
89,0,3,23,12,INSTRUCT,instructDemo,72072
89,0,3,23,12,INSTRUCT,instructTest,21030
89,0,3,23,12,INSTRUCT,instructTest2,15058
89,0,3,23,12,INSTRUCT,instructDimColor,4170
89,0,3,23,12,INSTRUCT,instructDimBorder,6512
89,0,3,23,12,INSTRUCT,instructDimDots,9263
89,0,3,23,12,INSTRUCT,instructDimStripe,3275
89,0,3,23,12,INSTRUCT,instructDimAll,7969
89,0,3,23,12,INSTRUCT,instructFinal,5924
89,0,3,23,12,1,1,TRAINING,1,13,1,0,10245376,dce89fba,6706
89,0,3,23,12,1,2,TRAINING,5,9,0,4,10345276,dcf89eba,3799
89,0,3,23,12,1,3,TRAINING,0,12,1,1,10325476,dcfe98ba,3833
89,0,3,23,12,1,4,TRAINING,4,8,1,5,70325416,bcfe98da,2791
89,0,3,23,12,1,5,TRAINING,6,10,0,7,70523416,bc9ef8da,1444
89,0,3,23,12,1,6,TRAINING,7,11,0,6,10523476,dc9ef8ba,1545
89,0,3,23,12,1,7,TRAINING,3,15,0,4,10253476,dce9f8ba,1785
89,0,3,23,12,1,8,TRAINING,2,14,1,2,01253476,cde9f8ba,1111
89,0,3,23,12,1,9,TRAINING,6,10,0,7,01253746,cde9fb8a,3262
89,0,3,23,12,1,10,TRAINING,0,12,1,0,01254736,cde98bfa,3161
89,0,3,23,12,1,11,TRAINING,4,8,1,4,01254376,cde98fba,1034
89,0,3,23,12,1,12,TRAINING,2,14,1,2,01264375,cdea8fb9,1101
89,0,3,23,12,1,13,TRAINING,6,10,0,0,61204375,adec8fb9,1519
89,0,3,23,12,1,14,TRAINING,3,15,0,5,67204315,abec8fd9,1975
89,0,3,23,12,1,15,TRAINING,5,9,0,1,65204317,a9ec8fdb,1952
89,0,3,23,12,1,16,TRAINING,1,13,1,6,05264317,c9ea8fdb,1022
89,0,3,23,12,1,17,TEST,6,10,0,0,true,2378
89,0,3,23,12,1,18,TEST,4,8,1,0,false,2324
89,0,3,23,12,1,19,TEST,5,9,0,1,false,921
89,0,3,23,12,1,20,TEST,1,13,1,1,true,609
89,0,3,23,12,1,21,TEST,3,15,0,1,false,816
89,0,3,23,12,1,22,TEST,7,11,0,1,false,674
89,0,3,23,12,1,23,TEST,0,12,1,0,false,858
89,0,3,23,12,1,24,TEST,2,14,1,0,false,898
89,0,3,23,12,2,25,TRAINING,7,11,0,1,27451603,eb89dacf,2336
89,0,3,23,12,2,26,TRAINING,5,9,0,3,07451623,cb89daef,1608
89,0,3,23,12,2,27,TRAINING,1,13,1,5,07456123,cb89adef,1213
89,0,3,23,12,2,28,TRAINING,3,15,0,2,07356124,cbf9ade8,1286
89,0,3,23,12,2,29,TRAINING,2,14,1,1,02356174,cef9adb8,1535
89,0,3,23,12,2,30,TRAINING,6,10,0,0,62350174,aef9cdb8,1098
89,0,3,23,12,2,31,TRAINING,0,12,1,4,62310574,aefdc9b8,999
89,0,3,23,12,2,32,TRAINING,4,8,1,7,67310524,abfdc9e8,969
89,0,3,23,12,2,33,TRAINING,4,8,1,7,76310524,bafdc9e8,1416
89,0,3,23,12,2,34,TRAINING,2,14,1,6,76130524,badfc9e8,1089
89,0,3,23,12,2,35,TRAINING,3,15,0,0,36170524,fadbc9e8,1493
89,0,3,23,12,2,36,TRAINING,2,14,1,6,36175024,fadb9ce8,1072
89,0,3,23,12,2,37,TRAINING,7,11,0,3,35176024,f9dbace8,1931
89,0,3,23,12,2,38,TRAINING,5,9,0,1,35174026,f9db8cea,3231
89,0,3,23,12,2,39,TRAINING,4,8,1,2,35471026,f98bdcea,1815
89,0,3,23,12,2,40,TRAINING,1,13,1,0,15473026,d98bfcea,1742
89,0,3,23,12,2,41,TEST,6,10,0,1,false,1557
89,0,3,23,12,2,42,TEST,0,12,1,1,true,609
89,0,3,23,12,2,43,TEST,1,13,1,0,false,582
89,0,3,23,12,2,44,TEST,5,9,0,0,true,546
89,0,3,23,12,2,45,TEST,4,8,1,1,true,601
89,0,3,23,12,2,46,TEST,3,15,0,0,true,551
89,0,3,23,12,2,47,TEST,7,11,0,0,true,610
89,0,3,23,12,2,48,TEST,2,14,1,1,true,1007
89,0,3,23,12,3,49,TRAINING,5,9,0,3,72450631,be89cafd,5410
89,0,3,23,12,3,50,TRAINING,7,11,0,0,72054631,bec98afd,3728
89,0,3,23,12,3,51,TRAINING,3,15,0,6,72654031,bea98cfd,1604
89,0,3,23,12,3,52,TRAINING,1,13,1,7,72564031,be9a8cfd,1092
89,0,3,23,12,3,53,TRAINING,2,14,1,1,52764031,9eba8cfd,1972
89,0,3,23,12,3,54,TRAINING,0,12,1,3,52704631,9ebc8afd,1257
89,0,3,23,12,3,55,TRAINING,4,8,1,0,42705631,8ebc9afd,1149
89,0,3,23,12,3,56,TRAINING,6,10,0,5,43705621,8fbc9aed,1047
89,0,3,23,12,3,57,TRAINING,1,13,1,7,42705631,8ebc9afd,4131
89,0,3,23,12,3,58,TRAINING,6,10,0,5,47205631,8bec9afd,1079
89,0,3,23,12,3,59,TRAINING,3,15,0,6,57204631,9bec8afd,1574
89,0,3,23,12,3,60,TRAINING,6,10,0,5,57214630,9bed8afc,1307
89,0,3,23,12,3,61,TRAINING,1,13,1,3,57210634,9bedcaf8,1118
89,0,3,23,12,3,62,TRAINING,6,10,0,5,57214630,9bed8afc,1040
89,0,3,23,12,3,63,TRAINING,2,14,1,4,57412630,9b8deafc,2419
89,0,3,23,12,3,64,TRAINING,2,14,1,4,57142630,9bd8eafc,2920
89,0,3,23,12,3,65,TEST,3,15,0,0,true,4842
89,0,3,23,12,3,66,TEST,4,8,1,1,true,3891
89,0,3,23,12,3,67,TEST,2,14,1,1,true,9264
89,0,3,23,12,3,68,TEST,0,12,1,1,true,1076
89,0,3,23,12,3,69,TEST,6,10,0,0,true,3070
89,0,3,23,12,3,70,TEST,7,11,0,0,true,1314
89,0,3,23,12,3,71,TEST,5,9,0,1,false,3706
89,0,3,23,12,3,72,TEST,1,13,1,0,false,889
89,0,3,23,12,4,73,TRAINING,4,8,1,6,25731640,e9bfda8c,4986
89,0,3,23,12,4,74,TRAINING,6,10,0,0,65731240,a9bfde8c,4641
89,0,3,23,12,4,75,TRAINING,1,13,1,4,67531240,ab9fde8c,5299
89,0,3,23,12,4,76,TRAINING,5,9,0,3,67351240,abf9de8c,5193
89,0,3,23,12,4,77,TRAINING,1,13,1,4,67251340,abe9df8c,1962
89,0,3,23,12,4,78,TRAINING,4,8,1,6,76251340,bae9df8c,4995
89,0,3,23,12,4,79,TRAINING,3,15,0,5,56271340,9aebdf8c,1572
89,0,3,23,12,4,80,TRAINING,1,13,1,4,52671340,9eabdf8c,1576
89,0,3,23,12,4,81,TRAINING,6,10,0,2,42671350,8eabdf9c,1833
89,0,3,23,12,4,82,TRAINING,2,14,1,1,02671354,ceabdf98,1050
89,0,3,23,12,4,83,TRAINING,0,12,1,0,02617354,ceadbf98,1562
89,0,3,23,12,4,84,TRAINING,7,11,0,6,02615374,cead9fb8,1010
89,0,3,23,12,4,85,TRAINING,2,14,1,1,02615473,cead98bf,1146
89,0,3,23,12,4,86,TRAINING,0,12,1,0,02613475,ceadf8b9,986
89,0,3,23,12,4,87,TRAINING,7,11,0,6,02513476,ce9df8ba,1659
89,0,3,23,12,4,88,TRAINING,1,13,1,3,02514376,ce9d8fba,3593
89,0,3,23,12,4,89,TEST,6,10,0,0,true,6066
89,0,3,23,12,4,90,TEST,4,8,1,1,true,955
89,0,3,23,12,4,91,TEST,1,13,1,1,true,6019
89,0,3,23,12,4,92,TEST,5,9,0,0,true,627
89,0,3,23,12,4,93,TEST,2,14,1,1,true,2036
89,0,3,23,12,4,94,TEST,0,12,1,1,true,2473
89,0,3,23,12,4,95,TEST,3,15,0,0,true,1627
89,0,3,23,12,4,96,TEST,7,11,0,0,true,1011
89,0,3,23,12,5,97,TRAINING,6,10,0,0,61072453,adcbe89f,1725
89,0,3,23,12,5,98,TRAINING,4,8,1,5,61075423,adcb98ef,2442
89,0,3,23,12,5,99,TRAINING,6,10,0,0,61035427,adcf98eb,4145
89,0,3,23,12,5,100,TRAINING,7,11,0,7,62035417,aecf98db,4459
89,0,3,23,12,5,101,TRAINING,5,9,0,6,62031457,aecfd89b,1811
89,0,3,23,12,5,102,TRAINING,1,13,1,4,42031657,8ecfda9b,1049
89,0,3,23,12,5,103,TRAINING,6,10,0,5,42731650,8ebfda9c,3713
89,0,3,23,12,5,104,TRAINING,6,10,0,5,42031657,8ecfda9b,1632
89,0,3,23,12,5,105,TRAINING,2,14,1,1,42035617,8ecf9adb,1795
89,0,3,23,12,5,106,TRAINING,0,12,1,2,52034617,9ecf8adb,914
89,0,3,23,12,5,107,TRAINING,4,8,1,5,52036417,9ecfa8db,1100
89,0,3,23,12,5,108,TRAINING,1,13,1,6,25036417,e9cfa8db,1443
89,0,3,23,12,5,109,TRAINING,7,11,0,7,23056417,efc9a8db,1035
89,0,3,23,12,5,110,TRAINING,3,15,0,1,23046517,efc8a9db,1196
89,0,3,23,12,5,111,TRAINING,1,13,1,6,23640517,efa8c9db,966
89,0,3,23,12,5,112,TRAINING,3,15,0,1,23540617,ef98cadb,968
89,0,3,23,12,5,113,TEST,2,14,1,1,true,4664
89,0,3,23,12,5,114,TEST,6,10,0,0,true,3329
89,0,3,23,12,5,115,TEST,1,13,1,1,true,3482
89,0,3,23,12,5,116,TEST,3,15,0,0,true,666
89,0,3,23,12,5,117,TEST,7,11,0,0,true,795
89,0,3,23,12,5,118,TEST,5,9,0,0,true,442
89,0,3,23,12,5,119,TEST,4,8,1,1,true,538
89,0,3,23,12,5,120,TEST,0,12,1,1,true,626
89,0,3,23,12,INSTRUCT,postquestionnaire,6

rulestrategy:I found that border colors determined the group. From each group, there was one square that was different, so I tried to remember those different ones. I didn't use anything for this experiment.
howtoimprove:no, this was good experiment.
engagement:10
difficulty:6
physicalaids:no