91,0,1,13,1,INSTRUCT,instruct1,16879
91,0,1,13,1,INSTRUCT,instructCatExample,13089
91,0,1,13,1,INSTRUCT,instructCatColor,7755
91,0,1,13,1,INSTRUCT,instructCatStripe,12386
91,0,1,13,1,INSTRUCT,instructDemoIntro,30221
91,0,1,13,1,INSTRUCT,instructDemo,86064
91,0,1,13,1,INSTRUCT,instructTest,32519
91,0,1,13,1,INSTRUCT,instructTest2,21212
91,0,1,13,1,INSTRUCT,instructDimColor,22185
91,0,1,13,1,INSTRUCT,instructDimBorder,5923
91,0,1,13,1,INSTRUCT,instructDimDots,5392
91,0,1,13,1,INSTRUCT,instructDimStripe,10482
91,0,1,13,1,INSTRUCT,instructDimAll,17814
91,0,1,13,1,INSTRUCT,instructFinal,13966
91,0,1,13,1,1,1,TRAINING,7,9,0,0,75024631,914c5d80,4394
91,0,1,13,1,1,2,TRAINING,5,1,1,1,75124630,910c5d84,2444
91,0,1,13,1,1,3,TRAINING,1,0,1,3,75214630,91c05d84,2713
91,0,1,13,1,1,4,TRAINING,2,12,1,2,75210634,91c04d85,1794
91,0,1,13,1,1,5,TRAINING,6,13,1,4,75216034,91c0d485,6261
91,0,1,13,1,1,6,TRAINING,4,5,0,3,75246031,91c5d480,1843
91,0,1,13,1,1,7,TRAINING,5,1,1,1,75046231,9145dc80,4963
91,0,1,13,1,1,8,TRAINING,7,9,0,0,75246031,91c5d480,1077
91,0,1,13,1,1,9,TRAINING,3,8,0,6,75146032,9105d48c,4861
91,0,1,13,1,1,10,TRAINING,7,9,0,0,76145032,9d05148c,1040
91,0,1,13,1,1,11,TRAINING,3,8,0,6,76140532,9d05418c,1825
91,0,1,13,1,1,12,TRAINING,1,0,1,5,76540132,9d15408c,1202
91,0,1,13,1,1,13,TRAINING,5,1,1,1,75640132,91d5408c,1115
91,0,1,13,1,1,14,TRAINING,6,13,1,2,75630142,91d8405c,6161
91,0,1,13,1,1,15,TRAINING,4,5,0,6,35670142,81d9405c,1618
91,0,1,13,1,1,16,TRAINING,6,13,1,2,35610742,81d0495c,9836
91,0,1,13,1,1,17,TEST,7,9,0,0,true,1538
91,0,1,13,1,1,18,TEST,5,1,1,1,true,1546
91,0,1,13,1,1,19,TEST,0,4,0,0,true,980
91,0,1,13,1,1,20,TEST,2,12,1,1,true,1690
91,0,1,13,1,1,21,TEST,4,5,0,0,true,1347
91,0,1,13,1,1,22,TEST,6,13,1,1,true,813
91,0,1,13,1,1,23,TEST,1,0,1,1,true,946
91,0,1,13,1,1,24,TEST,3,8,0,0,true,679
91,0,1,13,1,2,25,TRAINING,4,5,0,0,46150237,5d014c89,3630
91,0,1,13,1,2,26,TRAINING,6,13,1,1,46120537,5d0c4189,1036
91,0,1,13,1,2,27,TRAINING,1,0,1,2,46170532,5d09418c,10185
91,0,1,13,1,2,28,TRAINING,3,8,0,6,46170235,5d094c81,1562
91,0,1,13,1,2,29,TRAINING,5,1,1,1,45170236,51094c8d,1954
91,0,1,13,1,2,30,TRAINING,4,5,0,2,15470236,01594c8d,2081
91,0,1,13,1,2,31,TRAINING,6,13,1,3,15460237,015d4c89,13372
91,0,1,13,1,2,32,TRAINING,2,12,1,4,15462037,015dc489,11136
91,0,1,13,1,2,33,TRAINING,0,4,0,7,15462730,015dc984,9232
91,0,1,13,1,2,34,TRAINING,3,8,0,6,14562730,051dc984,1578
91,0,1,13,1,2,35,TRAINING,7,9,0,5,14652730,05d1c984,5891
91,0,1,13,1,2,36,TRAINING,5,1,1,3,14256730,05c1d984,1467
91,0,1,13,1,2,37,TRAINING,4,5,0,4,16254730,0dc15984,6800
91,0,1,13,1,2,38,TRAINING,3,8,0,0,36254710,8dc15904,2507
91,0,1,13,1,2,39,TRAINING,5,1,1,3,37254610,89c15d04,1395
91,0,1,13,1,2,40,TRAINING,6,13,1,2,37654210,89d15c04,6650
91,0,1,13,1,2,41,TEST,2,12,1,1,true,3476
91,0,1,13,1,2,42,TEST,1,0,1,1,true,4260
91,0,1,13,1,2,43,TEST,7,9,0,0,true,916
91,0,1,13,1,2,44,TEST,4,5,0,0,true,2842
91,0,1,13,1,2,45,TEST,0,4,0,0,true,3459
91,0,1,13,1,2,46,TEST,3,8,0,0,true,1259
91,0,1,13,1,2,47,TEST,6,13,1,1,true,2171
91,0,1,13,1,2,48,TEST,5,1,1,1,true,3863
91,0,1,13,1,INSTRUCT,postquestionnaire,3

rulestrategy:I try to remember the pattern that differentiate two similar square
howtoimprove:N/A
engagement:10
difficulty:5
physicalaids:no