92,1,3,12,7,INSTRUCT,instruct1,39224
92,1,3,12,7,INSTRUCT,instructCatExample,12264
92,1,3,12,7,INSTRUCT,instructCatColor,5268
92,1,3,12,7,INSTRUCT,instructCatStripe,13244
92,1,3,12,7,INSTRUCT,instructDemoIntro,27470
92,1,3,12,7,INSTRUCT,instructDemo,94046
92,1,3,12,7,INSTRUCT,instructTest,3271982
92,1,3,12,7,INSTRUCT,instructTest2,18200
92,1,3,12,7,INSTRUCT,instructDimColor,6547
92,1,3,12,7,INSTRUCT,instructDimBorder,3734
92,1,3,12,7,INSTRUCT,instructDimDots,4340
92,1,3,12,7,INSTRUCT,instructDimStripe,3153
92,1,3,12,7,INSTRUCT,instructDimAll,9776
92,1,3,12,7,INSTRUCT,instructFinal,21766
92,1,3,12,7,1,1,TRAINING,2,9,1,0,27051463,90b23a81,7038
92,1,3,12,7,1,2,TRAINING,7,0,0,1,27051364,90b2318a,4281
92,1,3,12,7,1,3,TRAINING,5,2,0,3,27051463,90b23a81,2812
92,1,3,12,7,1,4,TRAINING,4,10,1,5,17052463,30b29a81,1597
92,1,3,12,7,1,5,TRAINING,7,0,0,1,07152463,b0329a81,4131
92,1,3,12,7,1,6,TRAINING,1,3,1,2,07152436,b0329a18,2643
92,1,3,12,7,1,7,TRAINING,3,1,0,7,07152463,b0329a81,1866
92,1,3,12,7,1,8,TRAINING,0,11,1,0,07162453,b0389a21,2039
92,1,3,12,7,1,9,TRAINING,6,8,0,3,01762453,b3089a21,1903
92,1,3,12,7,1,10,TRAINING,5,2,0,6,04762153,ba089321,2427
92,1,3,12,7,1,11,TRAINING,2,9,1,4,34762150,1a08932b,2581
92,1,3,12,7,1,12,TRAINING,0,11,1,7,14762350,3a08912b,2393
92,1,3,12,7,1,13,TRAINING,1,3,1,3,64712350,8a03912b,1981
92,1,3,12,7,1,14,TRAINING,4,10,1,1,64715320,8a03219b,3265
92,1,3,12,7,1,15,TRAINING,6,8,0,7,04715326,ba032198,2836
92,1,3,12,7,1,16,TRAINING,3,1,0,5,24715306,9a0321b8,2385
92,1,3,12,7,1,17,TEST,6,8,0,0,true,5029
92,1,3,12,7,1,18,TEST,4,10,1,1,true,977
92,1,3,12,7,1,19,TEST,0,11,1,1,true,731
92,1,3,12,7,1,20,TEST,2,9,1,0,false,1024
92,1,3,12,7,1,21,TEST,1,3,1,1,true,1223
92,1,3,12,7,1,22,TEST,7,0,0,0,true,758
92,1,3,12,7,1,23,TEST,5,2,0,1,false,666
92,1,3,12,7,1,24,TEST,3,1,0,0,true,696
92,1,3,12,7,2,25,TRAINING,0,11,1,5,63471052,81a03b29,3748
92,1,3,12,7,2,26,TRAINING,6,8,0,7,23471056,91a03b28,4392
92,1,3,12,7,2,27,TRAINING,5,2,0,2,23571046,91203ba8,4781
92,1,3,12,7,2,28,TRAINING,3,1,0,1,13572046,31209ba8,3482
92,1,3,12,7,2,29,TRAINING,3,1,0,1,13570246,3120b9a8,4222
92,1,3,12,7,2,30,TRAINING,4,10,1,6,73510246,0123b9a8,2888
92,1,3,12,7,2,31,TRAINING,5,2,0,2,13570246,3120b9a8,4648
92,1,3,12,7,2,32,TRAINING,1,3,1,0,13507246,312b09a8,3321
92,1,3,12,7,2,33,TRAINING,0,11,1,6,13547206,312a09b8,5734
92,1,3,12,7,2,34,TRAINING,1,3,1,0,13647205,318a09b2,2835
92,1,3,12,7,2,35,TRAINING,4,10,1,3,16347205,381a09b2,2240
92,1,3,12,7,2,36,TRAINING,7,0,0,7,16345207,381a29b0,1740
92,1,3,12,7,2,37,TRAINING,6,8,0,6,10345267,3b1a2980,1928
92,1,3,12,7,2,38,TRAINING,2,9,1,5,40315267,ab132980,2118
92,1,3,12,7,2,39,TRAINING,2,9,1,5,40715263,ab032981,5016
92,1,3,12,7,2,40,TRAINING,7,0,0,2,40715236,ab032918,3482
92,1,3,12,7,2,41,TEST,2,9,1,1,true,1095
92,1,3,12,7,2,42,TEST,0,11,1,1,true,867
92,1,3,12,7,2,43,TEST,5,2,0,0,true,703
92,1,3,12,7,2,44,TEST,1,3,1,0,false,2125
92,1,3,12,7,2,45,TEST,7,0,0,1,false,802
92,1,3,12,7,2,46,TEST,3,1,0,0,true,720
92,1,3,12,7,2,47,TEST,6,8,0,1,false,606
92,1,3,12,7,2,48,TEST,4,10,1,1,true,553
92,1,3,12,7,3,49,TRAINING,6,8,0,0,63014275,81b3a902,11024
92,1,3,12,7,3,50,TRAINING,4,10,1,6,63017245,81b309a2,2686
92,1,3,12,7,3,51,TRAINING,4,10,1,6,63012745,81b390a2,2465
92,1,3,12,7,3,52,TRAINING,0,11,1,2,63072145,81b093a2,2019
92,1,3,12,7,3,53,TRAINING,5,2,0,1,65072143,82b093a1,1780
92,1,3,12,7,3,54,TRAINING,2,9,1,4,65072341,82b091a3,13080
92,1,3,12,7,3,55,TRAINING,7,0,0,3,65172340,823091ab,2825
92,1,3,12,7,3,56,TRAINING,5,2,0,6,64172350,8a30912b,3591
92,1,3,12,7,3,57,TRAINING,7,0,0,3,64372150,8a10932b,2942
92,1,3,12,7,3,58,TRAINING,3,1,0,1,63472150,81a0932b,2655
92,1,3,12,7,3,59,TRAINING,1,3,1,5,63475120,81a0239b,2075
92,1,3,12,7,3,60,TRAINING,0,11,1,4,63470125,81a0b392,2843
92,1,3,12,7,3,61,TRAINING,3,1,0,3,67430125,80a1b392,4425
92,1,3,12,7,3,62,TRAINING,2,9,1,2,67230145,8091b3a2,6096
92,1,3,12,7,3,63,TRAINING,1,3,1,5,64230175,8a91b302,4717
92,1,3,12,7,3,64,TRAINING,6,8,0,0,64237105,8a9103b2,5338
92,1,3,12,7,3,65,TEST,6,8,0,0,true,3260
92,1,3,12,7,3,66,TEST,1,3,1,1,true,2552
92,1,3,12,7,3,67,TEST,4,10,1,0,false,675
92,1,3,12,7,3,68,TEST,5,2,0,0,true,721
92,1,3,12,7,3,69,TEST,7,0,0,1,false,3473
92,1,3,12,7,3,70,TEST,2,9,1,1,true,2204
92,1,3,12,7,3,71,TEST,3,1,0,1,false,855
92,1,3,12,7,3,72,TEST,0,11,1,0,false,1211
92,1,3,12,7,4,73,TRAINING,5,2,0,3,17650324,3082b19a,13499
92,1,3,12,7,4,74,TRAINING,7,0,0,1,17653024,30821b9a,7709
92,1,3,12,7,4,75,TRAINING,3,1,0,4,17653420,30821a9b,8272
92,1,3,12,7,4,76,TRAINING,6,8,0,0,67153420,80321a9b,10036
92,1,3,12,7,4,77,TRAINING,2,9,1,6,64153720,8a32109b,14402
92,1,3,12,7,4,78,TRAINING,7,0,0,5,60153724,8b32109a,8149
92,1,3,12,7,4,79,TRAINING,3,1,0,2,60351724,8b12309a,3457
92,1,3,12,7,4,80,TRAINING,1,3,1,6,60352714,8b12903a,13115
92,1,3,12,7,4,81,TRAINING,1,3,1,6,64352710,8a12903b,5139
92,1,3,12,7,4,82,TRAINING,5,2,0,3,64350712,8a12b039,5884
92,1,3,12,7,4,83,TRAINING,6,8,0,0,64352710,8a12903b,7037
92,1,3,12,7,4,84,TRAINING,0,11,1,7,63452710,81a2903b,8938
92,1,3,12,7,4,85,TRAINING,0,11,1,7,65432710,82a1903b,4443
92,1,3,12,7,4,86,TRAINING,4,10,1,5,65732410,82019a3b,11270
92,1,3,12,7,4,87,TRAINING,4,10,1,5,65723410,82091a3b,8606
92,1,3,12,7,4,88,TRAINING,2,9,1,3,61723450,83091a2b,7764
92,1,3,12,7,4,89,TEST,4,10,1,1,true,5352
92,1,3,12,7,4,90,TEST,1,3,1,1,true,5893
92,1,3,12,7,4,91,TEST,2,9,1,1,true,4883
92,1,3,12,7,4,92,TEST,5,2,0,0,true,5223
92,1,3,12,7,4,93,TEST,0,11,1,1,true,4545
92,1,3,12,7,4,94,TEST,6,8,0,0,true,3190
92,1,3,12,7,4,95,TEST,3,1,0,0,true,5351
92,1,3,12,7,4,96,TEST,7,0,0,0,true,2331
92,1,3,12,7,5,97,TRAINING,0,11,1,5,12354076,3912ab08,9271
92,1,3,12,7,5,98,TRAINING,3,1,0,2,52314076,2913ab08,7639
92,1,3,12,7,5,99,TRAINING,6,8,0,7,52317046,29130ba8,6318
92,1,3,12,7,5,100,TRAINING,7,0,0,4,52307146,291b03a8,7162
92,1,3,12,7,5,101,TRAINING,4,10,1,6,12307546,391b02a8,8109
92,1,3,12,7,5,102,TRAINING,0,11,1,5,12357046,39120ba8,8230
92,1,3,12,7,5,103,TRAINING,7,0,0,3,12375046,39102ba8,9891
92,1,3,12,7,5,104,TRAINING,1,3,1,0,15372046,32109ba8,8287
92,1,3,12,7,5,105,TRAINING,2,9,1,4,15472036,32a09b18,9151
92,1,3,12,7,5,106,TRAINING,3,1,0,6,17452036,30a29b18,7181
92,1,3,12,7,5,107,TRAINING,4,10,1,2,10452736,3ba29018,6301
92,1,3,12,7,5,108,TRAINING,5,2,0,7,10462735,3ba89012,8384
92,1,3,12,7,5,109,TRAINING,1,3,1,0,10432765,3ba19082,6931
92,1,3,12,7,5,110,TRAINING,5,2,0,7,10432675,3ba19802,5115
92,1,3,12,7,5,111,TRAINING,2,9,1,4,10632475,3b819a02,9562
92,1,3,12,7,5,112,TRAINING,6,8,0,2,40632175,ab819302,8499
92,1,3,12,7,5,113,TEST,7,0,0,0,true,5175
92,1,3,12,7,5,114,TEST,2,9,1,1,true,3750
92,1,3,12,7,5,115,TEST,5,2,0,0,true,3602
92,1,3,12,7,5,116,TEST,4,10,1,1,true,3694
92,1,3,12,7,5,117,TEST,0,11,1,1,true,3332
92,1,3,12,7,5,118,TEST,3,1,0,0,true,2646
92,1,3,12,7,5,119,TEST,6,8,0,0,true,2962
92,1,3,12,7,5,120,TEST,1,3,1,1,true,4336
92,1,3,12,7,INSTRUCT,postquestionnaire,1

rulestrategy:Tried to remember which was which from practice session.
howtoimprove:
engagement:9
difficulty:8
physicalaids:no