94,0,2,22,3,INSTRUCT,instruct1,12969
94,0,2,22,3,INSTRUCT,instructCatExample,12260
94,0,2,22,3,INSTRUCT,instructCatColor,4316
94,0,2,22,3,INSTRUCT,instructCatStripe,13375
94,0,2,22,3,INSTRUCT,instructDemoIntro,31717
94,0,2,22,3,INSTRUCT,instructDemo,29226
94,0,2,22,3,INSTRUCT,instructTest,22534
94,0,2,22,3,INSTRUCT,instructTest2,31269
94,0,2,22,3,INSTRUCT,instructDimColor,15150
94,0,2,22,3,INSTRUCT,instructDimBorder,5038
94,0,2,22,3,INSTRUCT,instructDimDots,3109
94,0,2,22,3,INSTRUCT,instructDimStripe,3271
94,0,2,22,3,INSTRUCT,instructDimAll,9902
94,0,2,22,3,INSTRUCT,instructFinal,26876
94,0,2,22,3,1,1,TRAINING,5,10,1,0,51360427,a2093b18,1627
94,0,2,22,3,1,2,TRAINING,3,0,0,1,53160427,a0293b18,1834
94,0,2,22,3,1,3,TRAINING,6,9,0,3,53164027,a029b318,1754
94,0,2,22,3,1,4,TRAINING,2,1,1,6,73164025,8029b31a,1290
94,0,2,22,3,1,5,TRAINING,0,3,1,5,71364025,8209b31a,1300
94,0,2,22,3,1,6,TRAINING,4,11,1,4,61374025,9208b31a,1331
94,0,2,22,3,1,7,TRAINING,7,8,0,3,61374052,9208b3a1,14586
94,0,2,22,3,1,8,TRAINING,3,0,0,7,61274053,9218b3a0,7426
94,0,2,22,3,1,9,TRAINING,0,3,1,5,51274063,a218b390,5163
94,0,2,22,3,1,10,TRAINING,2,1,1,4,51472063,a2b81390,2491
94,0,2,22,3,1,11,TRAINING,1,2,0,1,71452063,82ba1390,5772
94,0,2,22,3,1,12,TRAINING,4,11,1,2,71462053,82b913a0,2802
94,0,2,22,3,1,13,TRAINING,6,9,0,3,51462073,a2b91380,2177
94,0,2,22,3,1,14,TRAINING,4,11,1,2,52461073,a1b92380,23972
94,0,2,22,3,1,15,TRAINING,2,1,1,1,02461573,31b92a80,2218
94,0,2,22,3,1,16,TRAINING,1,2,0,0,12460573,21b93a80,11559
94,0,2,22,3,1,17,TEST,7,8,0,0,true,1728
94,0,2,22,3,1,18,TEST,3,0,0,0,true,1619
94,0,2,22,3,1,19,TEST,1,2,0,0,true,2516
94,0,2,22,3,1,20,TEST,0,3,1,1,true,850
94,0,2,22,3,1,21,TEST,4,11,1,1,true,4915
94,0,2,22,3,1,22,TEST,2,1,1,0,false,4516
94,0,2,22,3,1,23,TEST,6,9,0,0,true,3357
94,0,2,22,3,1,24,TEST,5,10,1,0,false,2330
94,0,2,22,3,2,25,TRAINING,6,9,0,0,67254130,981ab203,7038
94,0,2,22,3,2,26,TRAINING,7,8,0,3,65274130,9a18b203,8658
94,0,2,22,3,2,27,TRAINING,3,0,0,2,65374120,9a08b213,2594
94,0,2,22,3,2,28,TRAINING,2,1,1,6,56374120,a908b213,3913
94,0,2,22,3,2,29,TRAINING,1,2,0,5,56347120,a90b8213,10716
94,0,2,22,3,2,30,TRAINING,0,3,1,7,53647120,a09b8213,5099
94,0,2,22,3,2,31,TRAINING,5,10,1,4,73645120,809ba213,3313
94,0,2,22,3,2,32,TRAINING,1,2,0,5,43675120,b098a213,4341
94,0,2,22,3,2,33,TRAINING,6,9,0,2,03675124,3098a21b,10993
94,0,2,22,3,2,34,TRAINING,3,0,0,1,03672154,309812ab,11980
94,0,2,22,3,2,35,TRAINING,5,10,1,6,13672054,209813ab,13818
94,0,2,22,3,2,36,TRAINING,4,11,1,7,73612054,809213ab,5531
94,0,2,22,3,2,37,TRAINING,1,2,0,3,70612354,839210ab,6499
94,0,2,22,3,2,38,TRAINING,0,3,1,1,30612754,039218ab,1130
94,0,2,22,3,2,39,TRAINING,6,9,0,2,70612354,839210ab,6699
94,0,2,22,3,2,40,TRAINING,3,0,0,5,40612357,b39210a8,2867
94,0,2,22,3,2,41,TEST,5,10,1,0,false,7554
94,0,2,22,3,2,42,TEST,7,8,0,0,true,1689
94,0,2,22,3,2,43,TEST,3,0,0,0,true,1987
94,0,2,22,3,2,44,TEST,6,9,0,1,false,2397
94,0,2,22,3,2,45,TEST,4,11,1,1,true,3393
94,0,2,22,3,2,46,TEST,2,1,1,0,false,1685
94,0,2,22,3,2,47,TEST,0,3,1,1,true,2809
94,0,2,22,3,2,48,TEST,1,2,0,1,false,1060
94,0,2,22,3,3,49,TRAINING,6,9,0,0,65743120,9a8b0213,26826
94,0,2,22,3,3,50,TRAINING,4,11,1,3,65143720,9a2b0813,4627
94,0,2,22,3,3,51,TRAINING,0,3,1,7,63145720,902ba813,10667
94,0,2,22,3,3,52,TRAINING,5,10,1,5,63147520,902b8a13,3778
94,0,2,22,3,3,53,TRAINING,1,2,0,0,13647520,209b8a13,1306
94,0,2,22,3,3,54,TRAINING,3,0,0,1,13607524,20938a1b,26915
94,0,2,22,3,3,55,TRAINING,7,8,0,4,13607254,209381ab,2395
94,0,2,22,3,3,56,TRAINING,6,9,0,2,13647250,209b81a3,2474
94,0,2,22,3,3,57,TRAINING,2,1,1,5,14637250,2b9081a3,1130
94,0,2,22,3,3,58,TRAINING,5,10,1,1,15637240,2a9081b3,23710
94,0,2,22,3,3,59,TRAINING,4,11,1,6,15367240,2a0981b3,3684
94,0,2,22,3,3,60,TRAINING,6,9,0,3,05367241,3a0981b2,1170
94,0,2,22,3,3,61,TRAINING,7,8,0,4,05167243,3a2981b0,2122
94,0,2,22,3,3,62,TRAINING,0,3,1,0,05167423,3a298b10,5411
94,0,2,22,3,3,63,TRAINING,1,2,0,3,05617423,3a928b10,986
94,0,2,22,3,3,64,TRAINING,2,1,1,6,05317426,3a028b19,1603
94,0,2,22,3,3,65,TEST,1,2,0,0,true,1283
94,0,2,22,3,3,66,TEST,3,0,0,0,true,2360
94,0,2,22,3,3,67,TEST,6,9,0,0,true,3362
94,0,2,22,3,3,68,TEST,4,11,1,0,false,732
94,0,2,22,3,3,69,TEST,0,3,1,1,true,675
94,0,2,22,3,3,70,TEST,2,1,1,1,true,609
94,0,2,22,3,3,71,TEST,7,8,0,0,true,4557
94,0,2,22,3,3,72,TEST,5,10,1,1,true,1385
94,0,2,22,3,4,73,TRAINING,7,8,0,0,75314206,8a02b139,9590
94,0,2,22,3,4,74,TRAINING,5,10,1,1,75341206,8a0b2139,3361
94,0,2,22,3,4,75,TRAINING,6,9,0,5,75341602,8a0b2931,2202
94,0,2,22,3,4,76,TRAINING,4,11,1,3,75041632,8a3b2901,954
94,0,2,22,3,4,77,TRAINING,0,3,1,2,35041672,0a3b2981,1171
94,0,2,22,3,4,78,TRAINING,1,2,0,4,35041276,0a3b2189,1258
94,0,2,22,3,4,79,TRAINING,2,1,1,5,34051276,0b3a2189,6681
94,0,2,22,3,4,80,TRAINING,0,3,1,2,43051276,b03a2189,2563
94,0,2,22,3,4,81,TRAINING,7,8,0,7,43051267,b03a2198,16324
94,0,2,22,3,4,82,TRAINING,4,11,1,6,63051247,903a21b8,1289
94,0,2,22,3,4,83,TRAINING,3,0,0,5,62051347,913a20b8,1121
94,0,2,22,3,4,84,TRAINING,1,2,0,2,62150347,912a30b8,1891
94,0,2,22,3,4,85,TRAINING,0,3,1,6,62154307,912ab038,1980
94,0,2,22,3,4,86,TRAINING,6,9,0,1,26154307,192ab038,936
94,0,2,22,3,4,87,TRAINING,2,1,1,0,26157304,192a803b,1123
94,0,2,22,3,4,88,TRAINING,5,10,1,7,26147305,192b803a,2419
94,0,2,22,3,4,89,TEST,7,8,0,0,true,1489
94,0,2,22,3,4,90,TEST,4,11,1,0,false,5765
94,0,2,22,3,4,91,TEST,6,9,0,0,true,1242
94,0,2,22,3,4,92,TEST,1,2,0,0,true,1661
94,0,2,22,3,4,93,TEST,5,10,1,1,true,1242
94,0,2,22,3,4,94,TEST,3,0,0,0,true,1266
94,0,2,22,3,4,95,TEST,2,1,1,1,true,516
94,0,2,22,3,4,96,TEST,0,3,1,1,true,458
94,0,2,22,3,5,97,TRAINING,6,9,0,0,67514203,98a2b130,7036
94,0,2,22,3,5,98,TRAINING,7,8,0,1,67514302,98a2b031,3292
94,0,2,22,3,5,99,TRAINING,5,10,1,2,67514032,98a2b301,2347
94,0,2,22,3,5,100,TRAINING,4,11,1,4,67514230,98a2b103,1507
94,0,2,22,3,5,101,TRAINING,2,1,1,5,67534210,98a0b123,1273
94,0,2,22,3,5,102,TRAINING,3,0,0,3,60534217,93a0b128,3820
94,0,2,22,3,5,103,TRAINING,2,1,1,5,67534210,98a0b123,915
94,0,2,22,3,5,104,TRAINING,1,2,0,6,65734210,9a80b123,1256
94,0,2,22,3,5,105,TRAINING,0,3,1,7,35764210,0a89b123,3108
94,0,2,22,3,5,106,TRAINING,2,1,1,5,34765210,0b89a123,3977
94,0,2,22,3,5,107,TRAINING,7,8,0,6,34165270,0b29a183,9724
94,0,2,22,3,5,108,TRAINING,4,11,1,1,64135270,9b20a183,6714
94,0,2,22,3,5,109,TRAINING,5,10,1,4,14635270,2b90a183,961
94,0,2,22,3,5,110,TRAINING,1,2,0,0,14735260,2b80a193,5194
94,0,2,22,3,5,111,TRAINING,3,0,0,2,14375260,2b08a193,7178
94,0,2,22,3,5,112,TRAINING,2,1,1,5,14375206,2b08a139,1842
94,0,2,22,3,5,113,TEST,5,10,1,1,true,3833
94,0,2,22,3,5,114,TEST,2,1,1,1,true,3442
94,0,2,22,3,5,115,TEST,4,11,1,1,true,4610
94,0,2,22,3,5,116,TEST,3,0,0,0,true,3844
94,0,2,22,3,5,117,TEST,1,2,0,0,true,932
94,0,2,22,3,5,118,TEST,0,3,1,1,true,1924
94,0,2,22,3,5,119,TEST,6,9,0,0,true,2755
94,0,2,22,3,5,120,TEST,7,8,0,0,true,1500
94,0,2,22,3,6,121,TRAINING,7,8,0,0,75043621,8a3b0912,4563
94,0,2,22,3,6,122,TRAINING,5,10,1,1,75042631,8a3b1902,6811
94,0,2,22,3,6,123,TRAINING,4,11,1,4,75024631,8a31b902,7951
94,0,2,22,3,6,124,TRAINING,6,9,0,5,75014632,8a32b901,5619
94,0,2,22,3,6,125,TRAINING,2,1,1,7,70514632,83a2b901,6633
94,0,2,22,3,6,126,TRAINING,2,1,1,7,40517632,b3a28901,4756
94,0,2,22,3,6,127,TRAINING,0,3,1,1,40715632,b382a901,3315
94,0,2,22,3,6,128,TRAINING,1,2,0,0,10745632,238ba901,9034
94,0,2,22,3,6,129,TRAINING,1,2,0,0,10745623,238ba910,4475
94,0,2,22,3,6,130,TRAINING,3,0,0,7,10245673,231ba980,3026
94,0,2,22,3,6,131,TRAINING,5,10,1,4,10275643,2318a9b0,8291
94,0,2,22,3,6,132,TRAINING,4,11,1,1,14275603,2b18a930,2915
94,0,2,22,3,6,133,TRAINING,0,3,1,6,14675203,2b98a130,7874
94,0,2,22,3,6,134,TRAINING,2,1,1,5,14673205,2b98013a,1499
94,0,2,22,3,6,135,TRAINING,6,9,0,2,14637205,2b90813a,8713
94,0,2,22,3,6,136,TRAINING,7,8,0,7,14635207,2b90a138,1610
94,0,2,22,3,6,137,TEST,1,2,0,0,true,6307
94,0,2,22,3,6,138,TEST,4,11,1,1,true,5314
94,0,2,22,3,6,139,TEST,2,1,1,1,true,3987
94,0,2,22,3,6,140,TEST,6,9,0,0,true,2890
94,0,2,22,3,6,141,TEST,3,0,0,0,true,4132
94,0,2,22,3,6,142,TEST,7,8,0,0,true,2977
94,0,2,22,3,6,143,TEST,5,10,1,1,true,3628
94,0,2,22,3,6,144,TEST,0,3,1,1,true,3252
94,0,2,22,3,INSTRUCT,postquestionnaire,5

rulestrategy:The rule that I used was: regardless of border color, blue smooth squares were A and blue rough (dotted) squares were B; regardless of texture, purple squares with white borders were A and purple squares with yellow borders were B. It took me several rounds to see the pattern and use the learning trials effectively. I also jotted down the combinations that I thought matched each group's criteria. 
howtoimprove:
engagement:10
difficulty:8
physicalaids:yes