96,1,2,13,9,INSTRUCT,instruct1,1473
96,1,2,13,9,INSTRUCT,instructCatExample,862
96,1,2,13,9,INSTRUCT,instructCatColor,670
96,1,2,13,9,INSTRUCT,instructCatStripe,839
96,1,2,13,9,INSTRUCT,instructDemoIntro,1273
96,1,2,13,9,INSTRUCT,instructDemo,66412
96,1,2,13,9,INSTRUCT,instructTest,20135
96,1,2,13,9,INSTRUCT,instructTest2,32560
96,1,2,13,9,INSTRUCT,instructDimColor,14070
96,1,2,13,9,INSTRUCT,instructDimBorder,6214
96,1,2,13,9,INSTRUCT,instructDimDots,4424
96,1,2,13,9,INSTRUCT,instructDimStripe,4095
96,1,2,13,9,INSTRUCT,instructDimAll,11558
96,1,2,13,9,INSTRUCT,instructFinal,17430
96,1,2,13,9,1,1,TRAINING,0,6,1,6,42617305,7ef2ba63,2353
96,1,2,13,9,1,2,TRAINING,0,6,1,6,47612305,7bf2ea63,1684
96,1,2,13,9,1,3,TRAINING,2,14,1,0,27614305,ebf27a63,5099
96,1,2,13,9,1,4,TRAINING,1,2,0,3,27514306,eb327a6f,2756
96,1,2,13,9,1,5,TRAINING,7,11,0,6,20514376,e6327abf,1997
96,1,2,13,9,1,6,TRAINING,7,11,0,6,26514370,ef327ab6,1572
96,1,2,13,9,1,7,TRAINING,6,15,0,1,16524370,2f3e7ab6,1644
96,1,2,13,9,1,8,TRAINING,4,7,1,4,16254370,2fe37ab6,2562
96,1,2,13,9,1,9,TRAINING,1,2,0,7,06254371,6fe37ab2,4483
96,1,2,13,9,1,10,TRAINING,5,3,1,5,06234571,6fea73b2,4540
96,1,2,13,9,1,11,TRAINING,3,10,0,3,06734521,6fba73e2,2851
96,1,2,13,9,1,12,TRAINING,6,15,0,2,07634521,6bfa73e2,6452
96,1,2,13,9,1,13,TRAINING,2,14,1,1,02634571,6efa73b2,5482
96,1,2,13,9,1,14,TRAINING,3,10,0,7,02614573,6ef273ba,9476
96,1,2,13,9,1,15,TRAINING,5,3,1,5,62014573,fe6273ba,5049
96,1,2,13,9,1,16,TRAINING,4,7,1,1,64012573,f762e3ba,1932
96,1,2,13,9,1,17,TEST,4,7,1,1,true,1762
96,1,2,13,9,1,18,TEST,6,15,0,0,true,2980
96,1,2,13,9,1,19,TEST,7,11,0,0,true,5348
96,1,2,13,9,1,20,TEST,0,6,1,1,true,2347
96,1,2,13,9,1,21,TEST,5,3,1,0,false,1244
96,1,2,13,9,1,22,TEST,1,2,0,0,true,948
96,1,2,13,9,1,23,TEST,2,14,1,1,true,1916
96,1,2,13,9,1,24,TEST,3,10,0,0,true,1708
96,1,2,13,9,2,25,TRAINING,0,6,1,6,23765104,eabf3267,11298
96,1,2,13,9,2,26,TRAINING,5,3,1,4,13765204,2abf3e67,6549
96,1,2,13,9,2,27,TRAINING,1,2,0,7,43765201,7abf3e62,17260
96,1,2,13,9,2,28,TRAINING,5,3,1,4,40765231,76bf3ea2,5516
96,1,2,13,9,2,29,TRAINING,3,10,0,6,04765231,67bf3ea2,15972
96,1,2,13,9,2,30,TRAINING,7,11,0,0,74065231,b76f3ea2,2419
96,1,2,13,9,2,31,TRAINING,4,7,1,1,74015236,b7623eaf,5284
96,1,2,13,9,2,32,TRAINING,0,6,1,2,74015263,b7623efa,2589
96,1,2,13,9,2,33,TRAINING,1,2,0,7,74035261,b76a3ef2,1786
96,1,2,13,9,2,34,TRAINING,4,7,1,1,74025361,b76e3af2,2404
96,1,2,13,9,2,35,TRAINING,7,11,0,0,74025631,b76e3fa2,2404
96,1,2,13,9,2,36,TRAINING,3,10,0,6,74625031,b7fe36a2,1997
96,1,2,13,9,2,37,TRAINING,2,14,1,3,76425031,bf7e36a2,1828
96,1,2,13,9,2,38,TRAINING,6,15,0,1,76125034,bf2e36a7,2083
96,1,2,13,9,2,39,TRAINING,2,14,1,3,76521034,bf3e26a7,2684
96,1,2,13,9,2,40,TRAINING,6,15,0,1,76321054,bfae2637,1884
96,1,2,13,9,2,41,TEST,2,14,1,1,true,867
96,1,2,13,9,2,42,TEST,0,6,1,1,true,1860
96,1,2,13,9,2,43,TEST,6,15,0,0,true,668
96,1,2,13,9,2,44,TEST,7,11,0,0,true,474
96,1,2,13,9,2,45,TEST,1,2,0,1,false,1443
96,1,2,13,9,2,46,TEST,3,10,0,0,true,476
96,1,2,13,9,2,47,TEST,5,3,1,1,true,2261
96,1,2,13,9,2,48,TEST,4,7,1,1,true,474
96,1,2,13,9,3,49,TRAINING,1,2,0,6,32760415,aebf6723,10954
96,1,2,13,9,3,50,TRAINING,7,11,0,2,52760413,3ebf672a,2068
96,1,2,13,9,3,51,TRAINING,5,3,1,0,53760412,3abf672e,2875
96,1,2,13,9,3,52,TRAINING,5,3,1,0,53764012,3abf762e,5524
96,1,2,13,9,3,53,TRAINING,4,7,1,4,51764032,32bf76ae,5269
96,1,2,13,9,3,54,TRAINING,2,14,1,7,51064732,326f7bae,2251
96,1,2,13,9,3,55,TRAINING,6,15,0,3,15064732,236f7bae,2307
96,1,2,13,9,3,56,TRAINING,0,6,1,2,15064372,236f7abe,2453
96,1,2,13,9,3,57,TRAINING,2,14,1,7,17064352,2b6f7a3e,1876
96,1,2,13,9,3,58,TRAINING,3,10,0,5,71064352,b26f7a3e,2860
96,1,2,13,9,3,59,TRAINING,7,11,0,0,71564302,b23f7a6e,2171
96,1,2,13,9,3,60,TRAINING,0,6,1,6,71654302,b2f37a6e,1900
96,1,2,13,9,3,61,TRAINING,6,15,0,2,71645302,b2f73a6e,1612
96,1,2,13,9,3,62,TRAINING,1,2,0,3,74615302,b7f23a6e,2493
96,1,2,13,9,3,63,TRAINING,4,7,1,1,74615203,b7f23e6a,2356
96,1,2,13,9,3,64,TRAINING,3,10,0,2,74315206,b7a23e6f,1530
96,1,2,13,9,3,65,TEST,5,3,1,1,true,1115
96,1,2,13,9,3,66,TEST,1,2,0,0,true,499
96,1,2,13,9,3,67,TEST,2,14,1,0,false,4139
96,1,2,13,9,3,68,TEST,6,15,0,1,false,836
96,1,2,13,9,3,69,TEST,7,11,0,1,false,1844
96,1,2,13,9,3,70,TEST,4,7,1,1,true,540
96,1,2,13,9,3,71,TEST,0,6,1,0,false,971
96,1,2,13,9,3,72,TEST,3,10,0,0,true,436
96,1,2,13,9,4,73,TRAINING,5,3,1,4,12375604,2eab3f67,3739
96,1,2,13,9,4,74,TRAINING,1,2,0,0,12365704,2eaf3b67,4754
96,1,2,13,9,4,75,TRAINING,0,6,1,6,12635704,2efa3b67,3500
96,1,2,13,9,4,76,TRAINING,7,11,0,5,16235704,2fea3b67,7396
96,1,2,13,9,4,77,TRAINING,6,15,0,3,13265704,2aef3b67,1986
96,1,2,13,9,4,78,TRAINING,7,11,0,5,13465702,2a7f3b6e,2212
96,1,2,13,9,4,79,TRAINING,4,7,1,0,43165702,7a2f3b6e,2492
96,1,2,13,9,4,80,TRAINING,3,10,0,1,43105762,7a263bfe,1620
96,1,2,13,9,4,81,TRAINING,5,3,1,2,43501762,7a362bfe,2971
96,1,2,13,9,4,82,TRAINING,1,2,0,4,23501764,ea362bf7,1683
96,1,2,13,9,4,83,TRAINING,3,10,0,5,27501364,eb362af7,2580
96,1,2,13,9,4,84,TRAINING,2,14,1,0,27561304,eb3f2a67,1837
96,1,2,13,9,4,85,TRAINING,6,15,0,2,27651304,ebf32a67,1996
96,1,2,13,9,4,86,TRAINING,4,7,1,4,27654301,ebf37a62,2035
96,1,2,13,9,4,87,TRAINING,2,14,1,1,72654301,bef37a62,3258
96,1,2,13,9,4,88,TRAINING,0,6,1,6,72564301,be3f7a62,2691
96,1,2,13,9,4,89,TEST,0,6,1,1,true,843
96,1,2,13,9,4,90,TEST,3,10,0,1,false,1676
96,1,2,13,9,4,91,TEST,6,15,0,1,false,2043
96,1,2,13,9,4,92,TEST,2,14,1,0,false,651
96,1,2,13,9,4,93,TEST,5,3,1,0,false,1642
96,1,2,13,9,4,94,TEST,1,2,0,0,true,2573
96,1,2,13,9,4,95,TEST,4,7,1,1,true,884
96,1,2,13,9,4,96,TEST,7,11,0,1,false,2460
96,1,2,13,9,5,97,TRAINING,7,11,0,4,25147630,e327bfa6,9860
96,1,2,13,9,5,98,TRAINING,1,2,0,2,25147360,e327baf6,23155
96,1,2,13,9,5,99,TRAINING,3,10,0,5,25167340,e32fba76,1964
96,1,2,13,9,5,100,TRAINING,6,15,0,7,25107346,e326ba7f,1924
96,1,2,13,9,5,101,TRAINING,6,15,0,7,52107346,3e26ba7f,1779
96,1,2,13,9,5,102,TRAINING,7,11,0,4,52147306,3e27ba6f,1867
96,1,2,13,9,5,103,TRAINING,2,14,1,1,02147356,6e27ba3f,11619
96,1,2,13,9,5,104,TRAINING,0,6,1,0,02347156,6ea7b23f,20772
96,1,2,13,9,5,105,TRAINING,3,10,0,3,02437156,6e7ab23f,4051
96,1,2,13,9,5,106,TRAINING,5,3,1,6,06437152,6f7ab23e,3709
96,1,2,13,9,5,107,TRAINING,1,2,0,2,06137452,6f2ab73e,6051
96,1,2,13,9,5,108,TRAINING,4,7,1,0,46137052,7f2ab63e,8851
96,1,2,13,9,5,109,TRAINING,4,7,1,0,46135072,7f2a36be,2019
96,1,2,13,9,5,110,TRAINING,0,6,1,5,41635072,72fa36be,5451
96,1,2,13,9,5,111,TRAINING,2,14,1,2,41235076,72ea36bf,6364
96,1,2,13,9,5,112,TRAINING,5,3,1,4,71235046,b2ea367f,7546
96,1,2,13,9,5,113,TEST,5,3,1,1,true,3971
96,1,2,13,9,5,114,TEST,2,14,1,1,true,3684
96,1,2,13,9,5,115,TEST,3,10,0,0,true,2276
96,1,2,13,9,5,116,TEST,1,2,0,0,true,4955
96,1,2,13,9,5,117,TEST,7,11,0,0,true,3739
96,1,2,13,9,5,118,TEST,0,6,1,1,true,7947
96,1,2,13,9,5,119,TEST,4,7,1,1,true,2892
96,1,2,13,9,5,120,TEST,6,15,0,0,true,3572
96,1,2,13,9,6,121,TRAINING,5,3,1,4,13265074,2aef36b7,13555
96,1,2,13,9,6,122,TRAINING,7,11,0,6,43265071,7aef36b2,9932
96,1,2,13,9,6,123,TRAINING,1,2,0,7,63245071,fae736b2,6371
96,1,2,13,9,6,124,TRAINING,4,7,1,3,03245671,6ae73fb2,10131
96,1,2,13,9,6,125,TRAINING,2,14,1,2,03245761,6ae73bf2,11979
96,1,2,13,9,6,126,TRAINING,5,3,1,4,03245716,6ae73b2f,7195
96,1,2,13,9,6,127,TRAINING,0,6,1,0,07245316,6be73a2f,7514
96,1,2,13,9,6,128,TRAINING,0,6,1,0,04275316,67eb3a2f,4883
96,1,2,13,9,6,129,TRAINING,3,10,0,5,06275314,6feb3a27,5994
96,1,2,13,9,6,130,TRAINING,6,15,0,4,05276314,63ebfa27,9596
96,1,2,13,9,6,131,TRAINING,7,11,0,3,05276341,63ebfa72,6850
96,1,2,13,9,6,132,TRAINING,1,2,0,7,04276351,67ebfa32,4604
96,1,2,13,9,6,133,TRAINING,2,14,1,2,40276351,76ebfa32,8418
96,1,2,13,9,6,134,TRAINING,3,10,0,3,40236751,76eafb32,5948
96,1,2,13,9,6,135,TRAINING,4,7,1,0,40237651,76eabf32,6906
96,1,2,13,9,6,136,TRAINING,6,15,0,4,40236751,76eafb32,6820
96,1,2,13,9,6,137,TEST,4,7,1,1,true,7020
96,1,2,13,9,6,138,TEST,5,3,1,1,true,3635
96,1,2,13,9,6,139,TEST,0,6,1,1,true,8491
96,1,2,13,9,6,140,TEST,1,2,0,0,true,5843
96,1,2,13,9,6,141,TEST,7,11,0,0,true,6204
96,1,2,13,9,6,142,TEST,6,15,0,0,true,3484
96,1,2,13,9,6,143,TEST,3,10,0,0,true,5339
96,1,2,13,9,6,144,TEST,2,14,1,1,true,4091
96,1,2,13,9,INSTRUCT,postquestionnaire,50

rulestrategy:I noticed that it always seemed the categories were by color with one exception -- that is, one blue square would be grouped with three purple squares, and vice versa.  I used the tests to determine which purple and blue squares were not included with the rest of their color.  I did not use pencil or paper or computer.
howtoimprove:This was very interesting.  Good luck in your research.
engagement:10
difficulty:8
physicalaids:no