97,1,1,23,11,INSTRUCT,instruct1,16415
97,1,1,23,11,INSTRUCT,instructCatExample,10988
97,1,1,23,11,INSTRUCT,instructCatColor,6922
97,1,1,23,11,INSTRUCT,instructCatStripe,13431
97,1,1,23,11,INSTRUCT,instructDemoIntro,170952
97,1,1,23,11,INSTRUCT,instructDemo,79925
97,1,1,23,11,INSTRUCT,instructTest,22514
97,1,1,23,11,INSTRUCT,instructTest2,28135
97,1,1,23,11,INSTRUCT,instructDimColor,18565
97,1,1,23,11,INSTRUCT,instructDimBorder,4519
97,1,1,23,11,INSTRUCT,instructDimDots,3379
97,1,1,23,11,INSTRUCT,instructDimStripe,2236
97,1,1,23,11,INSTRUCT,instructDimAll,9601
97,1,1,23,11,INSTRUCT,instructFinal,33952
97,1,1,23,11,1,1,TRAINING,7,12,0,2,26741350,9dcfa8eb,4439
97,1,1,23,11,1,2,TRAINING,2,9,1,0,26740351,9dcfb8ea,4596
97,1,1,23,11,1,3,TRAINING,2,9,1,0,21740356,9acfb8ed,1558
97,1,1,23,11,1,4,TRAINING,6,13,1,7,21730456,9ac8bfed,1910
97,1,1,23,11,1,5,TRAINING,3,8,0,3,21430756,9af8bced,1970
97,1,1,23,11,1,6,TRAINING,7,12,0,6,21430576,9af8becd,1476
97,1,1,23,11,1,7,TRAINING,1,10,1,0,12430576,a9f8becd,1438
97,1,1,23,11,1,8,TRAINING,4,15,0,2,12430675,a9f8bdce,2268
97,1,1,23,11,1,9,TRAINING,4,15,0,2,12437605,a9f8cdbe,3365
97,1,1,23,11,1,10,TRAINING,1,10,1,0,12435607,a9f8edbc,1909
97,1,1,23,11,1,11,TRAINING,6,13,1,5,12437605,a9f8cdbe,2488
97,1,1,23,11,1,12,TRAINING,3,8,0,3,12537604,a9e8cdbf,1660
97,1,1,23,11,1,13,TRAINING,0,11,0,6,14537602,afe8cdb9,2112
97,1,1,23,11,1,14,TRAINING,5,14,1,0,54137602,efa8cdb9,1990
97,1,1,23,11,1,15,TRAINING,0,11,0,6,54731602,efc8adb9,3781
97,1,1,23,11,1,16,TRAINING,5,14,1,0,54231607,ef98adbc,1906
97,1,1,23,11,1,17,TEST,3,8,0,0,true,2002
97,1,1,23,11,1,18,TEST,1,10,1,0,false,3344
97,1,1,23,11,1,19,TEST,7,12,0,0,true,1878
97,1,1,23,11,1,20,TEST,6,13,1,1,true,1641
97,1,1,23,11,1,21,TEST,0,11,0,1,false,8078
97,1,1,23,11,1,22,TEST,2,9,1,0,false,1109
97,1,1,23,11,1,23,TEST,4,15,0,1,false,736
97,1,1,23,11,1,24,TEST,5,14,1,1,true,1017
97,1,1,23,11,2,25,TRAINING,0,11,0,1,70654213,cbdef9a8,4207
97,1,1,23,11,2,26,TRAINING,3,8,0,7,70652413,cbde9fa8,11832
97,1,1,23,11,2,27,TRAINING,5,14,1,3,70452613,cbfe9da8,4099
97,1,1,23,11,2,28,TRAINING,6,13,1,5,07452613,bcfe9da8,3727
97,1,1,23,11,2,29,TRAINING,7,12,0,1,07254613,bc9efda8,1557
97,1,1,23,11,2,30,TRAINING,3,8,0,7,07245613,bc9feda8,4812
97,1,1,23,11,2,31,TRAINING,4,15,0,3,07245163,bc9fead8,2566
97,1,1,23,11,2,32,TRAINING,2,9,1,2,01245763,ba9fecd8,4284
97,1,1,23,11,2,33,TRAINING,6,13,1,6,10245763,ab9fecd8,2332
97,1,1,23,11,2,34,TRAINING,5,14,1,4,10235764,ab98ecdf,2290
97,1,1,23,11,2,35,TRAINING,1,10,1,1,01235764,ba98ecdf,2051
97,1,1,23,11,2,36,TRAINING,0,11,0,7,41235760,fa98ecdb,1750
97,1,1,23,11,2,37,TRAINING,2,9,1,2,61235740,da98ecfb,1621
97,1,1,23,11,2,38,TRAINING,4,15,0,3,61245730,da9fec8b,9194
97,1,1,23,11,2,39,TRAINING,1,10,1,1,31245760,8a9fecdb,3724
97,1,1,23,11,2,40,TRAINING,7,12,0,5,01245763,ba9fecd8,2814
97,1,1,23,11,2,41,TEST,2,9,1,0,false,1026
97,1,1,23,11,2,42,TEST,6,13,1,0,false,1194
97,1,1,23,11,2,43,TEST,5,14,1,1,true,828
97,1,1,23,11,2,44,TEST,7,12,0,0,true,735
97,1,1,23,11,2,45,TEST,4,15,0,1,false,719
97,1,1,23,11,2,46,TEST,0,11,0,1,false,422
97,1,1,23,11,2,47,TEST,3,8,0,0,true,484
97,1,1,23,11,2,48,TEST,1,10,1,1,true,641
97,1,1,23,11,3,49,TRAINING,2,9,1,6,35601427,8edbaf9c,6335
97,1,1,23,11,3,50,TRAINING,4,15,0,5,37601425,8cdbaf9e,9753
97,1,1,23,11,3,51,TRAINING,7,12,0,1,37605421,8cdbef9a,4679
97,1,1,23,11,3,52,TRAINING,1,10,1,7,37650421,8cdebf9a,2067
97,1,1,23,11,3,53,TRAINING,2,9,1,5,37650241,8cdeb9fa,1473
97,1,1,23,11,3,54,TRAINING,6,13,1,0,67350241,dc8eb9fa,1350
97,1,1,23,11,3,55,TRAINING,4,15,0,2,67450231,dcfeb98a,3661
97,1,1,23,11,3,56,TRAINING,5,14,1,3,67453201,dcfe89ba,1929
97,1,1,23,11,3,57,TRAINING,3,8,0,6,67450231,dcfeb98a,4097
97,1,1,23,11,3,58,TRAINING,0,11,0,4,67250431,dc9ebf8a,1843
97,1,1,23,11,3,59,TRAINING,3,8,0,6,27650431,9cdebf8a,1912
97,1,1,23,11,3,60,TRAINING,1,10,1,7,24650731,9fdebc8a,1915
97,1,1,23,11,3,61,TRAINING,7,12,0,1,27650431,9cdebf8a,1688
97,1,1,23,11,3,62,TRAINING,6,13,1,2,27650341,9cdeb8fa,1544
97,1,1,23,11,3,63,TRAINING,0,11,0,4,27650314,9cdeb8af,1970
97,1,1,23,11,3,64,TRAINING,5,14,1,5,27630514,9cd8beaf,2480
97,1,1,23,11,3,65,TEST,2,9,1,0,false,2439
97,1,1,23,11,3,66,TEST,7,12,0,1,false,829
97,1,1,23,11,3,67,TEST,5,14,1,1,true,1676
97,1,1,23,11,3,68,TEST,6,13,1,1,true,672
97,1,1,23,11,3,69,TEST,3,8,0,0,true,563
97,1,1,23,11,3,70,TEST,4,15,0,1,false,602
97,1,1,23,11,3,71,TEST,1,10,1,0,false,1425
97,1,1,23,11,3,72,TEST,0,11,0,0,true,1002
97,1,1,23,11,4,73,TRAINING,2,9,1,1,32410765,89fabcde,10062
97,1,1,23,11,4,74,TRAINING,0,11,0,5,32417065,89facbde,3160
97,1,1,23,11,4,75,TRAINING,7,12,0,6,32416075,89fadbce,6097
97,1,1,23,11,4,76,TRAINING,5,14,1,7,32614075,89dafbce,3763
97,1,1,23,11,4,77,TRAINING,6,13,1,2,34612075,8fda9bce,3660
97,1,1,23,11,4,78,TRAINING,1,10,1,3,34612705,8fda9cbe,2646
97,1,1,23,11,4,79,TRAINING,6,13,1,2,34612507,8fda9ebc,1654
97,1,1,23,11,4,80,TRAINING,1,10,1,3,35612407,8eda9fbc,2612
97,1,1,23,11,4,81,TRAINING,0,11,0,6,75612403,ceda9fb8,2167
97,1,1,23,11,4,82,TRAINING,4,15,0,5,73612405,c8da9fbe,5315
97,1,1,23,11,4,83,TRAINING,4,15,0,5,53612407,e8da9fbc,1748
97,1,1,23,11,4,84,TRAINING,5,14,1,0,53621407,e8d9afbc,2195
97,1,1,23,11,4,85,TRAINING,2,9,1,3,57621403,ecd9afb8,2087
97,1,1,23,11,4,86,TRAINING,3,8,0,7,51627403,ead9cfb8,2480
97,1,1,23,11,4,87,TRAINING,7,12,0,2,51726403,eac9dfb8,2566
97,1,1,23,11,4,88,TRAINING,3,8,0,7,51746203,eacfd9b8,1721
97,1,1,23,11,4,89,TEST,7,12,0,1,false,3395
97,1,1,23,11,4,90,TEST,1,10,1,0,false,1140
97,1,1,23,11,4,91,TEST,2,9,1,1,true,1614
97,1,1,23,11,4,92,TEST,0,11,0,0,true,797
97,1,1,23,11,4,93,TEST,4,15,0,0,true,1377
97,1,1,23,11,4,94,TEST,3,8,0,1,false,704
97,1,1,23,11,4,95,TEST,6,13,1,0,false,939
97,1,1,23,11,4,96,TEST,5,14,1,0,false,1625
97,1,1,23,11,5,97,TRAINING,1,10,1,2,54173260,efac89db,3765
97,1,1,23,11,5,98,TRAINING,4,15,0,1,54176230,efacd98b,4381
97,1,1,23,11,5,99,TRAINING,1,10,1,2,54136270,efa8d9cb,3544
97,1,1,23,11,5,100,TRAINING,6,13,1,4,54176230,efacd98b,2908
97,1,1,23,11,5,101,TRAINING,2,9,1,6,54176320,efacd89b,1943
97,1,1,23,11,5,102,TRAINING,6,13,1,4,54376120,ef8cda9b,1539
97,1,1,23,11,5,103,TRAINING,3,8,0,3,54736120,efc8da9b,2427
97,1,1,23,11,5,104,TRAINING,5,14,1,0,54736210,efc8d9ab,3144
97,1,1,23,11,5,105,TRAINING,2,9,1,7,54736012,efc8dba9,2599
97,1,1,23,11,5,106,TRAINING,0,11,0,3,54706312,efcbd8a9,2877
97,1,1,23,11,5,107,TRAINING,0,11,0,3,54306712,ef8bdca9,3817
97,1,1,23,11,5,108,TRAINING,7,12,0,2,54706312,efcbd8a9,1957
97,1,1,23,11,5,109,TRAINING,7,12,0,2,54706132,efcbda89,1738
97,1,1,23,11,5,110,TRAINING,5,14,1,0,54701632,efcbad89,2410
97,1,1,23,11,5,111,TRAINING,3,8,0,6,52701634,e9cbad8f,1957
97,1,1,23,11,5,112,TRAINING,4,15,0,4,52704631,e9cbfd8a,1945
97,1,1,23,11,5,113,TEST,2,9,1,1,true,6375
97,1,1,23,11,5,114,TEST,1,10,1,0,false,1192
97,1,1,23,11,5,115,TEST,4,15,0,1,false,640
97,1,1,23,11,5,116,TEST,6,13,1,0,false,4265
97,1,1,23,11,5,117,TEST,5,14,1,1,true,1125
97,1,1,23,11,5,118,TEST,7,12,0,1,false,1907
97,1,1,23,11,5,119,TEST,3,8,0,0,true,875
97,1,1,23,11,5,120,TEST,0,11,0,0,true,485
97,1,1,23,11,6,121,TRAINING,0,11,0,0,05374261,be8cf9da,2546
97,1,1,23,11,6,122,TRAINING,3,8,0,2,05364271,be8df9ca,2534
97,1,1,23,11,6,123,TRAINING,6,13,1,3,05361274,be8da9cf,2379
97,1,1,23,11,6,124,TRAINING,2,9,1,5,75361204,ce8da9bf,1639
97,1,1,23,11,6,125,TRAINING,5,14,1,1,75361240,ce8da9fb,1939
97,1,1,23,11,6,126,TRAINING,4,15,0,6,15367240,ae8dc9fb,1563
97,1,1,23,11,6,127,TRAINING,7,12,0,4,15307246,ae8bc9fd,1788
97,1,1,23,11,6,128,TRAINING,5,14,1,0,51307246,ea8bc9fd,6241
97,1,1,23,11,6,129,TRAINING,2,9,1,5,50317246,eb8ac9fd,1888
97,1,1,23,11,6,130,TRAINING,3,8,0,6,50417236,ebfac98d,1632
97,1,1,23,11,6,131,TRAINING,7,12,0,4,40517236,fbeac98d,2530
97,1,1,23,11,6,132,TRAINING,6,13,1,2,40617235,fbdac98e,1888
97,1,1,23,11,6,133,TRAINING,1,10,1,3,43617205,f8dac9be,1884
97,1,1,23,11,6,134,TRAINING,4,15,0,1,34617205,8fdac9be,2503
97,1,1,23,11,6,135,TRAINING,1,10,1,3,34716205,8fcad9be,2065
97,1,1,23,11,6,136,TRAINING,0,11,0,4,34710265,8fcab9de,1712
97,1,1,23,11,6,137,TEST,6,13,1,1,true,2954
97,1,1,23,11,6,138,TEST,3,8,0,0,true,2222
97,1,1,23,11,6,139,TEST,2,9,1,1,true,2409
97,1,1,23,11,6,140,TEST,1,10,1,1,true,1674
97,1,1,23,11,6,141,TEST,0,11,0,0,true,985
97,1,1,23,11,6,142,TEST,7,12,0,0,true,955
97,1,1,23,11,6,143,TEST,5,14,1,1,true,890
97,1,1,23,11,6,144,TEST,4,15,0,0,true,1393
97,1,1,23,11,7,145,TRAINING,1,10,1,7,27456301,9cfed8ba,1579
97,1,1,23,11,7,146,TRAINING,6,13,1,4,57426301,ecf9d8ba,3786
97,1,1,23,11,7,147,TRAINING,0,11,0,0,07426351,bcf9d8ea,3943
97,1,1,23,11,7,148,TRAINING,0,11,0,0,07326451,bc89dfea,1598
97,1,1,23,11,7,149,TRAINING,7,12,0,1,07356421,bc8edf9a,4488
97,1,1,23,11,7,150,TRAINING,5,14,1,3,07352461,bc8e9fda,2600
97,1,1,23,11,7,151,TRAINING,4,15,0,5,07356421,bc8edf9a,3011
97,1,1,23,11,7,152,TRAINING,1,10,1,7,06357421,bd8ecf9a,3443
97,1,1,23,11,7,153,TRAINING,6,13,1,1,26357401,9d8ecfba,2161
97,1,1,23,11,7,154,TRAINING,2,9,1,6,06357421,bd8ecf9a,2088
97,1,1,23,11,7,155,TRAINING,7,12,0,3,06375421,bd8cef9a,2564
97,1,1,23,11,7,156,TRAINING,2,9,1,6,46375021,fd8ceb9a,2011
97,1,1,23,11,7,157,TRAINING,3,8,0,2,40375621,fb8ced9a,1784
97,1,1,23,11,7,158,TRAINING,3,8,0,2,45370621,fe8cbd9a,1561
97,1,1,23,11,7,159,TRAINING,4,15,0,0,45310627,fe8abd9c,2956
97,1,1,23,11,7,160,TRAINING,5,14,1,1,45317620,fe8acd9b,1993
97,1,1,23,11,7,161,TEST,6,13,1,1,true,1758
97,1,1,23,11,7,162,TEST,1,10,1,1,true,2000
97,1,1,23,11,7,163,TEST,2,9,1,1,true,1719
97,1,1,23,11,7,164,TEST,7,12,0,0,true,659
97,1,1,23,11,7,165,TEST,4,15,0,0,true,6485
97,1,1,23,11,7,166,TEST,3,8,0,0,true,501
97,1,1,23,11,7,167,TEST,0,11,0,0,true,814
97,1,1,23,11,7,168,TEST,5,14,1,1,true,980
97,1,1,23,11,INSTRUCT,postquestionnaire,0

rulestrategy:A box with a yellow border and a "rough" dotted texture belonged to group A, regardless of whether or not it had a diagonal line. Any box with a yellow border and a "smooth" texture belonged to group B. On the other hand, a box with a white border and a "smooth" texture belonged to group A, regardless of whether or not it had a diagonal line. Any box with a white border and a "rough" texture belonged to group B.
howtoimprove:
engagement:10
difficulty:8
physicalaids:no