306,1,5,14,8,INSTRUCT,instruct1,22874
306,1,5,14,8,INSTRUCT,instructCatExample,15860
306,1,5,14,8,INSTRUCT,instructCatColor,4316
306,1,5,14,8,INSTRUCT,instructCatStripe,10260
306,1,5,14,8,INSTRUCT,instructDemoIntro,28025
306,1,5,14,8,INSTRUCT,instructDemo,31430
306,1,5,14,8,INSTRUCT,instructTest,13456
306,1,5,14,8,INSTRUCT,instructTest2,25696
306,1,5,14,8,INSTRUCT,instructDimColor,10830
306,1,5,14,8,INSTRUCT,instructDimBorder,3632
306,1,5,14,8,INSTRUCT,instructDimDots,2672
306,1,5,14,8,INSTRUCT,instructDimStripe,3995
306,1,5,14,8,INSTRUCT,instructDimAll,6363
306,1,5,14,8,INSTRUCT,instructFinal,14218
306,1,5,14,8,INSTRUCT,instructFinal2,20379
306,1,5,14,8,1,1,TRAINING,0,1,1,7,14637520,59b7fd31,10153
306,1,5,14,8,1,2,TRAINING,1,5,0,2,64137520,b957fd31,3679
306,1,5,14,8,1,3,TRAINING,0,1,1,7,74136520,f957bd31,6783
306,1,5,14,8,1,4,TRAINING,5,13,1,5,64137520,b957fd31,3963
306,1,5,14,8,1,5,TRAINING,1,5,0,2,24137560,3957fdb1,5745
306,1,5,14,8,1,6,TRAINING,3,7,1,3,26137540,3b57fd91,3881
306,1,5,14,8,1,7,TRAINING,2,3,0,4,76132540,fb573d91,2879
306,1,5,14,8,1,8,TRAINING,2,3,0,4,74132560,f9573db1,2740
306,1,5,14,8,1,9,TRAINING,7,15,0,2,14732560,59f73db1,2679
306,1,5,14,8,1,10,TRAINING,5,13,1,5,41732560,95f73db1,2542
306,1,5,14,8,1,11,TRAINING,4,9,0,7,01732564,15f73db9,2466
306,1,5,14,8,1,12,TRAINING,4,9,0,7,01723564,15f37db9,1966
306,1,5,14,8,1,13,TRAINING,6,11,1,6,01753264,15fd73b9,2855
306,1,5,14,8,1,14,TRAINING,3,7,1,5,01752364,15fd37b9,2877
306,1,5,14,8,1,15,TRAINING,7,15,0,0,71052364,f51d37b9,2788
306,1,5,14,8,1,16,TRAINING,6,11,1,4,71056324,f51db739,2788
306,1,5,14,8,1,17,TEST,5,13,1,0,false,2986
306,1,5,14,8,1,18,TEST,7,15,0,1,false,2894
306,1,5,14,8,1,19,TEST,1,5,0,0,true,1937
306,1,5,14,8,1,20,TEST,0,1,1,0,false,2260
306,1,5,14,8,1,21,TEST,4,9,0,1,false,2819
306,1,5,14,8,1,22,TEST,6,11,1,1,true,2320
306,1,5,14,8,1,23,TEST,3,7,1,0,false,1105
306,1,5,14,8,1,24,TEST,2,3,0,0,true,1056
306,1,5,14,8,2,25,TRAINING,7,15,0,0,74206513,f931bd57,2564
306,1,5,14,8,2,26,TRAINING,5,13,1,5,74236510,f937bd51,5343
306,1,5,14,8,2,27,TRAINING,3,7,1,3,74632510,f9b73d51,4159
306,1,5,14,8,2,28,TRAINING,6,11,1,2,04632517,19b73d5f,3345
306,1,5,14,8,2,29,TRAINING,2,3,0,4,74632510,f9b73d51,2798
306,1,5,14,8,2,30,TRAINING,1,5,0,6,34672510,79bf3d51,2671
306,1,5,14,8,2,31,TRAINING,7,15,0,5,34652710,79bd3f51,1916
306,1,5,14,8,2,32,TRAINING,4,9,0,1,24653710,39bd7f51,2210
306,1,5,14,8,2,33,TRAINING,4,9,0,1,14653720,59bd7f31,1710
306,1,5,14,8,2,34,TRAINING,0,1,1,5,14653027,59bd713f,1984
306,1,5,14,8,2,35,TRAINING,1,5,0,0,14356027,597db13f,3022
306,1,5,14,8,2,36,TRAINING,6,11,1,4,12356047,537db19f,2563
306,1,5,14,8,2,37,TRAINING,0,1,1,5,12456037,539db17f,3777
306,1,5,14,8,2,38,TRAINING,5,13,1,7,12476035,539fb17d,3127
306,1,5,14,8,2,39,TRAINING,3,7,1,6,42176035,935fb17d,4198
306,1,5,14,8,2,40,TRAINING,2,3,0,1,12476035,539fb17d,12649
306,1,5,14,8,2,41,TEST,5,13,1,1,true,4550
306,1,5,14,8,2,42,TEST,4,9,0,1,false,2516
306,1,5,14,8,2,43,TEST,3,7,1,0,false,2829
306,1,5,14,8,2,44,TEST,2,3,0,0,true,1741
306,1,5,14,8,2,45,TEST,6,11,1,1,true,812
306,1,5,14,8,2,46,TEST,0,1,1,1,true,2613
306,1,5,14,8,2,47,TEST,7,15,0,0,true,1409
306,1,5,14,8,2,48,TEST,1,5,0,0,true,3800
306,1,5,14,8,3,49,TRAINING,0,1,1,2,56012734,db153f79,2938
306,1,5,14,8,3,50,TRAINING,0,1,1,2,76012534,fb153d79,1652
306,1,5,14,8,3,51,TRAINING,5,13,1,5,76013524,fb157d39,2740
306,1,5,14,8,3,52,TRAINING,2,3,0,6,71063524,f51b7d39,2935
306,1,5,14,8,3,53,TRAINING,6,11,1,3,71360524,f57b1d39,2377
306,1,5,14,8,3,54,TRAINING,6,11,1,3,71360425,f57b193d,1643
306,1,5,14,8,3,55,TRAINING,7,15,0,0,71360452,f57b19d3,2748
306,1,5,14,8,3,56,TRAINING,1,5,0,1,71460352,f59b17d3,1863
306,1,5,14,8,3,57,TRAINING,5,13,1,6,71064352,f51b97d3,2186
306,1,5,14,8,3,58,TRAINING,2,3,0,7,71034652,f5179bd3,2280
306,1,5,14,8,3,59,TRAINING,3,7,1,3,76034152,fb1795d3,2181
306,1,5,14,8,3,60,TRAINING,3,7,1,3,06734152,1bf795d3,5121
306,1,5,14,8,3,61,TRAINING,4,9,0,4,06734512,1bf79d53,4071
306,1,5,14,8,3,62,TRAINING,7,15,0,2,56734012,dbf79153,2010
306,1,5,14,8,3,63,TRAINING,4,9,0,4,26734015,3bf7915d,2172
306,1,5,14,8,3,64,TRAINING,1,5,0,6,26734510,3bf79d51,2317
306,1,5,14,8,3,65,TEST,6,11,1,1,true,2269
306,1,5,14,8,3,66,TEST,5,13,1,0,false,3140
306,1,5,14,8,3,67,TEST,0,1,1,1,true,1153
306,1,5,14,8,3,68,TEST,4,9,0,0,true,1232
306,1,5,14,8,3,69,TEST,3,7,1,1,true,860
306,1,5,14,8,3,70,TEST,2,3,0,0,true,1026
306,1,5,14,8,3,71,TEST,1,5,0,0,true,2721
306,1,5,14,8,3,72,TEST,7,15,0,0,true,1272
306,1,5,14,8,4,73,TRAINING,4,9,0,0,46710532,9bf51d73,1970
306,1,5,14,8,4,74,TRAINING,2,3,0,7,46730512,9bf71d53,2504
306,1,5,14,8,4,75,TRAINING,6,11,1,1,46130572,9b571df3,2054
306,1,5,14,8,4,76,TRAINING,7,15,0,3,46170532,9b5f1d73,2082
306,1,5,14,8,4,77,TRAINING,7,15,0,3,06174532,1b5f9d73,1525
306,1,5,14,8,4,78,TRAINING,2,3,0,7,06374512,1b7f9d53,2319
306,1,5,14,8,4,79,TRAINING,4,9,0,4,06574312,1bdf9753,2035
306,1,5,14,8,4,80,TRAINING,0,1,1,0,06534712,1bd79f53,2082
306,1,5,14,8,4,81,TRAINING,0,1,1,0,02534716,13d79f5b,1965
306,1,5,14,8,4,82,TRAINING,5,13,1,2,02534176,13d795fb,3278
306,1,5,14,8,4,83,TRAINING,6,11,1,7,07534126,1fd7953b,3464
306,1,5,14,8,4,84,TRAINING,1,5,0,5,70534126,f1d7953b,2013
306,1,5,14,8,4,85,TRAINING,3,7,1,3,72534106,f3d7951b,2317
306,1,5,14,8,4,86,TRAINING,5,13,1,2,70534126,f1d7953b,2005
306,1,5,14,8,4,87,TRAINING,3,7,1,3,70532146,f1d7359b,1735
306,1,5,14,8,4,88,TRAINING,1,5,0,5,76532140,fbd73591,2167
306,1,5,14,8,4,89,TEST,3,7,1,1,true,3383
306,1,5,14,8,4,90,TEST,1,5,0,0,true,2877
306,1,5,14,8,4,91,TEST,5,13,1,1,true,1830
306,1,5,14,8,4,92,TEST,4,9,0,0,true,1202
306,1,5,14,8,4,93,TEST,0,1,1,1,true,1067
306,1,5,14,8,4,94,TEST,2,3,0,1,false,712
306,1,5,14,8,4,95,TEST,7,15,0,0,true,2163
306,1,5,14,8,4,96,TEST,6,11,1,1,true,6774
306,1,5,14,8,5,97,TRAINING,7,15,0,1,17354062,5f7d91b3,1721
306,1,5,14,8,5,98,TRAINING,6,11,1,3,17364052,5f7b91d3,1945
306,1,5,14,8,5,99,TRAINING,5,13,1,6,17064352,5f1b97d3,1946
306,1,5,14,8,5,100,TRAINING,6,11,1,3,27064351,3f1b97d5,2691
306,1,5,14,8,5,101,TRAINING,4,9,0,4,17064352,5f1b97d3,2044
306,1,5,14,8,5,102,TRAINING,2,3,0,7,57064312,df1b9753,2088
306,1,5,14,8,5,103,TRAINING,7,15,0,2,50764312,d1fb9753,2000
306,1,5,14,8,5,104,TRAINING,1,5,0,1,51764302,d5fb9713,1633
306,1,5,14,8,5,105,TRAINING,5,13,1,0,51763402,d5fb7913,2034
306,1,5,14,8,5,106,TRAINING,3,7,1,4,51703462,d5f179b3,1897
306,1,5,14,8,5,107,TRAINING,4,9,0,7,51703264,d5f173b9,2347
306,1,5,14,8,5,108,TRAINING,2,3,0,3,51723064,d5f371b9,1542
306,1,5,14,8,5,109,TRAINING,1,5,0,5,50723164,d1f375b9,1699
306,1,5,14,8,5,110,TRAINING,0,1,1,1,50623174,d1b375f9,1721
306,1,5,14,8,5,111,TRAINING,3,7,1,4,20653174,31bd75f9,1898
306,1,5,14,8,5,112,TRAINING,0,1,1,1,20653714,31bd7f59,1829
306,1,5,14,8,5,113,TEST,4,9,0,0,true,3501
306,1,5,14,8,5,114,TEST,3,7,1,1,true,1997
306,1,5,14,8,5,115,TEST,5,13,1,1,true,1781
306,1,5,14,8,5,116,TEST,2,3,0,0,true,2123
306,1,5,14,8,5,117,TEST,6,11,1,1,true,1644
306,1,5,14,8,5,118,TEST,1,5,0,0,true,2643
306,1,5,14,8,5,119,TEST,0,1,1,1,true,1663
306,1,5,14,8,5,120,TEST,7,15,0,0,true,1918
306,1,5,14,8,6,121,TRAINING,0,1,1,6,32714506,73f59d1b,3515
306,1,5,14,8,6,122,TRAINING,0,1,1,6,32764501,73fb9d15,1446
306,1,5,14,8,6,123,TRAINING,3,7,1,2,72364501,f37b9d15,2758
306,1,5,14,8,6,124,TRAINING,1,5,0,7,72346501,f379bd15,1878
306,1,5,14,8,6,125,TRAINING,3,7,1,2,72364501,f37b9d15,1485
306,1,5,14,8,6,126,TRAINING,7,15,0,4,42367501,937bfd15,1505
306,1,5,14,8,6,127,TRAINING,1,5,0,7,42357601,937dfb15,1524
306,1,5,14,8,6,128,TRAINING,6,11,1,5,02357641,137dfb95,1545
306,1,5,14,8,6,129,TRAINING,4,9,0,6,03257641,173dfb95,1563
306,1,5,14,8,6,130,TRAINING,5,13,1,3,30257641,713dfb95,2436
306,1,5,14,8,6,131,TRAINING,7,15,0,4,32057641,731dfb95,2015
306,1,5,14,8,6,132,TRAINING,4,9,0,6,23057641,371dfb95,1505
306,1,5,14,8,6,133,TRAINING,6,11,1,5,23507641,37d1fb95,1398
306,1,5,14,8,6,134,TRAINING,2,3,0,1,32507641,73d1fb95,1595
306,1,5,14,8,6,135,TRAINING,5,13,1,2,32517640,73d5fb91,1965
306,1,5,14,8,6,136,TRAINING,2,3,0,1,12537640,53d7fb91,1448
306,1,5,14,8,6,137,TEST,2,3,0,0,true,2377
306,1,5,14,8,6,138,TEST,5,13,1,1,true,1144
306,1,5,14,8,6,139,TEST,7,15,0,0,true,1493
306,1,5,14,8,6,140,TEST,6,11,1,1,true,1144
306,1,5,14,8,6,141,TEST,1,5,0,0,true,1936
306,1,5,14,8,6,142,TEST,4,9,0,0,true,1526
306,1,5,14,8,6,143,TEST,3,7,1,1,true,1765
306,1,5,14,8,6,144,TEST,0,1,1,1,true,477
306,1,5,14,8,INSTRUCT,postquestionnaire,1

rulestrategy:Purple plain or 2 feature, blue one feature
howtoimprove:
engagement:4
difficulty:3
physicalaids:no