307,1,5,21,10,INSTRUCT,instruct1,30520
307,1,5,21,10,INSTRUCT,instructCatExample,15953
307,1,5,21,10,INSTRUCT,instructCatColor,8008
307,1,5,21,10,INSTRUCT,instructCatStripe,10195
307,1,5,21,10,INSTRUCT,instructDemoIntro,35046
307,1,5,21,10,INSTRUCT,instructDemo,23931
307,1,5,21,10,INSTRUCT,instructTest,34691
307,1,5,21,10,INSTRUCT,instructTest2,41983
307,1,5,21,10,INSTRUCT,instructDimColor,12637
307,1,5,21,10,INSTRUCT,instructDimBorder,5459
307,1,5,21,10,INSTRUCT,instructDimDots,6814
307,1,5,21,10,INSTRUCT,instructDimStripe,4204
307,1,5,21,10,INSTRUCT,instructDimAll,26910
307,1,5,21,10,INSTRUCT,instructFinal,26947
307,1,5,21,10,INSTRUCT,instructFinal2,39372
307,1,5,21,10,1,1,TRAINING,5,15,1,2,10534276,baf3e276,15473
307,1,5,21,10,1,2,TRAINING,6,6,1,7,20534176,2af3eb76,24960
307,1,5,21,10,1,3,TRAINING,2,2,0,0,20574136,2af7eb36,25849
307,1,5,21,10,1,4,TRAINING,7,7,0,3,20571436,2af7be36,4393
307,1,5,21,10,1,5,TRAINING,4,14,0,5,25071436,2fa7be36,6907
307,1,5,21,10,1,6,TRAINING,2,2,0,0,21075436,2ba7fe36,3481
307,1,5,21,10,1,7,TRAINING,3,3,1,6,27015436,27abfe36,4571
307,1,5,21,10,1,8,TRAINING,6,6,1,7,24015736,2eabf736,6144
307,1,5,21,10,1,9,TRAINING,4,14,0,0,42015736,e2abf736,7531
307,1,5,21,10,1,10,TRAINING,1,11,0,3,42017536,e2ab7f36,5415
307,1,5,21,10,1,11,TRAINING,0,10,1,2,47012536,e7ab2f36,5141
307,1,5,21,10,1,12,TRAINING,7,7,0,4,42017536,e2ab7f36,3892
307,1,5,21,10,1,13,TRAINING,1,11,0,3,62017534,62ab7f3e,6768
307,1,5,21,10,1,14,TRAINING,3,3,1,6,62517034,62fb7a3e,3745
307,1,5,21,10,1,15,TRAINING,5,15,1,2,60517234,6afb723e,4194
307,1,5,21,10,1,16,TRAINING,0,10,1,0,06517234,a6fb723e,3089
307,1,5,21,10,1,17,TEST,3,3,1,1,true,5526
307,1,5,21,10,1,18,TEST,2,2,0,0,true,4961
307,1,5,21,10,1,19,TEST,4,14,0,1,false,2036
307,1,5,21,10,1,20,TEST,5,15,1,1,true,12430
307,1,5,21,10,1,21,TEST,7,7,0,1,false,12213
307,1,5,21,10,1,22,TEST,1,11,0,0,true,2271
307,1,5,21,10,1,23,TEST,0,10,1,1,true,1466
307,1,5,21,10,1,24,TEST,6,6,1,1,true,5239
307,1,5,21,10,2,25,TRAINING,1,11,0,5,20647153,2a6e7bf3,15943
307,1,5,21,10,2,26,TRAINING,0,10,1,1,50647123,fa6e7b23,11250
307,1,5,21,10,2,27,TRAINING,4,14,0,7,50637124,fa637b2e,3440
307,1,5,21,10,2,28,TRAINING,6,6,1,0,60537124,6af37b2e,17007
307,1,5,21,10,2,29,TRAINING,7,7,0,5,60531724,6af3b72e,19712
307,1,5,21,10,2,30,TRAINING,4,14,0,7,62531704,62f3b7ae,7233
307,1,5,21,10,2,31,TRAINING,3,3,1,3,60531724,6af3b72e,11394
307,1,5,21,10,2,32,TRAINING,5,15,1,2,61530724,6bf3a72e,14929
307,1,5,21,10,2,33,TRAINING,2,2,0,4,61532704,6bf327ae,3000
307,1,5,21,10,2,34,TRAINING,2,2,0,4,60532714,6af327be,2842
307,1,5,21,10,2,35,TRAINING,7,7,0,0,70532614,7af326be,5697
307,1,5,21,10,2,36,TRAINING,6,6,1,2,70632514,7a632fbe,8041
307,1,5,21,10,2,37,TRAINING,1,11,0,7,70632541,7a632feb,6138
307,1,5,21,10,2,38,TRAINING,5,15,1,5,20637541,2a637feb,3921
307,1,5,21,10,2,39,TRAINING,3,3,1,4,20673541,2a673feb,4361
307,1,5,21,10,2,40,TRAINING,0,10,1,1,60273541,6a273feb,2990
307,1,5,21,10,2,41,TEST,7,7,0,0,true,8981
307,1,5,21,10,2,42,TEST,5,15,1,0,false,20257
307,1,5,21,10,2,43,TEST,6,6,1,1,true,11659
307,1,5,21,10,2,44,TEST,1,11,0,0,true,13133
307,1,5,21,10,2,45,TEST,3,3,1,1,true,3851
307,1,5,21,10,2,46,TEST,2,2,0,0,true,10795
307,1,5,21,10,2,47,TEST,4,14,0,1,false,9839
307,1,5,21,10,2,48,TEST,0,10,1,1,true,9290
307,1,5,21,10,3,49,TRAINING,5,15,1,0,51324760,fb32e76a,30107
307,1,5,21,10,3,50,TRAINING,7,7,0,7,51324067,fb32ea67,12327
307,1,5,21,10,3,51,TRAINING,3,3,1,2,51324607,fb32e6a7,7376
307,1,5,21,10,3,52,TRAINING,1,11,0,1,51320647,fb32a6e7,11450
307,1,5,21,10,3,53,TRAINING,7,7,0,5,51320746,fb32a7e6,4904
307,1,5,21,10,3,54,TRAINING,1,11,0,1,41320756,eb32a7f6,11881
307,1,5,21,10,3,55,TRAINING,2,2,0,3,41023756,eba237f6,5690
307,1,5,21,10,3,56,TRAINING,0,10,1,2,51023746,fba237e6,22953
307,1,5,21,10,3,57,TRAINING,3,3,1,4,15023746,bfa237e6,5162
307,1,5,21,10,3,58,TRAINING,2,2,0,3,51023746,fba237e6,4515
307,1,5,21,10,3,59,TRAINING,5,15,1,0,51623740,fb6237ea,1999
307,1,5,21,10,3,60,TRAINING,0,10,1,7,51623470,fb623e7a,3136
307,1,5,21,10,3,61,TRAINING,4,14,0,6,51623740,fb6237ea,10465
307,1,5,21,10,3,62,TRAINING,6,6,1,2,51632740,fb6327ea,22007
307,1,5,21,10,3,63,TRAINING,6,6,1,2,31652740,3b6f27ea,3399
307,1,5,21,10,3,64,TRAINING,4,14,0,0,41652730,eb6f273a,4019
307,1,5,21,10,3,65,TEST,4,14,0,0,true,14753
307,1,5,21,10,3,66,TEST,3,3,1,1,true,5312
307,1,5,21,10,3,67,TEST,1,11,0,0,true,5696
307,1,5,21,10,3,68,TEST,7,7,0,0,true,6864
307,1,5,21,10,3,69,TEST,6,6,1,1,true,10377
307,1,5,21,10,3,70,TEST,2,2,0,0,true,4775
307,1,5,21,10,3,71,TEST,5,15,1,1,true,8832
307,1,5,21,10,3,72,TEST,0,10,1,1,true,3301
307,1,5,21,10,4,73,TRAINING,2,2,0,1,12405376,b2eaf376,7759
307,1,5,21,10,4,74,TRAINING,7,7,0,6,62405371,62eaf37b,10356
307,1,5,21,10,4,75,TRAINING,2,2,0,1,62450371,62efa37b,12042
307,1,5,21,10,4,76,TRAINING,6,6,1,0,62540371,62fea37b,19417
307,1,5,21,10,4,77,TRAINING,1,11,0,7,62540731,62fea73b,2570
307,1,5,21,10,4,78,TRAINING,3,3,1,6,62450731,62efa73b,3638
307,1,5,21,10,4,79,TRAINING,4,14,0,2,62470531,62e7af3b,13243
307,1,5,21,10,4,80,TRAINING,7,7,0,7,62410537,62ebaf37,6226
307,1,5,21,10,4,81,TRAINING,3,3,1,1,63410527,63ebaf27,8897
307,1,5,21,10,4,82,TRAINING,0,10,1,4,13460527,b3e6af27,10008
307,1,5,21,10,4,83,TRAINING,1,11,0,0,13470526,b3e7af26,8522
307,1,5,21,10,4,84,TRAINING,6,6,1,1,16470523,b6e7af23,6490
307,1,5,21,10,4,85,TRAINING,5,15,1,3,16450723,b6efa723,8313
307,1,5,21,10,4,86,TRAINING,0,10,1,2,16054723,b6afe723,2598
307,1,5,21,10,4,87,TRAINING,4,14,0,4,36054721,36afe72b,2790
307,1,5,21,10,4,88,TRAINING,5,15,1,0,56034721,f6a3e72b,5283
307,1,5,21,10,4,89,TEST,5,15,1,1,true,13957
307,1,5,21,10,4,90,TEST,3,3,1,1,true,3656
307,1,5,21,10,4,91,TEST,4,14,0,0,true,7489
307,1,5,21,10,4,92,TEST,2,2,0,1,false,6187
307,1,5,21,10,4,93,TEST,7,7,0,0,true,4377
307,1,5,21,10,4,94,TEST,6,6,1,1,true,6944
307,1,5,21,10,4,95,TEST,1,11,0,0,true,4353
307,1,5,21,10,4,96,TEST,0,10,1,1,true,3082
307,1,5,21,10,5,97,TRAINING,1,11,0,3,53014267,f3abe267,1621
307,1,5,21,10,5,98,TRAINING,4,14,0,4,53214067,f32bea67,3391
307,1,5,21,10,5,99,TRAINING,5,15,1,0,53714062,f37bea62,2250
307,1,5,21,10,5,100,TRAINING,0,10,1,2,53014762,f3abe762,2422
307,1,5,21,10,5,101,TRAINING,3,3,1,1,53064712,f3a6e7b2,2620
307,1,5,21,10,5,102,TRAINING,7,7,0,5,53062714,f3a627be,5426
307,1,5,21,10,5,103,TRAINING,6,6,1,4,53026714,f3a267be,25668
307,1,5,21,10,5,104,TRAINING,7,7,0,5,53426710,f3e267ba,2756
307,1,5,21,10,5,105,TRAINING,1,11,0,6,43526710,e3f267ba,2974
307,1,5,21,10,5,106,TRAINING,3,3,1,1,43026715,e3a267bf,4938
307,1,5,21,10,5,107,TRAINING,5,15,1,0,53026714,f3a267be,3445
307,1,5,21,10,5,108,TRAINING,2,2,0,3,53026741,f3a267eb,6221
307,1,5,21,10,5,109,TRAINING,6,6,1,4,53126740,f3b267ea,7719
307,1,5,21,10,5,110,TRAINING,2,2,0,3,43126750,e3b267fa,2316
307,1,5,21,10,5,111,TRAINING,4,14,0,0,40126753,eab267f3,1740
307,1,5,21,10,5,112,TRAINING,0,10,1,1,40126357,eab263f7,2606
307,1,5,21,10,5,113,TEST,4,14,0,0,true,10409
307,1,5,21,10,5,114,TEST,3,3,1,1,true,4700
307,1,5,21,10,5,115,TEST,1,11,0,0,true,3406
307,1,5,21,10,5,116,TEST,2,2,0,0,true,3388
307,1,5,21,10,5,117,TEST,0,10,1,1,true,2274
307,1,5,21,10,5,118,TEST,7,7,0,0,true,7112
307,1,5,21,10,5,119,TEST,5,15,1,1,true,3972
307,1,5,21,10,5,120,TEST,6,6,1,1,true,9931
307,1,5,21,10,6,121,TRAINING,2,2,0,6,51067324,fba6732e,1594
307,1,5,21,10,6,122,TRAINING,3,3,1,2,51367024,fb367a2e,9946
307,1,5,21,10,6,123,TRAINING,2,2,0,6,50367124,fa367b2e,3338
307,1,5,21,10,6,124,TRAINING,0,10,1,1,50364127,fa36eb27,8508
307,1,5,21,10,6,125,TRAINING,7,7,0,7,50314627,fa3be627,2710
307,1,5,21,10,6,126,TRAINING,5,15,1,0,50324617,fa32e6b7,2321
307,1,5,21,10,6,127,TRAINING,7,7,0,7,50342617,fa3e26b7,2857
307,1,5,21,10,6,128,TRAINING,0,10,1,1,50324617,fa32e6b7,1756
307,1,5,21,10,6,129,TRAINING,1,11,0,4,50321647,fa32b6e7,1686
307,1,5,21,10,6,130,TRAINING,6,6,1,7,50321746,fa32b7e6,3063
307,1,5,21,10,6,131,TRAINING,6,6,1,7,57321046,f732bae6,3223
307,1,5,21,10,6,132,TRAINING,4,14,0,5,57321406,f732bea6,1969
307,1,5,21,10,6,133,TRAINING,3,3,1,2,27351406,273fbea6,1995
307,1,5,21,10,6,134,TRAINING,4,14,0,5,57321406,f732bea6,1926
307,1,5,21,10,6,135,TRAINING,5,15,1,7,67321405,6732beaf,1953
307,1,5,21,10,6,136,TRAINING,1,11,0,0,17326405,b7326eaf,1670
307,1,5,21,10,6,137,TEST,5,15,1,1,true,6237
307,1,5,21,10,6,138,TEST,2,2,0,0,true,3575
307,1,5,21,10,6,139,TEST,3,3,1,1,true,3438
307,1,5,21,10,6,140,TEST,1,11,0,0,true,3096
307,1,5,21,10,6,141,TEST,0,10,1,1,true,2182
307,1,5,21,10,6,142,TEST,7,7,0,0,true,6916
307,1,5,21,10,6,143,TEST,4,14,0,0,true,7355
307,1,5,21,10,6,144,TEST,6,6,1,1,true,7332
307,1,5,21,10,INSTRUCT,postquestionnaire,2

rulestrategy:The rule I used was based on the texture and color of the border. Once I knew A had a certain color border then B would have the opposite. Plus I stated these characteristics out loud every time I saw it during the training, so I could remember it easier. I would start off by saying the border color, the inside color, if it was textured and then if it had a black line. When I saw the square I would run through the process in my mind. 
howtoimprove:no, great experiment. 
engagement:10
difficulty:6
physicalaids:no