308,1,5,4,15,INSTRUCT,instruct1,12324
308,1,5,4,15,INSTRUCT,instructCatExample,15229
308,1,5,4,15,INSTRUCT,instructCatColor,6700
308,1,5,4,15,INSTRUCT,instructCatStripe,12947
308,1,5,4,15,INSTRUCT,instructDemoIntro,26798
308,1,5,4,15,INSTRUCT,instructDemo,25091
308,1,5,4,15,INSTRUCT,instructTest,24780
308,1,5,4,15,INSTRUCT,instructTest2,32955
308,1,5,4,15,INSTRUCT,instructDimColor,13088
308,1,5,4,15,INSTRUCT,instructDimBorder,5641
308,1,5,4,15,INSTRUCT,instructDimDots,4771
308,1,5,4,15,INSTRUCT,instructDimStripe,4508
308,1,5,4,15,INSTRUCT,instructDimAll,5905
308,1,5,4,15,INSTRUCT,instructFinal,16980
308,1,5,4,15,INSTRUCT,instructFinal2,28011
308,1,5,4,15,1,1,TRAINING,1,7,0,5,20435167,bfe367a2,3959
308,1,5,4,15,1,2,TRAINING,2,11,0,0,20435176,bfe3672a,3162
308,1,5,4,15,1,3,TRAINING,3,3,1,3,24035176,bef3672a,4634
308,1,5,4,15,1,4,TRAINING,0,15,1,2,24037156,bef3276a,10257
308,1,5,4,15,1,5,TRAINING,5,6,1,6,42037156,ebf3276a,4829
308,1,5,4,15,1,6,TRAINING,3,3,1,3,24037156,bef3276a,3980
308,1,5,4,15,1,7,TRAINING,2,11,0,5,14037256,7ef32b6a,3110
308,1,5,4,15,1,8,TRAINING,6,10,1,2,14637250,7ea32b6f,5754
308,1,5,4,15,1,9,TRAINING,7,2,0,4,04637251,fea32b67,4545
308,1,5,4,15,1,10,TRAINING,0,15,1,5,24637051,bea32f67,3737
308,1,5,4,15,1,11,TRAINING,1,7,0,7,64237051,aeb32f67,4085
308,1,5,4,15,1,12,TRAINING,5,6,1,6,62437051,abe32f67,2761
308,1,5,4,15,1,13,TRAINING,4,14,0,5,62037451,abf32e67,3113
308,1,5,4,15,1,14,TRAINING,7,2,0,4,32067451,3bfa2e67,4593
308,1,5,4,15,1,15,TRAINING,4,14,0,5,02367451,fb3a2e67,2965
308,1,5,4,15,1,16,TRAINING,6,10,1,7,02317456,fb372e6a,3439
308,1,5,4,15,1,17,TEST,3,3,1,1,true,4250
308,1,5,4,15,1,18,TEST,0,15,1,1,true,3975
308,1,5,4,15,1,19,TEST,4,14,0,0,true,2263
308,1,5,4,15,1,20,TEST,6,10,1,1,true,1965
308,1,5,4,15,1,21,TEST,1,7,0,0,true,2370
308,1,5,4,15,1,22,TEST,7,2,0,0,true,1318
308,1,5,4,15,1,23,TEST,2,11,0,1,false,1631
308,1,5,4,15,1,24,TEST,5,6,1,0,false,3464
308,1,5,4,15,2,25,TRAINING,5,6,1,4,76035142,2af367eb,3533
308,1,5,4,15,2,26,TRAINING,3,3,1,0,36075142,3af267eb,7270
308,1,5,4,15,2,27,TRAINING,2,11,0,7,31075642,37f26aeb,3813
308,1,5,4,15,2,28,TRAINING,7,2,0,3,31074652,37f2ea6b,3129
308,1,5,4,15,2,29,TRAINING,3,3,1,6,51074632,67f2ea3b,4882
308,1,5,4,15,2,30,TRAINING,4,14,0,4,56074132,6af2e73b,3894
308,1,5,4,15,2,31,TRAINING,6,10,1,1,56174032,6a72ef3b,6719
308,1,5,4,15,2,32,TRAINING,4,14,0,4,06174532,fa72e63b,2328
308,1,5,4,15,2,33,TRAINING,7,2,0,3,06574132,fa62e73b,3172
308,1,5,4,15,2,34,TRAINING,2,11,0,7,06174532,fa72e63b,4641
308,1,5,4,15,2,35,TRAINING,1,7,0,2,05174632,f672ea3b,6451
308,1,5,4,15,2,36,TRAINING,1,7,0,2,03174652,f372ea6b,2254
308,1,5,4,15,2,37,TRAINING,5,6,1,3,03154672,f376ea2b,2870
308,1,5,4,15,2,38,TRAINING,6,10,1,5,02154673,fb76ea23,3226
308,1,5,4,15,2,39,TRAINING,0,15,1,1,20154673,bf76ea23,2943
308,1,5,4,15,2,40,TRAINING,0,15,1,1,20451673,bfe67a23,4022
308,1,5,4,15,2,41,TEST,6,10,1,0,false,2839
308,1,5,4,15,2,42,TEST,2,11,0,0,true,1678
308,1,5,4,15,2,43,TEST,1,7,0,0,true,2351
308,1,5,4,15,2,44,TEST,5,6,1,1,true,1450
308,1,5,4,15,2,45,TEST,7,2,0,0,true,1370
308,1,5,4,15,2,46,TEST,4,14,0,1,false,4012
308,1,5,4,15,2,47,TEST,3,3,1,0,false,1292
308,1,5,4,15,2,48,TEST,0,15,1,0,false,2107
308,1,5,4,15,3,49,TRAINING,0,15,1,6,76132504,2a73b6fe,2798
308,1,5,4,15,3,50,TRAINING,3,3,1,3,71632504,27a3b6fe,2618
308,1,5,4,15,3,51,TRAINING,3,3,1,3,71635204,27a36bfe,5168
308,1,5,4,15,3,52,TRAINING,6,10,1,2,51637204,67a32bfe,2310
308,1,5,4,15,3,53,TRAINING,2,11,0,1,52637104,6ba327fe,2432
308,1,5,4,15,3,54,TRAINING,5,6,1,0,52634107,6ba3e7f2,13374
308,1,5,4,15,3,55,TRAINING,2,11,0,1,52637104,6ba327fe,3049
308,1,5,4,15,3,56,TRAINING,6,10,1,2,52630174,6ba3f72e,2362
308,1,5,4,15,3,57,TRAINING,5,6,1,6,72630154,2ba3f76e,3513
308,1,5,4,15,3,58,TRAINING,7,2,0,0,72603154,2baf376e,2617
308,1,5,4,15,3,59,TRAINING,1,7,0,5,70623154,2fab376e,10210
308,1,5,4,15,3,60,TRAINING,4,14,0,7,76023154,2afb376e,3192
308,1,5,4,15,3,61,TRAINING,4,14,0,7,36027154,3afb276e,4382
308,1,5,4,15,3,62,TRAINING,1,7,0,5,36072154,3af2b76e,2698
308,1,5,4,15,3,63,TRAINING,7,2,0,3,30672154,3fa2b76e,3479
308,1,5,4,15,3,64,TRAINING,0,15,1,7,34672150,3ea2b76f,3143
308,1,5,4,15,3,65,TEST,0,15,1,1,true,2767
308,1,5,4,15,3,66,TEST,5,6,1,1,true,2362
308,1,5,4,15,3,67,TEST,2,11,0,0,true,9262
308,1,5,4,15,3,68,TEST,7,2,0,0,true,2302
308,1,5,4,15,3,69,TEST,3,3,1,1,true,1417
308,1,5,4,15,3,70,TEST,4,14,0,1,false,2313
308,1,5,4,15,3,71,TEST,6,10,1,0,false,1562
308,1,5,4,15,3,72,TEST,1,7,0,1,false,2328
308,1,5,4,15,4,73,TRAINING,0,15,1,0,01746352,f72ea36b,2765
308,1,5,4,15,4,74,TRAINING,2,11,0,7,07146352,f27ea36b,3557
308,1,5,4,15,4,75,TRAINING,4,14,0,3,05146372,f67ea32b,4441
308,1,5,4,15,4,76,TRAINING,3,3,1,5,75146302,267ea3fb,4921
308,1,5,4,15,4,77,TRAINING,6,10,1,4,05146372,f67ea32b,3617
308,1,5,4,15,4,78,TRAINING,7,2,0,6,15046372,76fea32b,4278
308,1,5,4,15,4,79,TRAINING,5,6,1,1,35046172,36fea72b,16221
308,1,5,4,15,4,80,TRAINING,1,7,0,0,15046372,76fea32b,2282
308,1,5,4,15,4,81,TRAINING,5,6,1,1,15076342,76f2a3eb,2479
308,1,5,4,15,4,82,TRAINING,6,10,1,7,15072346,76f2b3ea,5711
308,1,5,4,15,4,83,TRAINING,0,15,1,3,15702346,762fb3ea,9051
308,1,5,4,15,4,84,TRAINING,4,14,0,2,15402376,76efb32a,1670
308,1,5,4,15,4,85,TRAINING,3,3,1,4,15403276,76ef3b2a,6028
308,1,5,4,15,4,86,TRAINING,7,2,0,6,15423076,76eb3f2a,2813
308,1,5,4,15,4,87,TRAINING,2,11,0,3,65423071,a6eb3f27,4511
308,1,5,4,15,4,88,TRAINING,1,7,0,7,64523071,ae6b3f27,6077
308,1,5,4,15,4,89,TEST,4,14,0,0,true,6017
308,1,5,4,15,4,90,TEST,1,7,0,0,true,2874
308,1,5,4,15,4,91,TEST,3,3,1,1,true,3913
308,1,5,4,15,4,92,TEST,6,10,1,1,true,2655
308,1,5,4,15,4,93,TEST,2,11,0,0,true,1549
308,1,5,4,15,4,94,TEST,7,2,0,0,true,1135
308,1,5,4,15,4,95,TEST,0,15,1,0,false,18035
308,1,5,4,15,4,96,TEST,5,6,1,1,true,2882
308,1,5,4,15,5,97,TRAINING,5,6,1,4,60345127,af3e67b2,4649
308,1,5,4,15,5,98,TRAINING,4,14,0,3,63045127,a3fe67b2,3457
308,1,5,4,15,5,99,TRAINING,6,10,1,6,23045167,b3fe67a2,5339
308,1,5,4,15,5,100,TRAINING,4,14,0,3,20345167,bf3e67a2,2272
308,1,5,4,15,5,101,TRAINING,5,6,1,5,20341567,bf3e76a2,4401
308,1,5,4,15,5,102,TRAINING,7,2,0,7,23041567,b3fe76a2,2786
308,1,5,4,15,5,103,TRAINING,1,7,0,3,23014567,b3f7e6a2,3445
308,1,5,4,15,5,104,TRAINING,2,11,0,0,26014537,baf7e632,3732
308,1,5,4,15,5,105,TRAINING,6,10,1,1,26014573,baf7e623,2775
308,1,5,4,15,5,106,TRAINING,3,3,1,3,26034571,baf3e627,6438
308,1,5,4,15,5,107,TRAINING,1,7,0,7,26034751,baf3e267,6040
308,1,5,4,15,5,108,TRAINING,2,11,0,0,25034761,b6f3e2a7,5677
308,1,5,4,15,5,109,TRAINING,0,15,1,5,25734061,b623efa7,3152
308,1,5,4,15,5,110,TRAINING,0,15,1,5,25736041,b623afe7,2088
308,1,5,4,15,5,111,TRAINING,3,3,1,3,15736042,7623afeb,5457
308,1,5,4,15,5,112,TRAINING,7,2,0,2,51736042,6723afeb,2234
308,1,5,4,15,5,113,TEST,1,7,0,0,true,7994
308,1,5,4,15,5,114,TEST,0,15,1,1,true,9898
308,1,5,4,15,5,115,TEST,2,11,0,0,true,7741
308,1,5,4,15,5,116,TEST,5,6,1,1,true,3325
308,1,5,4,15,5,117,TEST,6,10,1,1,true,22305
308,1,5,4,15,5,118,TEST,7,2,0,0,true,1839
308,1,5,4,15,5,119,TEST,3,3,1,1,true,5201
308,1,5,4,15,5,120,TEST,4,14,0,0,true,30766
308,1,5,4,15,6,121,TRAINING,1,7,0,0,16735402,7a236efb,8806
308,1,5,4,15,6,122,TRAINING,6,10,1,1,16375402,7a326efb,4237
308,1,5,4,15,6,123,TRAINING,0,15,1,6,16345702,7a3e62fb,5255
308,1,5,4,15,6,124,TRAINING,2,11,0,3,16325704,7a3b62fe,3973
308,1,5,4,15,6,125,TRAINING,3,3,1,2,61325704,a73b62fe,2723
308,1,5,4,15,6,126,TRAINING,3,3,1,2,61324705,a73be2f6,2013
308,1,5,4,15,6,127,TRAINING,2,11,0,6,61304725,a73fe2b6,2134
308,1,5,4,15,6,128,TRAINING,1,7,0,3,60314725,af37e2b6,3711
308,1,5,4,15,6,129,TRAINING,6,10,1,0,65314720,a637e2bf,2784
308,1,5,4,15,6,130,TRAINING,5,6,1,7,60314725,af37e2b6,3633
308,1,5,4,15,6,131,TRAINING,4,14,0,4,62314705,ab37e2f6,7642
308,1,5,4,15,6,132,TRAINING,7,2,0,2,62714305,ab27e3f6,3041
308,1,5,4,15,6,133,TRAINING,5,6,1,6,62714350,ab27e36f,2763
308,1,5,4,15,6,134,TRAINING,4,14,0,5,62713450,ab273e6f,4629
308,1,5,4,15,6,135,TRAINING,0,15,1,7,12763450,7b2a3e6f,4022
308,1,5,4,15,6,136,TRAINING,7,2,0,2,15763420,762a3ebf,2161
308,1,5,4,15,6,137,TEST,0,15,1,0,false,16750
308,1,5,4,15,6,138,TEST,4,14,0,1,false,6280
308,1,5,4,15,6,139,TEST,1,7,0,1,false,2852
308,1,5,4,15,6,140,TEST,3,3,1,1,true,1598
308,1,5,4,15,6,141,TEST,2,11,0,0,true,1740
308,1,5,4,15,6,142,TEST,7,2,0,0,true,1188
308,1,5,4,15,6,143,TEST,5,6,1,1,true,2932
308,1,5,4,15,6,144,TEST,6,10,1,1,true,4625
308,1,5,4,15,7,145,TRAINING,7,2,0,3,31276045,37b2afe6,3782
308,1,5,4,15,7,146,TRAINING,3,3,1,0,31576042,3762afeb,2674
308,1,5,4,15,7,147,TRAINING,5,6,1,2,32576041,3b62afe7,3226
308,1,5,4,15,7,148,TRAINING,3,3,1,0,32516047,3b67afe2,3323
308,1,5,4,15,7,149,TRAINING,0,15,1,5,32517046,3b672fea,2766
308,1,5,4,15,7,150,TRAINING,1,7,0,3,32715046,3b276fea,3731
308,1,5,4,15,7,151,TRAINING,4,14,0,6,62715043,ab276fe3,2680
308,1,5,4,15,7,152,TRAINING,6,10,1,0,60715243,af276be3,3063
308,1,5,4,15,7,153,TRAINING,2,11,0,5,60175243,af726be3,4244
308,1,5,4,15,7,154,TRAINING,5,6,1,7,60173245,af723be6,2795
308,1,5,4,15,7,155,TRAINING,2,11,0,5,70163245,2f7a3be6,8767
308,1,5,4,15,7,156,TRAINING,6,10,1,0,60173245,af723be6,3564
308,1,5,4,15,7,157,TRAINING,0,15,1,2,61073245,a7f23be6,5664
308,1,5,4,15,7,158,TRAINING,1,7,0,1,61073254,a7f23b6e,2140
308,1,5,4,15,7,159,TRAINING,7,2,0,3,21073654,b7f23a6e,3376
308,1,5,4,15,7,160,TRAINING,4,14,0,5,21073456,b7f23e6a,11821
308,1,5,4,15,7,161,TEST,1,7,0,0,true,3138
308,1,5,4,15,7,162,TEST,0,15,1,0,false,40755
308,1,5,4,15,7,163,TEST,7,2,0,0,true,1257
308,1,5,4,15,7,164,TEST,2,11,0,0,true,3220
308,1,5,4,15,7,165,TEST,3,3,1,1,true,1571
308,1,5,4,15,7,166,TEST,4,14,0,0,true,16286
308,1,5,4,15,7,167,TEST,6,10,1,1,true,4549
308,1,5,4,15,7,168,TEST,5,6,1,1,true,3933
308,1,5,4,15,8,169,TRAINING,1,7,0,2,67104325,a27fe3b6,4032
308,1,5,4,15,8,170,TRAINING,4,14,0,4,67124305,a27be3f6,3743
308,1,5,4,15,8,171,TRAINING,7,2,0,0,76124305,2a7be3f6,3267
308,1,5,4,15,8,172,TRAINING,6,10,1,1,76134205,2a73ebf6,2713
308,1,5,4,15,8,173,TRAINING,6,10,1,1,76314205,2a37ebf6,4566
308,1,5,4,15,8,174,TRAINING,4,14,0,4,06314275,fa37eb26,3423
308,1,5,4,15,8,175,TRAINING,2,11,0,5,76314205,2a37ebf6,3815
308,1,5,4,15,8,176,TRAINING,3,3,1,2,76314250,2a37eb6f,2639
308,1,5,4,15,8,177,TRAINING,5,6,1,3,76354210,2a36eb7f,4020
308,1,5,4,15,8,178,TRAINING,7,2,0,7,06354217,fa36eb72,3426
308,1,5,4,15,8,179,TRAINING,5,6,1,3,06351247,fa367be2,3015
308,1,5,4,15,8,180,TRAINING,1,7,0,4,02351647,fb367ae2,4621
308,1,5,4,15,8,181,TRAINING,0,15,1,0,02651347,fba673e2,6746
308,1,5,4,15,8,182,TRAINING,0,15,1,0,02651743,fba672e3,2078
308,1,5,4,15,8,183,TRAINING,3,3,1,7,02561743,fb6a72e3,3845
308,1,5,4,15,8,184,TRAINING,2,11,0,1,02516743,fb67a2e3,5344
308,1,5,4,15,8,185,TEST,6,10,1,1,true,8145
308,1,5,4,15,8,186,TEST,0,15,1,0,false,2374
308,1,5,4,15,8,187,TEST,5,6,1,1,true,2933
308,1,5,4,15,8,188,TEST,1,7,0,0,true,3291
308,1,5,4,15,8,189,TEST,3,3,1,1,true,2106
308,1,5,4,15,8,190,TEST,4,14,0,0,true,3476
308,1,5,4,15,8,191,TEST,2,11,0,0,true,1457
308,1,5,4,15,8,192,TEST,7,2,0,0,true,908
308,1,5,4,15,9,193,TRAINING,5,6,1,6,67403251,a2ef3b67,1985
308,1,5,4,15,9,194,TRAINING,2,11,0,5,60473251,afe23b67,3834
308,1,5,4,15,9,195,TRAINING,0,15,1,1,60471253,afe27b63,4440
308,1,5,4,15,9,196,TRAINING,4,14,0,2,60473251,afe23b67,8644
308,1,5,4,15,9,197,TRAINING,0,15,1,1,60473215,afe23b76,7890
308,1,5,4,15,9,198,TRAINING,3,3,1,4,20473615,bfe23a76,9382
308,1,5,4,15,9,199,TRAINING,5,6,1,7,20463715,bfea3276,3664
308,1,5,4,15,9,200,TRAINING,1,7,0,6,20643715,bfae3276,4941
308,1,5,4,15,9,201,TRAINING,4,14,0,3,20346715,bf3ea276,8198
308,1,5,4,15,9,202,TRAINING,6,10,1,4,70346215,2f3eab76,3751
308,1,5,4,15,9,203,TRAINING,7,2,0,0,75346210,263eab7f,2344
308,1,5,4,15,9,204,TRAINING,6,10,1,4,75046213,26feab73,2132
308,1,5,4,15,9,205,TRAINING,3,3,1,6,75046231,26feab37,3010
308,1,5,4,15,9,206,TRAINING,1,7,0,1,71046235,27feab36,4322
308,1,5,4,15,9,207,TRAINING,2,11,0,5,71056234,27f6ab3e,7067
308,1,5,4,15,9,208,TRAINING,7,2,0,2,01756234,f726ab3e,2505
308,1,5,4,15,9,209,TEST,5,6,1,1,true,4229
308,1,5,4,15,9,210,TEST,1,7,0,0,true,8362
308,1,5,4,15,9,211,TEST,4,14,0,1,false,7662
308,1,5,4,15,9,212,TEST,2,11,0,0,true,2827
308,1,5,4,15,9,213,TEST,6,10,1,1,true,2377
308,1,5,4,15,9,214,TEST,0,15,1,1,true,3094
308,1,5,4,15,9,215,TEST,3,3,1,1,true,3341
308,1,5,4,15,9,216,TEST,7,2,0,0,true,1435
308,1,5,4,15,10,217,TRAINING,5,6,1,6,07162453,f27abe63,4453
308,1,5,4,15,10,218,TRAINING,6,10,1,3,01762453,f72abe63,3235
308,1,5,4,15,10,219,TRAINING,6,10,1,3,10762453,7f2abe63,1776
308,1,5,4,15,10,220,TRAINING,2,11,0,6,10765423,7f2a6eb3,2683
308,1,5,4,15,10,221,TRAINING,4,14,0,4,10764523,7f2ae6b3,8851
308,1,5,4,15,10,222,TRAINING,7,2,0,2,01764523,f72ae6b3,2467
308,1,5,4,15,10,223,TRAINING,0,15,1,0,06714523,fa27e6b3,6408
308,1,5,4,15,10,224,TRAINING,1,7,0,1,01764523,f72ae6b3,4506
308,1,5,4,15,10,225,TRAINING,3,3,1,7,01674523,f7a2e6b3,2524
308,1,5,4,15,10,226,TRAINING,1,7,0,1,61074523,a7f2e6b3,6515
308,1,5,4,15,10,227,TRAINING,0,15,1,2,21074563,b7f2e6a3,6343
308,1,5,4,15,10,228,TRAINING,4,14,0,0,41072563,e7f2b6a3,4584
308,1,5,4,15,10,229,TRAINING,5,6,1,5,41073562,e7f236ab,5722
308,1,5,4,15,10,230,TRAINING,7,2,0,3,41076532,e7f2a63b,2325
308,1,5,4,15,10,231,TRAINING,2,11,0,7,41670532,e7a2f63b,3030
308,1,5,4,15,10,232,TRAINING,3,3,1,6,41570632,e762fa3b,3267
308,1,5,4,15,10,233,TEST,0,15,1,1,true,5595
308,1,5,4,15,10,234,TEST,4,14,0,0,true,3137
308,1,5,4,15,10,235,TEST,5,6,1,1,true,3874
308,1,5,4,15,10,236,TEST,6,10,1,1,true,3280
308,1,5,4,15,10,237,TEST,1,7,0,0,true,6525
308,1,5,4,15,10,238,TEST,7,2,0,0,true,2098
308,1,5,4,15,10,239,TEST,3,3,1,1,true,1622
308,1,5,4,15,10,240,TEST,2,11,0,0,true,2080
308,1,5,4,15,11,241,TRAINING,0,15,1,0,04213657,feb73a62,8986
308,1,5,4,15,11,242,TRAINING,2,11,0,2,04217653,feb72a63,2794
308,1,5,4,15,11,243,TRAINING,4,14,0,1,04213657,feb73a62,9278
308,1,5,4,15,11,244,TRAINING,6,10,1,6,04213567,feb736a2,3191
308,1,5,4,15,11,245,TRAINING,4,14,0,1,04231567,feb376a2,3822
308,1,5,4,15,11,246,TRAINING,3,3,1,3,54231067,6eb37fa2,3495
308,1,5,4,15,11,247,TRAINING,5,6,1,5,04231567,feb376a2,6186
308,1,5,4,15,11,248,TRAINING,5,6,1,5,07231564,f2b376ae,3230
308,1,5,4,15,11,249,TRAINING,6,10,1,6,07132564,f273b6ae,4882
308,1,5,4,15,11,250,TRAINING,3,3,1,3,01732564,f723b6ae,2565
308,1,5,4,15,11,251,TRAINING,1,7,0,1,01237564,f7b326ae,6970
308,1,5,4,15,11,252,TRAINING,1,7,0,1,01237654,f7b32a6e,3202
308,1,5,4,15,11,253,TRAINING,7,2,0,5,01236754,f7b3a26e,2789
308,1,5,4,15,11,254,TRAINING,7,2,0,5,01263754,f7ba326e,1724
308,1,5,4,15,11,255,TRAINING,2,11,0,6,01563724,f76a32be,2753
308,1,5,4,15,11,256,TRAINING,0,15,1,0,03561724,f36a72be,4038
308,1,5,4,15,11,257,TEST,7,2,0,0,true,1997
308,1,5,4,15,11,258,TEST,0,15,1,1,true,6204
308,1,5,4,15,11,259,TEST,4,14,0,0,true,2215
308,1,5,4,15,11,260,TEST,6,10,1,1,true,2279
308,1,5,4,15,11,261,TEST,3,3,1,1,true,1686
308,1,5,4,15,11,262,TEST,2,11,0,0,true,1711
308,1,5,4,15,11,263,TEST,5,6,1,1,true,3986
308,1,5,4,15,11,264,TEST,1,7,0,0,true,2313
308,1,5,4,15,INSTRUCT,postquestionnaire,2

rulestrategy:I determined what colors the basic boxes were (the ones without the slash).  Once I figured out that a purple box with a white border was A, and a blue box with a yellow border was A, then I started to employ opposites to figure out the other boxes.  So, a purple box with a white border and a slash had to be B, because a purple box with no slash was A.
howtoimprove:
engagement:9
difficulty:7
physicalaids:no