309,1,5,13,12,INSTRUCT,instruct1,8103
309,1,5,13,12,INSTRUCT,instructCatExample,6878
309,1,5,13,12,INSTRUCT,instructCatColor,3500
309,1,5,13,12,INSTRUCT,instructCatStripe,7137
309,1,5,13,12,INSTRUCT,instructDemoIntro,17623
309,1,5,13,12,INSTRUCT,instructDemo,62118
309,1,5,13,12,INSTRUCT,instructTest,21895
309,1,5,13,12,INSTRUCT,instructTest2,21364
309,1,5,13,12,INSTRUCT,instructDimColor,11297
309,1,5,13,12,INSTRUCT,instructDimBorder,2008
309,1,5,13,12,INSTRUCT,instructDimDots,2154
309,1,5,13,12,INSTRUCT,instructDimStripe,1663
309,1,5,13,12,INSTRUCT,instructDimAll,3775
309,1,5,13,12,INSTRUCT,instructFinal,4604
309,1,5,13,12,INSTRUCT,instructFinal2,14925
309,1,5,13,12,1,1,TRAINING,7,14,0,1,47152630,2e76baf3,2874
309,1,5,13,12,1,2,TRAINING,7,14,0,1,47125630,2e7b6af3,1888
309,1,5,13,12,1,3,TRAINING,5,6,1,4,27145630,be726af3,2801
309,1,5,13,12,1,4,TRAINING,1,7,0,2,27165430,be7a62f3,2951
309,1,5,13,12,1,5,TRAINING,2,11,0,0,26175430,ba7e62f3,1914
309,1,5,13,12,1,6,TRAINING,6,10,1,1,26175034,ba7e63f2,2256
309,1,5,13,12,1,7,TRAINING,3,15,1,6,26715034,bae763f2,1919
309,1,5,13,12,1,8,TRAINING,1,7,0,2,26175034,ba7e63f2,6065
309,1,5,13,12,1,9,TRAINING,0,3,1,5,46175032,2a7e63fb,1855
309,1,5,13,12,1,10,TRAINING,4,2,0,1,64175032,a27e63fb,3672
309,1,5,13,12,1,11,TRAINING,2,11,0,7,64173052,a27ef36b,2039
309,1,5,13,12,1,12,TRAINING,0,3,1,5,64713052,a2e7f36b,1754
309,1,5,13,12,1,13,TRAINING,5,6,1,6,64317052,a2f7e36b,1853
309,1,5,13,12,1,14,TRAINING,6,10,1,0,64312057,a2f7b36e,1876
309,1,5,13,12,1,15,TRAINING,3,15,1,2,64302157,a2f3b76e,1736
309,1,5,13,12,1,16,TRAINING,4,2,0,7,67302154,aef3b762,2562
309,1,5,13,12,1,17,TEST,2,11,0,0,true,2580
309,1,5,13,12,1,18,TEST,1,7,0,1,false,3449
309,1,5,13,12,1,19,TEST,0,3,1,1,true,1538
309,1,5,13,12,1,20,TEST,3,15,1,0,false,961
309,1,5,13,12,1,21,TEST,5,6,1,1,true,1553
309,1,5,13,12,1,22,TEST,4,2,0,1,false,1494
309,1,5,13,12,1,23,TEST,6,10,1,0,false,1437
309,1,5,13,12,1,24,TEST,7,14,0,0,true,1106
309,1,5,13,12,2,25,TRAINING,5,6,1,7,74163025,e27af3b6,4025
309,1,5,13,12,2,26,TRAINING,7,14,0,0,74163205,e27afb36,4543
309,1,5,13,12,2,27,TRAINING,2,11,0,5,74613205,e2a7fb36,5888
309,1,5,13,12,2,28,TRAINING,7,14,0,0,74603215,e2a3fb76,2382
309,1,5,13,12,2,29,TRAINING,5,6,1,7,74630215,e2af3b76,1830
309,1,5,13,12,2,30,TRAINING,2,11,0,5,74603215,e2a3fb76,2504
309,1,5,13,12,2,31,TRAINING,0,3,1,3,47603215,2ea3fb76,1772
309,1,5,13,12,2,32,TRAINING,6,10,1,1,46703215,2ae3fb76,1616
309,1,5,13,12,2,33,TRAINING,6,10,1,1,46203715,2ab3fe76,2058
309,1,5,13,12,2,34,TRAINING,1,7,0,6,46273015,2abef376,3537
309,1,5,13,12,2,35,TRAINING,3,15,1,4,46723015,2aebf376,2154
309,1,5,13,12,2,36,TRAINING,1,7,0,6,76423015,ea2bf376,1968
309,1,5,13,12,2,37,TRAINING,0,3,1,5,76523014,ea6bf372,1699
309,1,5,13,12,2,38,TRAINING,3,15,1,4,72563014,eb6af372,1751
309,1,5,13,12,2,39,TRAINING,4,2,0,7,71563024,e76af3b2,2839
309,1,5,13,12,2,40,TRAINING,4,2,0,7,51763024,67eaf3b2,1503
309,1,5,13,12,2,41,TEST,3,15,1,1,true,4662
309,1,5,13,12,2,42,TEST,7,14,0,0,true,1067
309,1,5,13,12,2,43,TEST,0,3,1,1,true,601
309,1,5,13,12,2,44,TEST,6,10,1,0,false,706
309,1,5,13,12,2,45,TEST,4,2,0,1,false,804
309,1,5,13,12,2,46,TEST,5,6,1,1,true,701
309,1,5,13,12,2,47,TEST,1,7,0,0,true,1025
309,1,5,13,12,2,48,TEST,2,11,0,0,true,1729
309,1,5,13,12,3,49,TRAINING,7,14,0,0,76132504,ea7fb632,1682
309,1,5,13,12,3,50,TRAINING,1,7,0,2,70132564,e37fb6a2,2521
309,1,5,13,12,3,51,TRAINING,1,7,0,2,70162534,e37ab6f2,1863
309,1,5,13,12,3,52,TRAINING,3,15,1,6,75162034,e67ab3f2,2121
309,1,5,13,12,3,53,TRAINING,4,2,0,0,45162037,267ab3fe,2736
309,1,5,13,12,3,54,TRAINING,2,11,0,3,45126037,267ba3fe,1758
309,1,5,13,12,3,55,TRAINING,4,2,0,0,45621037,26ab73fe,1777
309,1,5,13,12,3,56,TRAINING,0,3,1,6,45621307,26ab7f3e,1711
309,1,5,13,12,3,57,TRAINING,5,6,1,4,41625307,27ab6f3e,1962
309,1,5,13,12,3,58,TRAINING,5,6,1,4,43625107,2fab673e,2033
309,1,5,13,12,3,59,TRAINING,7,14,0,1,47625103,2eab673f,2576
309,1,5,13,12,3,60,TRAINING,6,10,1,2,27645103,bea2673f,1632
309,1,5,13,12,3,61,TRAINING,2,11,0,6,07645123,3ea267bf,1495
309,1,5,13,12,3,62,TRAINING,0,3,1,7,37645120,fea267b3,1673
309,1,5,13,12,3,63,TRAINING,3,15,1,1,73645120,efa267b3,1546
309,1,5,13,12,3,64,TRAINING,6,10,1,2,13645720,7fa26eb3,1710
309,1,5,13,12,3,65,TEST,2,11,0,1,false,827
309,1,5,13,12,3,66,TEST,3,15,1,0,false,3395
309,1,5,13,12,3,67,TEST,5,6,1,1,true,2112
309,1,5,13,12,3,68,TEST,7,14,0,0,true,1172
309,1,5,13,12,3,69,TEST,6,10,1,1,true,667
309,1,5,13,12,3,70,TEST,1,7,0,1,false,539
309,1,5,13,12,3,71,TEST,0,3,1,1,true,931
309,1,5,13,12,3,72,TEST,4,2,0,0,true,570
309,1,5,13,12,4,73,TRAINING,7,14,0,5,20436751,b32fae67,2036
309,1,5,13,12,4,74,TRAINING,0,3,1,1,20463751,b32afe67,2304
309,1,5,13,12,4,75,TRAINING,3,15,1,4,60423751,a32bfe67,2225
309,1,5,13,12,4,76,TRAINING,4,2,0,5,60723451,a3ebf267,1552
309,1,5,13,12,4,77,TRAINING,1,7,0,0,10723456,73ebf26a,1868
309,1,5,13,12,4,78,TRAINING,0,3,1,2,17023456,7e3bf26a,3079
309,1,5,13,12,4,79,TRAINING,6,10,1,7,17032456,7e3fb26a,1776
309,1,5,13,12,4,80,TRAINING,4,2,0,5,12037456,7b3fe26a,1681
309,1,5,13,12,4,81,TRAINING,6,10,1,7,12307456,7bf3e26a,3990
309,1,5,13,12,4,82,TRAINING,1,7,0,1,21307456,b7f3e26a,1607
309,1,5,13,12,4,83,TRAINING,2,11,0,0,21357406,b7f6e23a,1610
309,1,5,13,12,4,84,TRAINING,5,6,1,3,21657403,b7a6e23f,1790
309,1,5,13,12,4,85,TRAINING,5,6,1,3,26157403,ba76e23f,1504
309,1,5,13,12,4,86,TRAINING,7,14,0,2,26751403,bae6723f,1707
309,1,5,13,12,4,87,TRAINING,3,15,1,0,36751402,fae6723b,1675
309,1,5,13,12,4,88,TRAINING,2,11,0,7,34751602,f2e67a3b,1859
309,1,5,13,12,4,89,TEST,5,6,1,1,true,1514
309,1,5,13,12,4,90,TEST,0,3,1,1,true,650
309,1,5,13,12,4,91,TEST,1,7,0,0,true,612
309,1,5,13,12,4,92,TEST,6,10,1,1,true,787
309,1,5,13,12,4,93,TEST,4,2,0,0,true,1563
309,1,5,13,12,4,94,TEST,2,11,0,0,true,658
309,1,5,13,12,4,95,TEST,3,15,1,1,true,675
309,1,5,13,12,4,96,TEST,7,14,0,0,true,737
309,1,5,13,12,5,97,TRAINING,1,7,0,2,67145203,ae726b3f,2787
309,1,5,13,12,5,98,TRAINING,5,6,1,7,67143205,ae72fb36,2824
309,1,5,13,12,5,99,TRAINING,0,3,1,3,67103245,ae73fb26,2521
309,1,5,13,12,5,100,TRAINING,4,2,0,6,67102345,ae73bf26,4767
309,1,5,13,12,5,101,TRAINING,7,14,0,1,67502341,ae63bf27,1752
309,1,5,13,12,5,102,TRAINING,5,6,1,2,67512340,ae67bf23,1734
309,1,5,13,12,5,103,TRAINING,3,15,1,6,67512430,ae67b2f3,1773
309,1,5,13,12,5,104,TRAINING,6,10,1,1,76512430,ea67b2f3,1784
309,1,5,13,12,5,105,TRAINING,2,11,0,3,76521430,ea6b72f3,1663
309,1,5,13,12,5,106,TRAINING,0,3,1,7,76321450,eafb7263,1512
309,1,5,13,12,5,107,TRAINING,2,11,0,3,67321450,aefb7263,1561
309,1,5,13,12,5,108,TRAINING,4,2,0,5,67521430,ae6b72f3,1879
309,1,5,13,12,5,109,TRAINING,7,14,0,1,17526430,7e6ba2f3,1720
309,1,5,13,12,5,110,TRAINING,1,7,0,0,17520436,7e6b32fa,1927
309,1,5,13,12,5,111,TRAINING,6,10,1,6,17520463,7e6b32af,2463
309,1,5,13,12,5,112,TRAINING,3,15,1,4,17523460,7e6bf2a3,1592
309,1,5,13,12,5,113,TEST,4,2,0,0,true,699
309,1,5,13,12,5,114,TEST,0,3,1,1,true,810
309,1,5,13,12,5,115,TEST,3,15,1,1,true,740
309,1,5,13,12,5,116,TEST,6,10,1,0,false,538
309,1,5,13,12,5,117,TEST,2,11,0,0,true,1010
309,1,5,13,12,5,118,TEST,5,6,1,1,true,715
309,1,5,13,12,5,119,TEST,7,14,0,1,false,619
309,1,5,13,12,5,120,TEST,1,7,0,1,false,491
309,1,5,13,12,6,121,TRAINING,1,7,0,6,47605213,2ea36b7f,7157
309,1,5,13,12,6,122,TRAINING,2,11,0,5,67405213,ae236b7f,2386
309,1,5,13,12,6,123,TRAINING,7,14,0,1,37405216,fe236b7a,1914
309,1,5,13,12,6,124,TRAINING,4,2,0,7,37605214,fea36b72,3809
309,1,5,13,12,6,125,TRAINING,6,10,1,0,67305214,aef36b72,2529
309,1,5,13,12,6,126,TRAINING,6,10,1,0,67302514,aef3b672,3843
309,1,5,13,12,6,127,TRAINING,5,6,1,3,67352014,aef6b372,1756
309,1,5,13,12,6,128,TRAINING,0,3,1,5,67452013,ae26b37f,2832
309,1,5,13,12,6,129,TRAINING,7,14,0,1,67453012,ae26f37b,5025
309,1,5,13,12,6,130,TRAINING,4,2,0,2,67451032,ae2673fb,1640
309,1,5,13,12,6,131,TRAINING,3,15,1,6,67401532,ae2376fb,2106
309,1,5,13,12,6,132,TRAINING,1,7,0,4,67401235,ae237bf6,1696
309,1,5,13,12,6,133,TRAINING,0,3,1,3,76401235,ea237bf6,1766
309,1,5,13,12,6,134,TRAINING,2,11,0,1,72401635,eb237af6,1489
309,1,5,13,12,6,135,TRAINING,5,6,1,7,72406135,eb23a7f6,1600
309,1,5,13,12,6,136,TRAINING,3,15,1,0,32406175,fb23a7e6,2361
309,1,5,13,12,6,137,TEST,6,10,1,0,false,805
309,1,5,13,12,6,138,TEST,7,14,0,1,false,577
309,1,5,13,12,6,139,TEST,4,2,0,0,true,699
309,1,5,13,12,6,140,TEST,2,11,0,1,false,528
309,1,5,13,12,6,141,TEST,5,6,1,1,true,480
309,1,5,13,12,6,142,TEST,3,15,1,1,true,405
309,1,5,13,12,6,143,TEST,0,3,1,1,true,602
309,1,5,13,12,6,144,TEST,1,7,0,1,false,843
309,1,5,13,12,7,145,TRAINING,7,14,0,5,23156740,bf76ae23,1319
309,1,5,13,12,7,146,TRAINING,6,10,1,4,20156743,b376ae2f,1560
309,1,5,13,12,7,147,TRAINING,1,7,0,2,20146753,b372ae6f,1536
309,1,5,13,12,7,148,TRAINING,3,15,1,7,40126753,237bae6f,1770
309,1,5,13,12,7,149,TRAINING,6,10,1,4,45126703,267bae3f,2512
309,1,5,13,12,7,150,TRAINING,5,6,1,1,45106723,2673aebf,1863
309,1,5,13,12,7,151,TRAINING,0,3,1,3,45706123,26e3a7bf,2527
309,1,5,13,12,7,152,TRAINING,5,6,1,1,45703126,26e3f7ba,1391
309,1,5,13,12,7,153,TRAINING,3,15,1,4,45603127,26a3f7be,1480
309,1,5,13,12,7,154,TRAINING,0,3,1,3,25603147,b6a3f72e,1870
309,1,5,13,12,7,155,TRAINING,2,11,0,1,52603147,6ba3f72e,1252
309,1,5,13,12,7,156,TRAINING,7,14,0,7,52601347,6ba37f2e,1543
309,1,5,13,12,7,157,TRAINING,4,2,0,6,12605347,7ba36f2e,1713
309,1,5,13,12,7,158,TRAINING,2,11,0,1,12635047,7baf632e,1424
309,1,5,13,12,7,159,TRAINING,1,7,0,0,12675043,7bae632f,1513
309,1,5,13,12,7,160,TRAINING,4,2,0,3,12645073,7ba263ef,1456
309,1,5,13,12,7,161,TEST,7,14,0,1,false,2570
309,1,5,13,12,7,162,TEST,4,2,0,0,true,2899
309,1,5,13,12,7,163,TEST,0,3,1,1,true,603
309,1,5,13,12,7,164,TEST,5,6,1,1,true,500
309,1,5,13,12,7,165,TEST,2,11,0,1,false,658
309,1,5,13,12,7,166,TEST,6,10,1,0,false,491
309,1,5,13,12,7,167,TEST,3,15,1,1,true,473
309,1,5,13,12,7,168,TEST,1,7,0,1,false,485
309,1,5,13,12,8,169,TRAINING,1,7,0,0,14207653,72b3ea6f,6771
309,1,5,13,12,8,170,TRAINING,6,10,1,5,14307652,72f3ea6b,1853
309,1,5,13,12,8,171,TRAINING,5,6,1,2,14507632,7263eafb,2927
309,1,5,13,12,8,172,TRAINING,2,11,0,0,24507631,b263eaf7,2626
309,1,5,13,12,8,173,TRAINING,3,15,1,6,21507634,b763eaf2,2593
309,1,5,13,12,8,174,TRAINING,5,6,1,2,21567034,b76ae3f2,1647
309,1,5,13,12,8,175,TRAINING,4,2,0,1,24567031,b26ae3f7,1609
309,1,5,13,12,8,176,TRAINING,7,14,0,4,24507631,b263eaf7,1865
309,1,5,13,12,8,177,TRAINING,4,2,0,1,24507361,b263efa7,1431
309,1,5,13,12,8,178,TRAINING,1,7,0,7,24057361,b236efa7,1513
309,1,5,13,12,8,179,TRAINING,0,3,1,2,24075361,b23e6fa7,1538
309,1,5,13,12,8,180,TRAINING,6,10,1,6,74025361,e23b6fa7,1448
309,1,5,13,12,8,181,TRAINING,2,11,0,3,47025361,2e3b6fa7,1488
309,1,5,13,12,8,182,TRAINING,0,3,1,2,47025163,2e3b67af,1433
309,1,5,13,12,8,183,TRAINING,7,14,0,1,47021563,2e3b76af,1432
309,1,5,13,12,8,184,TRAINING,3,15,1,4,47023561,2e3bf6a7,1475
309,1,5,13,12,8,185,TEST,3,15,1,1,true,696
309,1,5,13,12,8,186,TEST,1,7,0,1,false,546
309,1,5,13,12,8,187,TEST,7,14,0,0,true,785
309,1,5,13,12,8,188,TEST,2,11,0,0,true,654
309,1,5,13,12,8,189,TEST,6,10,1,1,true,1610
309,1,5,13,12,8,190,TEST,5,6,1,1,true,2474
309,1,5,13,12,8,191,TEST,4,2,0,0,true,643
309,1,5,13,12,8,192,TEST,0,3,1,1,true,625
309,1,5,13,12,9,193,TRAINING,3,15,1,2,06345217,3af26b7e,1338
309,1,5,13,12,9,194,TRAINING,6,10,1,5,02345617,3bf26a7e,1518
309,1,5,13,12,9,195,TRAINING,5,6,1,4,20345617,b3f26a7e,1464
309,1,5,13,12,9,196,TRAINING,2,11,0,7,70345612,e3f26a7b,1599
309,1,5,13,12,9,197,TRAINING,6,10,1,1,76345012,eaf2637b,1463
309,1,5,13,12,9,198,TRAINING,0,3,1,5,16345072,7af263eb,1584
309,1,5,13,12,9,199,TRAINING,4,2,0,6,16375042,7afe632b,1569
309,1,5,13,12,9,200,TRAINING,1,7,0,0,12375046,7bfe632a,1863
309,1,5,13,12,9,201,TRAINING,0,3,1,5,12675043,7bae632f,1315
309,1,5,13,12,9,202,TRAINING,1,7,0,0,15672043,76aeb32f,5392
309,1,5,13,12,9,203,TRAINING,2,11,0,6,15674023,76ae23bf,1409
309,1,5,13,12,9,204,TRAINING,7,14,0,2,15764023,76ea23bf,1223
309,1,5,13,12,9,205,TRAINING,4,2,0,5,15760423,76ea32bf,1352
309,1,5,13,12,9,206,TRAINING,5,6,1,3,16750423,7ae632bf,1441
309,1,5,13,12,9,207,TRAINING,7,14,0,2,26750413,bae6327f,1399
309,1,5,13,12,9,208,TRAINING,3,15,1,7,46750213,2ae63b7f,1446
309,1,5,13,12,9,209,TEST,2,11,0,0,true,1507
309,1,5,13,12,9,210,TEST,3,15,1,1,true,617
309,1,5,13,12,9,211,TEST,4,2,0,0,true,381
309,1,5,13,12,9,212,TEST,0,3,1,0,false,395
309,1,5,13,12,9,213,TEST,1,7,0,1,false,722
309,1,5,13,12,9,214,TEST,5,6,1,0,false,561
309,1,5,13,12,9,215,TEST,7,14,0,1,false,412
309,1,5,13,12,9,216,TEST,6,10,1,0,false,842
309,1,5,13,12,10,217,TRAINING,6,10,1,3,41260357,27ba3f6e,1050
309,1,5,13,12,10,218,TRAINING,3,15,1,5,41260375,27ba3fe6,1961
309,1,5,13,12,10,219,TRAINING,6,10,1,3,40261375,23ba7fe6,1577
309,1,5,13,12,10,220,TRAINING,1,7,0,4,47261305,2eba7f36,1641
309,1,5,13,12,10,221,TRAINING,1,7,0,4,45261307,26ba7f3e,1449
309,1,5,13,12,10,222,TRAINING,4,2,0,0,40261357,23ba7f6e,1465
309,1,5,13,12,10,223,TRAINING,2,11,0,2,40251367,23b67fae,1665
309,1,5,13,12,10,224,TRAINING,4,2,0,0,40231567,23bf76ae,2970
309,1,5,13,12,10,225,TRAINING,7,14,0,7,41230567,27bf36ae,2120
309,1,5,13,12,10,226,TRAINING,5,6,1,5,40231567,23bf76ae,1897
309,1,5,13,12,10,227,TRAINING,0,3,1,4,41230567,27bf36ae,2184
309,1,5,13,12,10,228,TRAINING,7,14,0,7,14230567,72bf36ae,1786
309,1,5,13,12,10,229,TRAINING,0,3,1,4,14320567,72fb36ae,1639
309,1,5,13,12,10,230,TRAINING,3,15,1,2,14350267,72f63bae,1602
309,1,5,13,12,10,231,TRAINING,5,6,1,1,15340267,76f23bae,1545
309,1,5,13,12,10,232,TRAINING,2,11,0,4,15342067,76f2b3ae,1432
309,1,5,13,12,10,233,TEST,7,14,0,1,false,1162
309,1,5,13,12,10,234,TEST,0,3,1,1,true,668
309,1,5,13,12,10,235,TEST,3,15,1,0,false,1165
309,1,5,13,12,10,236,TEST,1,7,0,0,true,467
309,1,5,13,12,10,237,TEST,4,2,0,1,false,595
309,1,5,13,12,10,238,TEST,2,11,0,1,false,514
309,1,5,13,12,10,239,TEST,5,6,1,0,false,587
309,1,5,13,12,10,240,TEST,6,10,1,1,true,634
309,1,5,13,12,11,241,TRAINING,2,11,0,2,16254703,7ab62e3f,1006
309,1,5,13,12,11,242,TRAINING,1,7,0,0,16254307,7ab62f3e,1496
309,1,5,13,12,11,243,TRAINING,3,15,1,5,16257304,7ab6ef32,1442
309,1,5,13,12,11,244,TRAINING,0,3,1,7,16257340,7ab6ef23,1359
309,1,5,13,12,11,245,TRAINING,4,2,0,4,16254370,7ab62fe3,1473
309,1,5,13,12,11,246,TRAINING,2,11,0,5,16354270,7af62be3,1319
309,1,5,13,12,11,247,TRAINING,6,10,1,0,61354270,a7f62be3,1337
309,1,5,13,12,11,248,TRAINING,4,2,0,4,61354207,a7f62b3e,1439
309,1,5,13,12,11,249,TRAINING,7,14,0,7,60354217,a3f62b7e,1458
309,1,5,13,12,11,250,TRAINING,5,6,1,3,60154237,a3762bfe,1407
309,1,5,13,12,11,251,TRAINING,7,14,0,7,60153247,a376fb2e,1360
309,1,5,13,12,11,252,TRAINING,6,10,1,1,06153247,3a76fb2e,1409
309,1,5,13,12,11,253,TRAINING,0,3,1,0,06135247,3a7f6b2e,1401
309,1,5,13,12,11,254,TRAINING,1,7,0,2,06135427,3a7f62be,1422
309,1,5,13,12,11,255,TRAINING,3,15,1,3,04135627,327f6abe,1423
309,1,5,13,12,11,256,TRAINING,5,6,1,4,24135607,b27f6a3e,2072
309,1,5,13,12,11,257,TEST,6,10,1,0,false,643
309,1,5,13,12,11,258,TEST,3,15,1,1,true,498
309,1,5,13,12,11,259,TEST,7,14,0,1,false,426
309,1,5,13,12,11,260,TEST,2,11,0,0,true,633
309,1,5,13,12,11,261,TEST,0,3,1,1,true,597
309,1,5,13,12,11,262,TEST,5,6,1,1,true,442
309,1,5,13,12,11,263,TEST,1,7,0,1,false,485
309,1,5,13,12,11,264,TEST,4,2,0,0,true,513
309,1,5,13,12,12,265,TRAINING,7,14,0,6,13640275,7fa23be6,1001
309,1,5,13,12,12,266,TRAINING,6,10,1,2,13640572,7fa236eb,1410
309,1,5,13,12,12,267,TRAINING,0,3,1,3,13604572,7fa326eb,1447
309,1,5,13,12,12,268,TRAINING,4,2,0,4,13604527,7fa326be,1906
309,1,5,13,12,12,269,TRAINING,4,2,0,4,13204567,7fb326ae,1326
309,1,5,13,12,12,270,TRAINING,3,15,1,2,12304567,7bf326ae,2248
309,1,5,13,12,12,271,TRAINING,2,11,0,5,15304267,76f32bae,1657
309,1,5,13,12,12,272,TRAINING,5,6,1,1,45301267,26f37bae,1313
309,1,5,13,12,12,273,TRAINING,2,11,0,5,75301264,e6f37ba2,1518
309,1,5,13,12,12,274,TRAINING,7,14,0,0,75401263,e6237baf,1465
309,1,5,13,12,12,275,TRAINING,1,7,0,4,74501263,e2637baf,1784
309,1,5,13,12,12,276,TRAINING,5,6,1,7,74301265,e2f37ba6,1392
309,1,5,13,12,12,277,TRAINING,3,15,1,2,64301275,a2f37be6,1858
309,1,5,13,12,12,278,TRAINING,0,3,1,6,64371205,a2fe7b36,1298
309,1,5,13,12,12,279,TRAINING,6,10,1,3,74361205,e2fa7b36,1332
309,1,5,13,12,12,280,TRAINING,1,7,0,2,74163205,e27afb36,1289
309,1,5,13,12,12,281,TEST,3,15,1,1,true,1816
309,1,5,13,12,12,282,TEST,4,2,0,0,true,497
309,1,5,13,12,12,283,TEST,1,7,0,1,false,477
309,1,5,13,12,12,284,TEST,0,3,1,0,false,490
309,1,5,13,12,12,285,TEST,2,11,0,0,true,411
309,1,5,13,12,12,286,TEST,6,10,1,0,false,411
309,1,5,13,12,12,287,TEST,7,14,0,1,false,473
309,1,5,13,12,12,288,TEST,5,6,1,1,true,418
309,1,5,13,12,13,289,TRAINING,4,2,0,5,57126403,6e7ba23f,842
309,1,5,13,12,13,290,TRAINING,5,6,1,0,52176403,6b7ea23f,1431
309,1,5,13,12,13,291,TRAINING,3,15,1,7,56172403,6a7eb23f,1728
309,1,5,13,12,13,292,TRAINING,3,15,1,7,56102473,6a73b2ef,1382
309,1,5,13,12,13,293,TRAINING,7,14,0,6,56402173,6a23b7ef,1347
309,1,5,13,12,13,294,TRAINING,2,11,0,1,52406173,6b23a7ef,1635
309,1,5,13,12,13,295,TRAINING,0,3,1,2,52046173,6b32a7ef,1166
309,1,5,13,12,13,296,TRAINING,6,10,1,3,52064173,6b3a27ef,1410
309,1,5,13,12,13,297,TRAINING,6,10,1,3,52064713,6b3a2e7f,1473
309,1,5,13,12,13,298,TRAINING,7,14,0,7,52064317,6b3a2f7e,1255
309,1,5,13,12,13,299,TRAINING,1,7,0,6,52460317,6b2a3f7e,1321
309,1,5,13,12,13,300,TRAINING,5,6,1,5,32460517,fb2a367e,1871
309,1,5,13,12,13,301,TRAINING,0,3,1,4,36420517,fa2b367e,1465
309,1,5,13,12,13,302,TRAINING,4,2,0,2,36420571,fa2b36e7,1390
309,1,5,13,12,13,303,TRAINING,2,11,0,7,36410572,fa2736eb,4520
309,1,5,13,12,13,304,TRAINING,1,7,0,3,37410562,fe2736ab,1449
309,1,5,13,12,13,305,TEST,0,3,1,1,true,798
309,1,5,13,12,13,306,TEST,7,14,0,0,true,474
309,1,5,13,12,13,307,TEST,6,10,1,0,false,733
309,1,5,13,12,13,308,TEST,2,11,0,1,false,415
309,1,5,13,12,13,309,TEST,5,6,1,1,true,485
309,1,5,13,12,13,310,TEST,3,15,1,1,true,402
309,1,5,13,12,13,311,TEST,4,2,0,0,true,417
309,1,5,13,12,13,312,TEST,1,7,0,0,true,1082
309,1,5,13,12,14,313,TRAINING,4,2,0,0,42371056,2bfe736a,1023
309,1,5,13,12,14,314,TRAINING,5,6,1,6,42671053,2bae736f,1426
309,1,5,13,12,14,315,TRAINING,7,14,0,5,42601753,2ba37e6f,1384
309,1,5,13,12,14,316,TRAINING,1,7,0,4,42301756,2bf37e6a,2113
309,1,5,13,12,14,317,TRAINING,0,3,1,3,42601753,2ba37e6f,1424
309,1,5,13,12,14,318,TRAINING,1,7,0,4,42601357,2ba37f6e,1512
309,1,5,13,12,14,319,TRAINING,6,10,1,2,72601354,eba37f62,1471
309,1,5,13,12,14,320,TRAINING,2,11,0,3,70621354,e3ab7f62,1456
309,1,5,13,12,14,321,TRAINING,2,11,0,3,30621754,f3ab7e62,1537
309,1,5,13,12,14,322,TRAINING,5,6,1,6,30126754,f37bae62,1337
309,1,5,13,12,14,323,TRAINING,0,3,1,1,30426751,f32bae67,1459
309,1,5,13,12,14,324,TRAINING,4,2,0,2,10426753,732bae6f,1351
309,1,5,13,12,14,325,TRAINING,6,10,1,4,30426751,f32bae67,1521
309,1,5,13,12,14,326,TRAINING,3,15,1,0,30416752,f327ae6b,1570
309,1,5,13,12,14,327,TRAINING,7,14,0,6,30416572,f327a6eb,1329
309,1,5,13,12,14,328,TRAINING,3,15,1,0,34016572,f237a6eb,1776
309,1,5,13,12,14,329,TEST,4,2,0,1,false,1740
309,1,5,13,12,14,330,TEST,1,7,0,1,false,956
309,1,5,13,12,14,331,TEST,7,14,0,0,true,505
309,1,5,13,12,14,332,TEST,5,6,1,0,false,592
309,1,5,13,12,14,333,TEST,2,11,0,1,false,420
309,1,5,13,12,14,334,TEST,6,10,1,1,true,785
309,1,5,13,12,14,335,TEST,3,15,1,1,true,836
309,1,5,13,12,14,336,TEST,0,3,1,0,false,529
309,1,5,13,12,15,337,TRAINING,1,7,0,4,75401362,e6237fab,1365
309,1,5,13,12,15,338,TRAINING,2,11,0,7,75601342,e6a37f2b,1487
309,1,5,13,12,15,339,TRAINING,3,15,1,5,05671342,36ae7f2b,1448
309,1,5,13,12,15,340,TRAINING,4,2,0,6,01675342,37ae6f2b,1608
309,1,5,13,12,15,341,TRAINING,6,10,1,2,51670342,67ae3f2b,1392
309,1,5,13,12,15,342,TRAINING,5,6,1,0,51673042,67aef32b,1575
309,1,5,13,12,15,343,TRAINING,6,10,1,2,51623047,67abf32e,1287
309,1,5,13,12,15,344,TRAINING,4,2,0,6,52613047,6ba7f32e,1347
309,1,5,13,12,15,345,TRAINING,1,7,0,3,57613042,6ea7f32b,1385
309,1,5,13,12,15,346,TRAINING,7,14,0,1,57613240,6ea7fb23,1418
309,1,5,13,12,15,347,TRAINING,7,14,0,1,57013246,6e37fb2a,1255
309,1,5,13,12,15,348,TRAINING,0,3,1,2,37015246,fe376b2a,1392
309,1,5,13,12,15,349,TRAINING,2,11,0,3,37025146,fe3b672a,1346
309,1,5,13,12,15,350,TRAINING,3,15,1,1,73025146,ef3b672a,1230
309,1,5,13,12,15,351,TRAINING,0,3,1,2,73025641,ef3b6a27,1384
309,1,5,13,12,15,352,TRAINING,5,6,1,4,73015642,ef376a2b,1919
309,1,5,13,12,15,353,TEST,3,15,1,0,false,7091
309,1,5,13,12,15,354,TEST,6,10,1,0,false,577
309,1,5,13,12,15,355,TEST,4,2,0,1,false,1003
309,1,5,13,12,15,356,TEST,0,3,1,1,true,524
309,1,5,13,12,15,357,TEST,7,14,0,1,false,384
309,1,5,13,12,15,358,TEST,2,11,0,0,true,386
309,1,5,13,12,15,359,TEST,1,7,0,1,false,659
309,1,5,13,12,15,360,TEST,5,6,1,1,true,1122
309,1,5,13,12,INSTRUCT,postquestionnaire,12

rulestrategy:I tried to group them first by color and then by border color and then by line.
howtoimprove:no
engagement:8
difficulty:7
physicalaids:no