310,1,5,19,7,INSTRUCT,instruct1,17082
310,1,5,19,7,INSTRUCT,instructCatExample,13229
310,1,5,19,7,INSTRUCT,instructCatColor,7379
310,1,5,19,7,INSTRUCT,instructCatStripe,14570
310,1,5,19,7,INSTRUCT,instructDemoIntro,40997
310,1,5,19,7,INSTRUCT,instructDemo,127187
310,1,5,19,7,INSTRUCT,instructTest,36333
310,1,5,19,7,INSTRUCT,instructTest2,46737
310,1,5,19,7,INSTRUCT,instructDimColor,26176
310,1,5,19,7,INSTRUCT,instructDimBorder,6584
310,1,5,19,7,INSTRUCT,instructDimDots,7238
310,1,5,19,7,INSTRUCT,instructDimStripe,8065
310,1,5,19,7,INSTRUCT,instructDimAll,15804
310,1,5,19,7,INSTRUCT,instructFinal,16240
310,1,5,19,7,INSTRUCT,instructFinal2,84801
310,1,5,19,7,1,1,TRAINING,7,0,0,0,73542601,02453176,6177
310,1,5,19,7,1,2,TRAINING,7,0,0,0,73524601,02435176,3166
310,1,5,19,7,1,3,TRAINING,0,7,1,2,73024651,02735146,6676
310,1,5,19,7,1,4,TRAINING,5,4,1,6,71024653,06735142,4118
310,1,5,19,7,1,5,TRAINING,2,3,0,3,17024653,60735142,3261
310,1,5,19,7,1,6,TRAINING,1,6,0,0,17324650,60235147,3510
310,1,5,19,7,1,7,TRAINING,4,5,0,2,17423650,60532147,3651
310,1,5,19,7,1,8,TRAINING,5,4,1,6,17426350,60531247,3151
310,1,5,19,7,1,9,TRAINING,2,3,0,4,17462350,60513247,3947
310,1,5,19,7,1,10,TRAINING,3,2,1,2,17362450,60213547,3292
310,1,5,19,7,1,11,TRAINING,3,2,1,2,10362457,67213540,3588
310,1,5,19,7,1,12,TRAINING,6,1,1,3,20361457,37216540,3463
310,1,5,19,7,1,13,TRAINING,6,1,1,3,50361427,47216530,2698
310,1,5,19,7,1,14,TRAINING,1,6,0,4,40361527,57216430,4586
310,1,5,19,7,1,15,TRAINING,4,5,0,1,04361527,75216430,2278
310,1,5,19,7,1,16,TRAINING,0,7,1,5,54361027,45216730,2153
310,1,5,19,7,1,17,TEST,4,5,0,1,false,4493
310,1,5,19,7,1,18,TEST,7,0,0,0,true,4929
310,1,5,19,7,1,19,TEST,5,4,1,0,false,5523
310,1,5,19,7,1,20,TEST,1,6,0,1,false,3011
310,1,5,19,7,1,21,TEST,6,1,1,0,false,1997
310,1,5,19,7,1,22,TEST,0,7,1,1,true,1778
310,1,5,19,7,1,23,TEST,2,3,0,1,false,1232
310,1,5,19,7,1,24,TEST,3,2,1,0,false,1451
310,1,5,19,7,2,25,TRAINING,6,1,1,6,54702361,45073216,3135
310,1,5,19,7,2,26,TRAINING,6,1,1,6,54720361,45037216,2699
310,1,5,19,7,2,27,TRAINING,5,4,1,0,51720364,46037215,3261
310,1,5,19,7,2,28,TRAINING,7,0,0,5,51320764,46237015,4290
310,1,5,19,7,2,29,TRAINING,2,3,0,3,53120764,42637015,3308
310,1,5,19,7,2,30,TRAINING,5,4,1,0,53126704,42631075,4727
310,1,5,19,7,2,31,TRAINING,4,5,0,2,53426701,42531076,12636
310,1,5,19,7,2,32,TRAINING,1,6,0,7,53427601,42530176,2496
310,1,5,19,7,2,33,TRAINING,1,6,0,7,35427601,24530176,2652
310,1,5,19,7,2,34,TRAINING,0,7,1,6,53427601,42530176,2637
310,1,5,19,7,2,35,TRAINING,4,5,0,2,56427301,41530276,10736
310,1,5,19,7,2,36,TRAINING,7,0,0,7,56421307,41536270,2293
310,1,5,19,7,2,37,TRAINING,3,2,1,4,56423107,41532670,2668
310,1,5,19,7,2,38,TRAINING,0,7,1,3,56403127,41572630,3260
310,1,5,19,7,2,39,TRAINING,2,3,0,0,26403157,31572640,9189
310,1,5,19,7,2,40,TRAINING,3,2,1,4,21403657,36572140,2371
310,1,5,19,7,2,41,TEST,4,5,0,1,false,2449
310,1,5,19,7,2,42,TEST,7,0,0,0,true,1373
310,1,5,19,7,2,43,TEST,5,4,1,0,false,1841
310,1,5,19,7,2,44,TEST,0,7,1,1,true,3682
310,1,5,19,7,2,45,TEST,1,6,0,0,true,1077
310,1,5,19,7,2,46,TEST,2,3,0,0,true,1263
310,1,5,19,7,2,47,TEST,3,2,1,1,true,874
310,1,5,19,7,2,48,TEST,6,1,1,1,true,110
310,1,5,19,7,3,49,TRAINING,3,2,1,4,21543607,36452170,1467
310,1,5,19,7,3,50,TRAINING,3,2,1,4,21543706,36452071,1747
310,1,5,19,7,3,51,TRAINING,4,5,0,3,26543701,31452076,2247
310,1,5,19,7,3,52,TRAINING,0,7,1,6,26743501,31052476,2511
310,1,5,19,7,3,53,TRAINING,1,6,0,7,62743501,13052476,2262
310,1,5,19,7,3,54,TRAINING,0,7,1,6,64723501,15032476,1997
310,1,5,19,7,3,55,TRAINING,7,0,0,4,64327501,15230476,3042
310,1,5,19,7,3,56,TRAINING,7,0,0,4,64237501,15320476,2028
310,1,5,19,7,3,57,TRAINING,2,3,0,5,64537201,15420376,1529
310,1,5,19,7,3,58,TRAINING,5,4,1,2,34567201,25410376,5211
310,1,5,19,7,3,59,TRAINING,5,4,1,2,31567204,26410375,1529
310,1,5,19,7,3,60,TRAINING,4,5,0,7,30567214,27410365,1810
310,1,5,19,7,3,61,TRAINING,6,1,1,3,03567214,72410365,3245
310,1,5,19,7,3,62,TRAINING,1,6,0,0,13567204,62410375,2777
310,1,5,19,7,3,63,TRAINING,6,1,1,3,13562704,62413075,2262
310,1,5,19,7,3,64,TRAINING,2,3,0,4,13562740,62413057,2028
310,1,5,19,7,3,65,TEST,4,5,0,0,true,1498
310,1,5,19,7,3,66,TEST,0,7,1,0,false,2169
310,1,5,19,7,3,67,TEST,3,2,1,1,true,655
310,1,5,19,7,3,68,TEST,1,6,0,0,true,1170
310,1,5,19,7,3,69,TEST,2,3,0,1,false,718
310,1,5,19,7,3,70,TEST,6,1,1,1,true,1029
310,1,5,19,7,3,71,TEST,5,4,1,1,true,1607
310,1,5,19,7,3,72,TEST,7,0,0,0,true,920
310,1,5,19,7,4,73,TRAINING,6,1,1,7,04273156,75302641,1716
310,1,5,19,7,4,74,TRAINING,6,1,1,7,01273456,76302541,1638
310,1,5,19,7,4,75,TRAINING,2,3,0,2,01253476,76342501,2496
310,1,5,19,7,4,76,TRAINING,3,2,1,4,71253406,06342571,1996
310,1,5,19,7,4,77,TRAINING,7,0,0,1,17253406,60342571,1918
310,1,5,19,7,4,78,TRAINING,0,7,1,6,17453206,60542371,2074
310,1,5,19,7,4,79,TRAINING,0,7,1,6,17463205,60512374,1731
310,1,5,19,7,4,80,TRAINING,1,6,0,4,37461205,20516374,1997
310,1,5,19,7,4,81,TRAINING,3,2,1,7,57461203,40516372,2528
310,1,5,19,7,4,82,TRAINING,4,5,0,0,47561203,50416372,2184
310,1,5,19,7,4,83,TRAINING,5,4,1,2,40561273,57416302,2855
310,1,5,19,7,4,84,TRAINING,1,6,0,7,40563271,57412306,1903
310,1,5,19,7,4,85,TRAINING,7,0,0,0,70563241,07412356,1950
310,1,5,19,7,4,86,TRAINING,5,4,1,2,70523641,07432156,1950
310,1,5,19,7,4,87,TRAINING,2,3,0,4,70532641,07423156,2028
310,1,5,19,7,4,88,TRAINING,4,5,0,6,70532146,07423651,1934
310,1,5,19,7,4,89,TEST,3,2,1,0,false,1513
310,1,5,19,7,4,90,TEST,7,0,0,0,true,1061
310,1,5,19,7,4,91,TEST,5,4,1,1,true,765
310,1,5,19,7,4,92,TEST,4,5,0,1,false,1528
310,1,5,19,7,4,93,TEST,1,6,0,1,false,3526
310,1,5,19,7,4,94,TEST,6,1,1,0,false,624
310,1,5,19,7,4,95,TEST,0,7,1,0,false,624
310,1,5,19,7,4,96,TEST,2,3,0,1,false,702
310,1,5,19,7,5,97,TRAINING,7,0,0,7,05134627,74625130,2558
310,1,5,19,7,5,98,TRAINING,4,5,0,4,05314627,74265130,2902
310,1,5,19,7,5,99,TRAINING,2,3,0,1,02314657,73265140,2153
310,1,5,19,7,5,100,TRAINING,1,6,0,3,02614357,73165240,8221
310,1,5,19,7,5,101,TRAINING,5,4,1,6,62014357,13765240,4056
310,1,5,19,7,5,102,TRAINING,3,2,1,1,63014257,12765340,5397
310,1,5,19,7,5,103,TRAINING,0,7,1,2,13064257,62715340,2745
310,1,5,19,7,5,104,TRAINING,2,3,0,5,13054267,62745310,2512
310,1,5,19,7,5,105,TRAINING,6,1,1,6,43051267,52746310,3791
310,1,5,19,7,5,106,TRAINING,6,1,1,6,53041267,42756310,2699
310,1,5,19,7,5,107,TRAINING,1,6,0,4,52041367,43756210,2371
310,1,5,19,7,5,108,TRAINING,3,2,1,7,52041763,43756012,2464
310,1,5,19,7,5,109,TRAINING,4,5,0,0,42051763,53746012,4196
310,1,5,19,7,5,110,TRAINING,7,0,0,5,42061753,53716042,6256
310,1,5,19,7,5,111,TRAINING,0,7,1,2,43061752,52716043,6895
310,1,5,19,7,5,112,TRAINING,5,4,1,6,41063752,56712043,7192
310,1,5,19,7,5,113,TEST,5,4,1,1,true,2184
310,1,5,19,7,5,114,TEST,4,5,0,0,true,1700
310,1,5,19,7,5,115,TEST,3,2,1,0,false,2980
310,1,5,19,7,5,116,TEST,6,1,1,1,true,1076
310,1,5,19,7,5,117,TEST,0,7,1,1,true,1310
310,1,5,19,7,5,118,TEST,1,6,0,0,true,1560
310,1,5,19,7,5,119,TEST,7,0,0,0,true,1232
310,1,5,19,7,5,120,TEST,2,3,0,1,false,1170
310,1,5,19,7,6,121,TRAINING,1,6,0,6,65043712,14752063,4914
310,1,5,19,7,6,122,TRAINING,7,0,0,5,64053712,15742063,3073
310,1,5,19,7,6,123,TRAINING,2,3,0,0,24053716,35742061,5772
310,1,5,19,7,6,124,TRAINING,5,4,1,3,24053761,35742016,6240
310,1,5,19,7,6,125,TRAINING,6,1,1,2,24653701,35142076,2106
310,1,5,19,7,6,126,TRAINING,3,2,1,7,24651703,35146072,3369
310,1,5,19,7,6,127,TRAINING,0,7,1,6,54621703,45136072,8814
310,1,5,19,7,6,128,TRAINING,4,5,0,1,24651703,35146072,2542
310,1,5,19,7,6,129,TRAINING,6,1,1,2,24671503,35106472,11091
310,1,5,19,7,6,130,TRAINING,5,4,1,5,24671530,35106427,11825
310,1,5,19,7,6,131,TRAINING,2,3,0,0,20671534,37106425,6428
310,1,5,19,7,6,132,TRAINING,0,7,1,7,24671530,35106427,2886
310,1,5,19,7,6,133,TRAINING,3,2,1,6,24176530,35601427,15366
310,1,5,19,7,6,134,TRAINING,7,0,0,3,21476530,36501427,2357
310,1,5,19,7,6,135,TRAINING,4,5,0,2,51476230,46501327,3713
310,1,5,19,7,6,136,TRAINING,1,6,0,1,21476530,36501427,10530
310,1,5,19,7,6,137,TEST,3,2,1,1,true,1263
310,1,5,19,7,6,138,TEST,1,6,0,0,true,4150
310,1,5,19,7,6,139,TEST,5,4,1,1,true,1186
310,1,5,19,7,6,140,TEST,6,1,1,0,false,1154
310,1,5,19,7,6,141,TEST,2,3,0,1,false,2964
310,1,5,19,7,6,142,TEST,7,0,0,0,true,1045
310,1,5,19,7,6,143,TEST,0,7,1,1,true,2371
310,1,5,19,7,6,144,TEST,4,5,0,0,true,1466
310,1,5,19,7,7,145,TRAINING,6,1,1,7,01725436,76034521,5382
310,1,5,19,7,7,146,TRAINING,2,3,0,3,31725406,26034571,1919
310,1,5,19,7,7,147,TRAINING,1,6,0,2,37125406,20634571,3915
310,1,5,19,7,7,148,TRAINING,7,0,0,5,34125706,25634071,2776
310,1,5,19,7,7,149,TRAINING,7,0,0,5,64125703,15634072,1903
310,1,5,19,7,7,150,TRAINING,0,7,1,6,64152703,15643072,2059
310,1,5,19,7,7,151,TRAINING,5,4,1,3,46152703,51643072,10359
310,1,5,19,7,7,152,TRAINING,3,2,1,1,43152706,52643071,3838
310,1,5,19,7,7,153,TRAINING,1,6,0,2,03152746,72643051,3822
310,1,5,19,7,7,154,TRAINING,4,5,0,6,53102746,42673051,2746
310,1,5,19,7,7,155,TRAINING,6,1,1,7,35102746,24673051,3307
310,1,5,19,7,7,156,TRAINING,4,5,0,6,53102746,42673051,2247
310,1,5,19,7,7,157,TRAINING,3,2,1,0,35102746,24673051,2044
310,1,5,19,7,7,158,TRAINING,5,4,1,1,35107246,24670351,2168
310,1,5,19,7,7,159,TRAINING,2,3,0,5,35104276,24675301,1669
310,1,5,19,7,7,160,TRAINING,0,7,1,7,35164270,24615307,1809
310,1,5,19,7,7,161,TEST,5,4,1,1,true,5320
310,1,5,19,7,7,162,TEST,3,2,1,1,true,2933
310,1,5,19,7,7,163,TEST,4,5,0,0,true,4010
310,1,5,19,7,7,164,TEST,7,0,0,0,true,1482
310,1,5,19,7,7,165,TEST,2,3,0,0,true,1950
310,1,5,19,7,7,166,TEST,6,1,1,1,true,1186
310,1,5,19,7,7,167,TEST,0,7,1,1,true,1092
310,1,5,19,7,7,168,TEST,1,6,0,0,true,4493
310,1,5,19,7,8,169,TRAINING,1,6,0,7,37465021,20514736,1794
310,1,5,19,7,8,170,TRAINING,7,0,0,1,07465321,70514236,15038
310,1,5,19,7,8,171,TRAINING,0,7,1,6,27465301,30514276,9750
310,1,5,19,7,8,172,TRAINING,5,4,1,4,17465302,60514273,2044
310,1,5,19,7,8,173,TRAINING,5,4,1,4,17425306,60534271,2465
310,1,5,19,7,8,174,TRAINING,2,3,0,3,13425706,62534071,2824
310,1,5,19,7,8,175,TRAINING,0,7,1,2,13025746,62734051,14976
310,1,5,19,7,8,176,TRAINING,3,2,1,5,17025346,60734251,2418
310,1,5,19,7,8,177,TRAINING,6,1,1,7,57021346,40736251,2652
310,1,5,19,7,8,178,TRAINING,7,0,0,0,75021346,04736251,4524
310,1,5,19,7,8,179,TRAINING,2,3,0,3,75321046,04236751,5039
310,1,5,19,7,8,180,TRAINING,4,5,0,6,73521046,02436751,1997
310,1,5,19,7,8,181,TRAINING,1,6,0,4,73621045,02136754,18673
310,1,5,19,7,8,182,TRAINING,6,1,1,2,72631045,03126754,2918
310,1,5,19,7,8,183,TRAINING,3,2,1,3,42631075,53126704,2059
310,1,5,19,7,8,184,TRAINING,4,5,0,6,72631045,03126754,1701
310,1,5,19,7,8,185,TEST,6,1,1,0,false,2762
310,1,5,19,7,8,186,TEST,3,2,1,1,true,2216
310,1,5,19,7,8,187,TEST,4,5,0,1,false,6350
310,1,5,19,7,8,188,TEST,1,6,0,0,true,3713
310,1,5,19,7,8,189,TEST,5,4,1,1,true,1591
310,1,5,19,7,8,190,TEST,7,0,0,0,true,3011
310,1,5,19,7,8,191,TEST,0,7,1,1,true,2277
310,1,5,19,7,8,192,TEST,2,3,0,0,true,1950
310,1,5,19,7,9,193,TRAINING,7,0,0,0,74251036,05346721,5881
310,1,5,19,7,9,194,TRAINING,5,4,1,3,76251034,01346725,7503
310,1,5,19,7,9,195,TRAINING,7,0,0,0,76251430,01346527,6225
310,1,5,19,7,9,196,TRAINING,1,6,0,7,76250431,01347526,2246
310,1,5,19,7,9,197,TRAINING,0,7,1,4,76250341,01347256,10155
310,1,5,19,7,9,198,TRAINING,6,1,1,1,36250741,21347056,2402
310,1,5,19,7,9,199,TRAINING,2,3,0,5,36750241,21047356,1825
310,1,5,19,7,9,200,TRAINING,3,2,1,0,36740251,21057346,9188
310,1,5,19,7,9,201,TRAINING,3,2,1,0,30746251,27051346,1919
310,1,5,19,7,9,202,TRAINING,2,3,0,5,36740251,21057346,2449
310,1,5,19,7,9,203,TRAINING,6,1,1,1,36741250,21056347,2308
310,1,5,19,7,9,204,TRAINING,4,5,0,3,36741205,21056374,2340
310,1,5,19,7,9,205,TRAINING,1,6,0,6,36740215,21057364,9984
310,1,5,19,7,9,206,TRAINING,5,4,1,7,36742015,21053764,1919
310,1,5,19,7,9,207,TRAINING,0,7,1,5,34762015,25013764,1825
310,1,5,19,7,9,208,TRAINING,4,5,0,1,64732015,15023764,1904
310,1,5,19,7,9,209,TEST,0,7,1,1,true,2933
310,1,5,19,7,9,210,TEST,1,6,0,0,true,10779
310,1,5,19,7,9,211,TEST,4,5,0,0,true,4259
310,1,5,19,7,9,212,TEST,6,1,1,1,true,2386
310,1,5,19,7,9,213,TEST,2,3,0,0,true,1779
310,1,5,19,7,9,214,TEST,3,2,1,1,true,2528
310,1,5,19,7,9,215,TEST,7,0,0,0,true,1326
310,1,5,19,7,9,216,TEST,5,4,1,1,true,2340
310,1,5,19,7,10,217,TRAINING,2,3,0,2,17265403,60314572,5303
310,1,5,19,7,10,218,TRAINING,4,5,0,7,17265304,60314275,10234
310,1,5,19,7,10,219,TRAINING,6,1,1,3,17263504,60312475,8829
310,1,5,19,7,10,220,TRAINING,1,6,0,0,17563204,60412375,2215
310,1,5,19,7,10,221,TRAINING,7,0,0,7,14563207,65412370,9173
310,1,5,19,7,10,222,TRAINING,0,7,1,6,14562307,65413270,3448
310,1,5,19,7,10,223,TRAINING,5,4,1,1,15462307,64513270,1903
310,1,5,19,7,10,224,TRAINING,3,2,1,0,35462107,24513670,1950
310,1,5,19,7,10,225,TRAINING,6,1,1,3,35462017,24513760,2465
310,1,5,19,7,10,226,TRAINING,7,0,0,7,35162047,24613750,1810
310,1,5,19,7,10,227,TRAINING,5,4,1,1,35462017,24513760,2403
310,1,5,19,7,10,228,TRAINING,4,5,0,2,35462107,24513670,1856
310,1,5,19,7,10,229,TRAINING,2,3,0,0,25463107,34512670,3214
310,1,5,19,7,10,230,TRAINING,1,6,0,3,25413607,34562170,2059
310,1,5,19,7,10,231,TRAINING,3,2,1,7,25417603,34560172,2464
310,1,5,19,7,10,232,TRAINING,0,7,1,2,25017643,34760152,1794
310,1,5,19,7,10,233,TEST,5,4,1,1,true,5319
310,1,5,19,7,10,234,TEST,6,1,1,1,true,2714
310,1,5,19,7,10,235,TEST,0,7,1,1,true,3291
310,1,5,19,7,10,236,TEST,2,3,0,0,true,2044
310,1,5,19,7,10,237,TEST,3,2,1,1,true,2730
310,1,5,19,7,10,238,TEST,1,6,0,0,true,1592
310,1,5,19,7,10,239,TEST,7,0,0,0,true,2247
310,1,5,19,7,10,240,TEST,4,5,0,0,true,2184
310,1,5,19,7,INSTRUCT,postquestionnaire,0

rulestrategy:i just memorized what squares were what letter.
howtoimprove:none.
engagement:7
difficulty:10
physicalaids:no