311,1,5,16,8,INSTRUCT,instruct1,33326
311,1,5,16,8,INSTRUCT,instructCatExample,16272
311,1,5,16,8,INSTRUCT,instructCatColor,4180
311,1,5,16,8,INSTRUCT,instructCatStripe,2499
311,1,5,16,8,INSTRUCT,instructDemoIntro,46325
311,1,5,16,8,INSTRUCT,instructDemo,120620
311,1,5,16,8,INSTRUCT,instructTest,31816
311,1,5,16,8,INSTRUCT,instructTest2,19104
311,1,5,16,8,INSTRUCT,instructDimColor,13702
311,1,5,16,8,INSTRUCT,instructDimBorder,4908
311,1,5,16,8,INSTRUCT,instructDimDots,5448
311,1,5,16,8,INSTRUCT,instructDimStripe,2552
311,1,5,16,8,INSTRUCT,instructDimAll,6595
311,1,5,16,8,INSTRUCT,instructFinal,10035
311,1,5,16,8,INSTRUCT,instructFinal2,3919
311,1,5,16,8,1,1,TRAINING,7,15,0,0,75240613,fb53179d,14211
311,1,5,16,8,1,2,TRAINING,6,7,1,5,75240631,fb5317d9,3143
311,1,5,16,8,1,3,TRAINING,1,9,0,4,75241630,fb5397d1,3357
311,1,5,16,8,1,4,TRAINING,3,13,1,3,75231640,fb5d9731,3570
311,1,5,16,8,1,5,TRAINING,2,5,0,2,75231046,fb5d9137,3302
311,1,5,16,8,1,6,TRAINING,6,7,1,7,74231056,f35d91b7,7905
311,1,5,16,8,1,7,TRAINING,5,11,1,4,74235016,f35db197,6176
311,1,5,16,8,1,8,TRAINING,0,1,1,5,74325016,f3d5b197,5639
311,1,5,16,8,1,9,TRAINING,2,5,0,3,14325076,93d5b1f7,2712
311,1,5,16,8,1,10,TRAINING,7,15,0,1,17325046,9fd5b137,2974
311,1,5,16,8,1,11,TRAINING,5,11,1,4,17625043,9f75b13d,2149
311,1,5,16,8,1,12,TRAINING,4,3,0,6,37625041,df75b139,1924
311,1,5,16,8,1,13,TRAINING,0,1,1,5,27635041,5f7db139,3737
311,1,5,16,8,1,14,TRAINING,4,3,0,6,23675041,5d7fb139,2114
311,1,5,16,8,1,15,TRAINING,1,9,0,7,27635041,5f7db139,5006
311,1,5,16,8,1,16,TRAINING,3,13,1,5,27605341,5f71bd39,1710
311,1,5,16,8,1,17,TEST,0,1,1,0,false,2916
311,1,5,16,8,1,18,TEST,2,5,0,0,true,2629
311,1,5,16,8,1,19,TEST,4,3,0,1,false,1014
311,1,5,16,8,1,20,TEST,1,9,0,1,false,1328
311,1,5,16,8,1,21,TEST,7,15,0,0,true,511
311,1,5,16,8,1,22,TEST,3,13,1,0,false,624
311,1,5,16,8,1,23,TEST,6,7,1,0,false,439
311,1,5,16,8,1,24,TEST,5,11,1,1,true,478
311,1,5,16,8,2,25,TRAINING,5,11,1,4,64315702,73d9bf15,16232
311,1,5,16,8,2,26,TRAINING,4,3,0,1,04315762,13d9bf75,14190
311,1,5,16,8,2,27,TRAINING,0,1,1,7,24315760,53d9bf71,5608
311,1,5,16,8,2,28,TRAINING,2,5,0,0,24615730,5379bfd1,2446
311,1,5,16,8,2,29,TRAINING,3,13,1,1,23615740,5d79bf31,3097
311,1,5,16,8,2,30,TRAINING,5,11,1,4,23605741,5d71bf39,2143
311,1,5,16,8,2,31,TRAINING,0,1,1,3,23605471,5d71b3f9,1761
311,1,5,16,8,2,32,TRAINING,3,13,1,1,23605741,5d71bf39,5354
311,1,5,16,8,2,33,TRAINING,7,15,0,5,23506741,5db17f39,3580
311,1,5,16,8,2,34,TRAINING,6,7,1,3,23560741,5db71f39,2492
311,1,5,16,8,2,35,TRAINING,1,9,0,7,53260741,bd571f39,3426
311,1,5,16,8,2,36,TRAINING,1,9,0,7,54260731,b3571fd9,96347
311,1,5,16,8,2,37,TRAINING,6,7,1,3,53260741,bd571f39,3759
311,1,5,16,8,2,38,TRAINING,4,3,0,2,53460721,bd371f59,2207
311,1,5,16,8,2,39,TRAINING,7,15,0,5,03465721,1d37bf59,2375
311,1,5,16,8,2,40,TRAINING,2,5,0,6,53460721,bd371f59,18023
311,1,5,16,8,2,41,TEST,7,15,0,0,true,16724
311,1,5,16,8,2,42,TEST,0,1,1,1,true,5133
311,1,5,16,8,2,43,TEST,5,11,1,0,false,3023
311,1,5,16,8,2,44,TEST,2,5,0,1,false,4631
311,1,5,16,8,2,45,TEST,3,13,1,1,true,6526
311,1,5,16,8,2,46,TEST,6,7,1,0,false,622
311,1,5,16,8,2,47,TEST,4,3,0,1,false,558
311,1,5,16,8,2,48,TEST,1,9,0,1,false,472
311,1,5,16,8,3,49,TRAINING,3,13,1,1,13074625,9d1f375b,27103
311,1,5,16,8,3,50,TRAINING,7,15,0,6,13024675,9d1537fb,5253
311,1,5,16,8,3,51,TRAINING,7,15,0,6,13204675,9d5137fb,3807
311,1,5,16,8,3,52,TRAINING,1,9,0,5,63204175,7d5139fb,5648
311,1,5,16,8,3,53,TRAINING,3,13,1,1,43206175,3d5179fb,8792
311,1,5,16,8,3,54,TRAINING,5,11,1,7,43026175,3d1579fb,6263
311,1,5,16,8,3,55,TRAINING,2,5,0,5,43016275,3d1975fb,4550
311,1,5,16,8,3,56,TRAINING,5,11,1,7,73016245,fd19753b,3566
311,1,5,16,8,3,57,TRAINING,0,1,1,2,71036245,f91d753b,8671
311,1,5,16,8,3,58,TRAINING,6,7,1,4,74036215,f31d759b,12080
311,1,5,16,8,3,59,TRAINING,4,3,0,3,73046215,fd13759b,19062
311,1,5,16,8,3,60,TRAINING,2,5,0,5,75046213,fb13759d,4480
311,1,5,16,8,3,61,TRAINING,6,7,1,4,75146203,fb93751d,4182
311,1,5,16,8,3,62,TRAINING,1,9,0,2,75136204,fb9d7513,4600
311,1,5,16,8,3,63,TRAINING,0,1,1,3,75106234,fb9175d3,2671
311,1,5,16,8,3,64,TRAINING,4,3,0,7,72106534,f5917bd3,3887
311,1,5,16,8,3,65,TEST,1,9,0,0,true,4724
311,1,5,16,8,3,66,TEST,5,11,1,1,true,3934
311,1,5,16,8,3,67,TEST,3,13,1,1,true,7660
311,1,5,16,8,3,68,TEST,4,3,0,0,true,4846
311,1,5,16,8,3,69,TEST,7,15,0,1,false,2107
311,1,5,16,8,3,70,TEST,6,7,1,1,true,7482
311,1,5,16,8,3,71,TEST,2,5,0,0,true,3096
311,1,5,16,8,3,72,TEST,0,1,1,1,true,1609
311,1,5,16,8,4,73,TRAINING,1,9,0,0,14706325,93f17d5b,51879
311,1,5,16,8,4,74,TRAINING,0,1,1,3,15706324,9bf17d53,2431
311,1,5,16,8,4,75,TRAINING,6,7,1,4,15306724,9bd17f53,3840
311,1,5,16,8,4,76,TRAINING,7,15,0,7,15306427,9bd1735f,3799
311,1,5,16,8,4,77,TRAINING,6,7,1,4,15306247,9bd1753f,3904
311,1,5,16,8,4,78,TRAINING,1,9,0,0,15206347,9b517d3f,3744
311,1,5,16,8,4,79,TRAINING,4,3,0,6,15706342,9bf17d35,2960
311,1,5,16,8,4,80,TRAINING,5,11,1,7,12706345,95f17d3b,7955
311,1,5,16,8,4,81,TRAINING,3,13,1,5,12760345,95f71d3b,3971
311,1,5,16,8,4,82,TRAINING,5,11,1,7,14760325,93f71d5b,2066
311,1,5,16,8,4,83,TRAINING,2,5,0,6,10764325,91f73d5b,4527
311,1,5,16,8,4,84,TRAINING,2,5,0,6,30764125,d1f7395b,5367
311,1,5,16,8,4,85,TRAINING,0,1,1,1,30764521,d1f73b59,3159
311,1,5,16,8,4,86,TRAINING,7,15,0,2,10764523,91f73b5d,2152
311,1,5,16,8,4,87,TRAINING,4,3,0,0,40761523,31f79b5d,1848
311,1,5,16,8,4,88,TRAINING,3,13,1,4,40763521,31f7db59,3456
311,1,5,16,8,4,89,TEST,6,7,1,1,true,4148
311,1,5,16,8,4,90,TEST,2,5,0,0,true,2752
311,1,5,16,8,4,91,TEST,3,13,1,1,true,4551
311,1,5,16,8,4,92,TEST,7,15,0,0,true,3270
311,1,5,16,8,4,93,TEST,5,11,1,1,true,2407
311,1,5,16,8,4,94,TEST,0,1,1,1,true,2905
311,1,5,16,8,4,95,TEST,1,9,0,0,true,7094
311,1,5,16,8,4,96,TEST,4,3,0,0,true,3987
311,1,5,16,8,5,97,TRAINING,0,1,1,1,20357416,51dbf397,4311
311,1,5,16,8,5,98,TRAINING,6,7,1,3,20367415,51d7f39b,2713
311,1,5,16,8,5,99,TRAINING,2,5,0,7,50367412,b1d7f395,3929
311,1,5,16,8,5,100,TRAINING,1,9,0,1,51367402,b9d7f315,3256
311,1,5,16,8,5,101,TRAINING,5,11,1,3,61357402,79dbf315,3808
311,1,5,16,8,5,102,TRAINING,1,9,0,1,61753402,79fbd315,2095
311,1,5,16,8,5,103,TRAINING,2,5,0,7,61753042,79fbd135,1370
311,1,5,16,8,5,104,TRAINING,7,15,0,2,61754032,79fb31d5,1599
311,1,5,16,8,5,105,TRAINING,0,1,1,5,61734052,79fd31b5,1501
311,1,5,16,8,5,106,TRAINING,4,3,0,3,61743052,79f3d1b5,1736
311,1,5,16,8,5,107,TRAINING,4,3,0,3,51743062,b9f3d175,3204
311,1,5,16,8,5,108,TRAINING,7,15,0,2,51743260,b9f3d571,4112
311,1,5,16,8,5,109,TRAINING,5,11,1,0,50743261,b1f3d579,5666
311,1,5,16,8,5,110,TRAINING,6,7,1,6,53740261,bdf31579,18189
311,1,5,16,8,5,111,TRAINING,3,13,1,1,53704261,bdf13579,4359
311,1,5,16,8,5,112,TRAINING,3,13,1,1,53204761,bd513f79,1248
311,1,5,16,8,5,113,TEST,1,9,0,0,true,3004
311,1,5,16,8,5,114,TEST,7,15,0,0,true,2374
311,1,5,16,8,5,115,TEST,2,5,0,0,true,5014
311,1,5,16,8,5,116,TEST,3,13,1,1,true,4110
311,1,5,16,8,5,117,TEST,6,7,1,1,true,4118
311,1,5,16,8,5,118,TEST,0,1,1,1,true,2463
311,1,5,16,8,5,119,TEST,5,11,1,1,true,3575
311,1,5,16,8,5,120,TEST,4,3,0,0,true,2168
311,1,5,16,8,INSTRUCT,postquestionnaire,3

rulestrategy:Plain green is the basis, so count it as 1 and start at A. Change one element, be it color, texture, or slash, it changes to B. Change two elements, back to A. Four elements, B again. 
howtoimprove:
engagement:9
difficulty:6
physicalaids:no