312,1,5,21,8,INSTRUCT,instruct1,10687
312,1,5,21,8,INSTRUCT,instructCatExample,5130
312,1,5,21,8,INSTRUCT,instructCatColor,3477
312,1,5,21,8,INSTRUCT,instructCatStripe,3567
312,1,5,21,8,INSTRUCT,instructDemoIntro,2760
312,1,5,21,8,INSTRUCT,instructDemo,64203
312,1,5,21,8,INSTRUCT,instructTest,7344
312,1,5,21,8,INSTRUCT,instructTest2,6159
312,1,5,21,8,INSTRUCT,instructDimColor,4951
312,1,5,21,8,INSTRUCT,instructDimBorder,1652
312,1,5,21,8,INSTRUCT,instructDimDots,1034
312,1,5,21,8,INSTRUCT,instructDimStripe,2661
312,1,5,21,8,INSTRUCT,instructDimAll,2263
312,1,5,21,8,INSTRUCT,instructFinal,2252
312,1,5,21,8,INSTRUCT,instructFinal2,2638
312,1,5,21,8,1,1,TRAINING,7,15,0,2,51740263,73f62aeb,5400
312,1,5,21,8,1,2,TRAINING,3,11,1,7,01745263,23f67aeb,1982
312,1,5,21,8,1,3,TRAINING,4,6,0,3,02745163,2af673eb,1726
312,1,5,21,8,1,4,TRAINING,0,2,1,0,02741563,2af637eb,1715
312,1,5,21,8,1,5,TRAINING,4,6,0,3,07241563,2fa637eb,1822
312,1,5,21,8,1,6,TRAINING,5,7,1,5,01247563,23a6f7eb,1524
312,1,5,21,8,1,7,TRAINING,3,11,1,1,03247561,2ba6f7e3,1405
312,1,5,21,8,1,8,TRAINING,1,3,0,3,03217564,2ba3f7e6,1414
312,1,5,21,8,1,9,TRAINING,2,10,0,2,53217064,7ba3f2e6,1511
312,1,5,21,8,1,10,TRAINING,6,14,1,6,50217364,72a3fbe6,1759
312,1,5,21,8,1,11,TRAINING,6,14,1,6,54217360,76a3fbe2,1480
312,1,5,21,8,1,12,TRAINING,5,7,1,3,14257360,36a7fbe2,1522
312,1,5,21,8,1,13,TRAINING,2,10,0,1,12457360,3a67fbe2,1365
312,1,5,21,8,1,14,TRAINING,1,3,0,4,72451360,fa673be2,1427
312,1,5,21,8,1,15,TRAINING,7,15,0,5,32451760,ba673fe2,1571
312,1,5,21,8,1,16,TRAINING,0,2,1,6,32451706,ba673f2e,1173
312,1,5,21,8,1,17,TEST,1,3,0,0,true,1535
312,1,5,21,8,1,18,TEST,3,11,1,1,true,1404
312,1,5,21,8,1,19,TEST,5,7,1,1,true,643
312,1,5,21,8,1,20,TEST,7,15,0,0,true,692
312,1,5,21,8,1,21,TEST,0,2,1,0,false,475
312,1,5,21,8,1,22,TEST,4,6,0,1,false,452
312,1,5,21,8,1,23,TEST,6,14,1,1,true,391
312,1,5,21,8,1,24,TEST,2,10,0,1,false,425
312,1,5,21,8,2,25,TRAINING,3,11,1,1,03642517,2be6a73f,1301
312,1,5,21,8,2,26,TRAINING,1,3,0,6,63042517,eb26a73f,1304
312,1,5,21,8,2,27,TRAINING,3,11,1,1,63052417,eb27a63f,1463
312,1,5,21,8,2,28,TRAINING,6,14,1,7,73052416,fb27a63e,1572
312,1,5,21,8,2,29,TRAINING,5,7,1,3,73051426,fb2736ae,1526
312,1,5,21,8,2,30,TRAINING,1,3,0,4,72051436,fa2736be,1377
312,1,5,21,8,2,31,TRAINING,7,15,0,0,72051634,fa273eb6,3066
312,1,5,21,8,2,32,TRAINING,2,10,0,3,75021634,f72a3eb6,2717
312,1,5,21,8,2,33,TRAINING,6,14,1,5,75021643,f72a3e6b,1475
312,1,5,21,8,2,34,TRAINING,4,6,0,6,75321640,f7ba3e62,1512
312,1,5,21,8,2,35,TRAINING,7,15,0,0,75231640,f7ab3e62,1644
312,1,5,21,8,2,36,TRAINING,0,2,1,7,75213640,f7a3be62,1597
312,1,5,21,8,2,37,TRAINING,5,7,1,5,76213540,fea3b762,2608
312,1,5,21,8,2,38,TRAINING,0,2,1,7,36217540,bea3f762,2126
312,1,5,21,8,2,39,TRAINING,4,6,0,6,31267540,b3aef762,1680
312,1,5,21,8,2,40,TRAINING,2,10,0,2,37261540,bfae3762,1451
312,1,5,21,8,2,41,TEST,1,3,0,1,false,1017
312,1,5,21,8,2,42,TEST,7,15,0,0,true,788
312,1,5,21,8,2,43,TEST,3,11,1,0,false,767
312,1,5,21,8,2,44,TEST,2,10,0,0,true,401
312,1,5,21,8,2,45,TEST,4,6,0,1,false,378
312,1,5,21,8,2,46,TEST,6,14,1,1,true,633
312,1,5,21,8,2,47,TEST,0,2,1,0,false,717
312,1,5,21,8,2,48,TEST,5,7,1,0,false,378
312,1,5,21,8,3,49,TRAINING,4,6,0,2,03425671,2b6a7ef3,14440
312,1,5,21,8,3,50,TRAINING,3,11,1,3,02435671,2a6b7ef3,1822
312,1,5,21,8,3,51,TRAINING,5,7,1,4,62435071,ea6b72f3,1616
312,1,5,21,8,3,52,TRAINING,0,2,1,5,42635071,6aeb72f3,3923
312,1,5,21,8,3,53,TRAINING,2,10,0,0,24635071,a6eb72f3,1471
312,1,5,21,8,3,54,TRAINING,3,11,1,3,25634071,a7eb62f3,9132
312,1,5,21,8,3,55,TRAINING,6,14,1,2,25637041,a7ebf263,1442
312,1,5,21,8,3,56,TRAINING,1,3,0,0,15637042,37ebf26a,1467
312,1,5,21,8,3,57,TRAINING,6,14,1,2,15637402,37ebf62a,1630
312,1,5,21,8,3,58,TRAINING,0,2,1,6,15632407,37eba62f,1428
312,1,5,21,8,3,59,TRAINING,7,15,0,7,25631407,a7eb362f,1992
312,1,5,21,8,3,60,TRAINING,5,7,1,1,25634107,a7eb632f,1536
312,1,5,21,8,3,61,TRAINING,2,10,0,3,35624107,b7ea632f,1483
312,1,5,21,8,3,62,TRAINING,1,3,0,5,35426107,b76ae32f,1426
312,1,5,21,8,3,63,TRAINING,7,15,0,7,30426157,b26ae37f,1474
312,1,5,21,8,3,64,TRAINING,4,6,0,2,60423157,e26ab37f,1984
312,1,5,21,8,3,65,TEST,1,3,0,0,true,1415
312,1,5,21,8,3,66,TEST,7,15,0,0,true,379
312,1,5,21,8,3,67,TEST,3,11,1,1,true,424
312,1,5,21,8,3,68,TEST,2,10,0,1,false,366
312,1,5,21,8,3,69,TEST,4,6,0,1,false,399
312,1,5,21,8,3,70,TEST,0,2,1,0,false,1827
312,1,5,21,8,3,71,TEST,5,7,1,0,false,419
312,1,5,21,8,3,72,TEST,6,14,1,1,true,843
312,1,5,21,8,4,73,TRAINING,6,14,1,5,30514627,b2736eaf,29963
312,1,5,21,8,4,74,TRAINING,1,3,0,3,40513627,6273beaf,27446
312,1,5,21,8,4,75,TRAINING,7,15,0,7,30514627,b2736eaf,2500
312,1,5,21,8,4,76,TRAINING,3,11,1,0,30514267,b2736aef,9184
312,1,5,21,8,4,77,TRAINING,0,2,1,1,30214567,b2a367ef,7102
312,1,5,21,8,4,78,TRAINING,0,2,1,1,30241567,b2a637ef,5677
312,1,5,21,8,4,79,TRAINING,3,11,1,3,40231567,62ab37ef,9182
312,1,5,21,8,4,80,TRAINING,6,14,1,6,40731562,62fb37ea,8880
312,1,5,21,8,4,81,TRAINING,4,6,0,0,45731062,67fb32ea,3106
312,1,5,21,8,4,82,TRAINING,7,15,0,4,45137062,673bf2ea,7401
312,1,5,21,8,4,83,TRAINING,5,7,1,1,45237061,67abf2e3,9677
312,1,5,21,8,4,84,TRAINING,1,3,0,7,35247061,b7a6f2e3,4156
312,1,5,21,8,4,85,TRAINING,2,10,0,5,35047261,b726fae3,14826
312,1,5,21,8,4,86,TRAINING,2,10,0,5,37045261,bf267ae3,2515
312,1,5,21,8,4,87,TRAINING,5,7,1,4,07345261,2fb67ae3,4083
312,1,5,21,8,4,88,TRAINING,4,6,0,3,01345267,23b67aef,4045
312,1,5,21,8,4,89,TEST,6,14,1,1,true,5153
312,1,5,21,8,4,90,TEST,2,10,0,0,true,2735
312,1,5,21,8,4,91,TEST,7,15,0,0,true,3504
312,1,5,21,8,4,92,TEST,4,6,0,0,true,6383
312,1,5,21,8,4,93,TEST,3,11,1,1,true,3298
312,1,5,21,8,4,94,TEST,0,2,1,0,false,3974
312,1,5,21,8,4,95,TEST,5,7,1,0,false,3032
312,1,5,21,8,4,96,TEST,1,3,0,0,true,3215
312,1,5,21,8,5,97,TRAINING,6,14,1,1,36145720,be367fa2,1111
312,1,5,21,8,5,98,TRAINING,7,15,0,5,46135720,6e3b7fa2,6519
312,1,5,21,8,5,99,TRAINING,3,11,1,4,46153720,6e37bfa2,3636
312,1,5,21,8,5,100,TRAINING,2,10,0,3,46123750,6e3abf72,4965
312,1,5,21,8,5,101,TRAINING,6,14,1,0,64123750,e63abf72,2855
312,1,5,21,8,5,102,TRAINING,2,10,0,3,64321750,e6ba3f72,2790
312,1,5,21,8,5,103,TRAINING,0,2,1,1,60321754,e2ba3f76,4468
312,1,5,21,8,5,104,TRAINING,1,3,0,4,30621754,b2ea3f76,6784
312,1,5,21,8,5,105,TRAINING,5,7,1,6,60321754,e2ba3f76,5155
312,1,5,21,8,5,106,TRAINING,4,6,0,7,30621754,b2ea3f76,4339
312,1,5,21,8,5,107,TRAINING,0,2,1,1,60321754,e2ba3f76,2454
312,1,5,21,8,5,108,TRAINING,4,6,0,7,60371254,e2bf3a76,7717
312,1,5,21,8,5,109,TRAINING,7,15,0,3,60371524,e2bf37a6,3672
312,1,5,21,8,5,110,TRAINING,3,11,1,5,60571324,e27f3ba6,3771
312,1,5,21,8,5,111,TRAINING,5,7,1,2,06571324,2e7f3ba6,4310
312,1,5,21,8,5,112,TRAINING,1,3,0,4,06541327,2e763baf,6385
312,1,5,21,8,5,113,TEST,6,14,1,1,true,5350
312,1,5,21,8,5,114,TEST,3,11,1,0,false,2190
312,1,5,21,8,5,115,TEST,0,2,1,0,false,2963
312,1,5,21,8,5,116,TEST,2,10,0,0,true,3217
312,1,5,21,8,5,117,TEST,1,3,0,0,true,2880
312,1,5,21,8,5,118,TEST,5,7,1,0,false,2023
312,1,5,21,8,5,119,TEST,7,15,0,0,true,2830
312,1,5,21,8,5,120,TEST,4,6,0,0,true,1925
312,1,5,21,8,6,121,TRAINING,6,14,1,5,20135647,a23b7e6f,6433
312,1,5,21,8,6,122,TRAINING,0,2,1,1,10235647,32ab7e6f,1331
312,1,5,21,8,6,123,TRAINING,5,7,1,4,40235617,62ab7e3f,1767
312,1,5,21,8,6,124,TRAINING,0,2,1,1,40235716,62ab7f3e,1383
312,1,5,21,8,6,125,TRAINING,1,3,0,5,40235176,62ab73fe,1341
312,1,5,21,8,6,126,TRAINING,2,10,0,7,40635172,62eb73fa,1518
312,1,5,21,8,6,127,TRAINING,7,15,0,6,60435172,e26b73fa,1475
312,1,5,21,8,6,128,TRAINING,3,11,1,3,65430172,e76b23fa,2551
312,1,5,21,8,6,129,TRAINING,4,6,0,2,25430176,a76b23fe,1809
312,1,5,21,8,6,130,TRAINING,3,11,1,3,21430576,a36b27fe,1477
312,1,5,21,8,6,131,TRAINING,5,7,1,5,26430571,ae6b27f3,1588
312,1,5,21,8,6,132,TRAINING,1,3,0,7,76430521,fe6b27a3,1899
312,1,5,21,8,6,133,TRAINING,4,6,0,6,76230541,feab2763,1489
312,1,5,21,8,6,134,TRAINING,7,15,0,0,76530241,fe7b2a63,3188
312,1,5,21,8,6,135,TRAINING,2,10,0,1,72530641,fa7b2e63,1194
312,1,5,21,8,6,136,TRAINING,6,14,1,5,72530614,fa7b2e36,2881
312,1,5,21,8,6,137,TEST,5,7,1,0,false,885
312,1,5,21,8,6,138,TEST,4,6,0,0,true,402
312,1,5,21,8,6,139,TEST,1,3,0,1,false,392
312,1,5,21,8,6,140,TEST,7,15,0,0,true,393
312,1,5,21,8,6,141,TEST,0,2,1,0,false,414
312,1,5,21,8,6,142,TEST,2,10,0,1,false,397
312,1,5,21,8,6,143,TEST,3,11,1,1,true,404
312,1,5,21,8,6,144,TEST,6,14,1,0,false,778
312,1,5,21,8,7,145,TRAINING,6,14,1,4,13056742,3b27ef6a,1143
312,1,5,21,8,7,146,TRAINING,4,6,0,6,73056142,fb27e36a,1427
312,1,5,21,8,7,147,TRAINING,1,3,0,1,71056342,f327eb6a,1217
312,1,5,21,8,7,148,TRAINING,6,14,1,4,71356042,f3b7e26a,1570
312,1,5,21,8,7,149,TRAINING,7,15,0,0,71456032,f367e2ba,1769
312,1,5,21,8,7,150,TRAINING,2,10,0,2,71256034,f3a7e2b6,1179
312,1,5,21,8,7,151,TRAINING,3,11,1,1,73256014,fba7e236,1979
312,1,5,21,8,7,152,TRAINING,1,3,0,6,73206514,fba2e736,1519
312,1,5,21,8,7,153,TRAINING,0,2,1,7,73246510,fba6e732,1473
312,1,5,21,8,7,154,TRAINING,3,11,1,0,37246510,bfa6e732,1251
312,1,5,21,8,7,155,TRAINING,7,15,0,3,34276510,b6afe732,1479
312,1,5,21,8,7,156,TRAINING,2,10,0,1,32476510,ba6fe732,1429
312,1,5,21,8,7,157,TRAINING,4,6,0,7,32076514,ba2fe736,1587
312,1,5,21,8,7,158,TRAINING,0,2,1,2,32075614,ba2f7e36,1810
312,1,5,21,8,7,159,TRAINING,5,7,1,4,36075214,be2f7a36,1490
312,1,5,21,8,7,160,TRAINING,5,7,1,4,26075314,ae2f7b36,1454
312,1,5,21,8,7,161,TEST,7,15,0,0,true,678
312,1,5,21,8,7,162,TEST,4,6,0,0,true,370
312,1,5,21,8,7,163,TEST,2,10,0,0,true,412
312,1,5,21,8,7,164,TEST,6,14,1,1,true,732
312,1,5,21,8,7,165,TEST,5,7,1,1,true,439
312,1,5,21,8,7,166,TEST,1,3,0,0,true,408
312,1,5,21,8,7,167,TEST,3,11,1,0,false,384
312,1,5,21,8,7,168,TEST,0,2,1,1,true,723
312,1,5,21,8,8,169,TRAINING,0,2,1,0,05132476,273ba6fe,998
312,1,5,21,8,8,170,TRAINING,2,10,0,4,04132576,263ba7fe,1402
312,1,5,21,8,8,171,TRAINING,2,10,0,4,07132546,2f3ba76e,1539
312,1,5,21,8,8,172,TRAINING,7,15,0,1,07312546,2fb3a76e,1693
312,1,5,21,8,8,173,TRAINING,6,14,1,7,47312506,6fb3a72e,1622
312,1,5,21,8,8,174,TRAINING,1,3,0,3,37412506,bf63a72e,1866
312,1,5,21,8,8,175,TRAINING,1,3,0,3,37214506,bfa3672e,1730
312,1,5,21,8,8,176,TRAINING,4,6,0,4,67214503,efa3672b,1444
312,1,5,21,8,8,177,TRAINING,7,15,0,1,67314502,efb3672a,1572
312,1,5,21,8,8,178,TRAINING,4,6,0,4,67324501,efba6723,1651
312,1,5,21,8,8,179,TRAINING,5,7,1,5,07324561,2fba67e3,1836
312,1,5,21,8,8,180,TRAINING,0,2,1,0,07124563,2f3a67eb,1596
312,1,5,21,8,8,181,TRAINING,5,7,1,5,02174563,2a3f67eb,1513
312,1,5,21,8,8,182,TRAINING,3,11,1,7,02176543,2a3fe76b,1683
312,1,5,21,8,8,183,TRAINING,6,14,1,4,02476513,2a6fe73b,1590
312,1,5,21,8,8,184,TRAINING,3,11,1,7,02476153,2a6fe37b,1684
312,1,5,21,8,8,185,TEST,2,10,0,0,true,962
312,1,5,21,8,8,186,TEST,4,6,0,0,true,388
312,1,5,21,8,8,187,TEST,7,15,0,1,false,1196
312,1,5,21,8,8,188,TEST,5,7,1,1,true,370
312,1,5,21,8,8,189,TEST,6,14,1,0,false,730
312,1,5,21,8,8,190,TEST,3,11,1,0,false,398
312,1,5,21,8,8,191,TEST,1,3,0,0,true,531
312,1,5,21,8,8,192,TEST,0,2,1,1,true,571
312,1,5,21,8,9,193,TRAINING,0,2,1,4,31760452,b3fe267a,1623
312,1,5,21,8,9,194,TRAINING,4,6,0,5,31720456,b3fa267e,1631
312,1,5,21,8,9,195,TRAINING,0,2,1,4,31620457,b3ea267f,1580
312,1,5,21,8,9,196,TRAINING,3,11,1,0,35620417,b7ea263f,1581
312,1,5,21,8,9,197,TRAINING,2,10,0,6,35610427,b7e326af,1419
312,1,5,21,8,9,198,TRAINING,6,14,1,2,35617420,b7e3f6a2,1440
312,1,5,21,8,9,199,TRAINING,6,14,1,2,35614720,b7e36fa2,1465
312,1,5,21,8,9,200,TRAINING,7,15,0,5,45613720,67e3bfa2,1614
312,1,5,21,8,9,201,TRAINING,7,15,0,5,45612730,67e3afb2,1184
312,1,5,21,8,9,202,TRAINING,4,6,0,0,45216730,67a3efb2,1477
312,1,5,21,8,9,203,TRAINING,5,7,1,1,45236710,67abef32,1730
312,1,5,21,8,9,204,TRAINING,2,10,0,2,45263710,67aebf32,1404
312,1,5,21,8,9,205,TRAINING,1,3,0,7,45263701,67aebf23,1448
312,1,5,21,8,9,206,TRAINING,1,3,0,7,45267301,67aefb23,1546
312,1,5,21,8,9,207,TRAINING,5,7,1,1,35267401,b7aef623,1486
312,1,5,21,8,9,208,TRAINING,3,11,1,0,35067421,b72ef6a3,1751
312,1,5,21,8,9,209,TEST,7,15,0,1,false,2332
312,1,5,21,8,9,210,TEST,2,10,0,1,false,535
312,1,5,21,8,9,211,TEST,6,14,1,0,false,765
312,1,5,21,8,9,212,TEST,5,7,1,0,false,238
312,1,5,21,8,9,213,TEST,4,6,0,0,true,381
312,1,5,21,8,9,214,TEST,0,2,1,1,true,391
312,1,5,21,8,9,215,TEST,3,11,1,0,false,433
312,1,5,21,8,9,216,TEST,1,3,0,0,true,452
312,1,5,21,8,10,217,TRAINING,3,11,1,2,16305247,3eb27a6f,958
312,1,5,21,8,10,218,TRAINING,6,14,1,1,06315247,2eb37a6f,1372
312,1,5,21,8,10,219,TRAINING,0,2,1,0,06325147,2eba736f,1676
312,1,5,21,8,10,220,TRAINING,0,2,1,0,06325741,2eba7f63,1392
312,1,5,21,8,10,221,TRAINING,2,10,0,5,06375241,2ebf7a63,2382
312,1,5,21,8,10,222,TRAINING,1,3,0,7,06475231,2e6f7ab3,2021
312,1,5,21,8,10,223,TRAINING,2,10,0,5,36475201,be6f7a23,1552
312,1,5,21,8,10,224,TRAINING,1,3,0,7,56473201,7e6fba23,1685
312,1,5,21,8,10,225,TRAINING,4,6,0,2,65473201,e76fba23,1806
312,1,5,21,8,10,226,TRAINING,6,14,1,0,67453201,ef67ba23,1659
312,1,5,21,8,10,227,TRAINING,5,7,1,4,67435201,ef6b7a23,1620
312,1,5,21,8,10,228,TRAINING,7,15,0,3,63475201,eb6f7a23,1694
312,1,5,21,8,10,229,TRAINING,5,7,1,4,63275401,ebaf7623,1618
312,1,5,21,8,10,230,TRAINING,4,6,0,5,60275431,e2af76b3,1566
312,1,5,21,8,10,231,TRAINING,7,15,0,3,61275430,e3af76b2,1642
312,1,5,21,8,10,232,TRAINING,3,11,1,6,65271430,e7af36b2,1518
312,1,5,21,8,10,233,TEST,1,3,0,0,true,1025
312,1,5,21,8,10,234,TEST,5,7,1,0,false,381
312,1,5,21,8,10,235,TEST,6,14,1,0,false,461
312,1,5,21,8,10,236,TEST,3,11,1,1,true,2238
312,1,5,21,8,10,237,TEST,0,2,1,1,true,290
312,1,5,21,8,10,238,TEST,2,10,0,0,true,409
312,1,5,21,8,10,239,TEST,4,6,0,0,true,789
312,1,5,21,8,10,240,TEST,7,15,0,0,true,390
312,1,5,21,8,11,241,TRAINING,0,2,1,3,27501346,af723b6e,1152
312,1,5,21,8,11,242,TRAINING,4,6,0,6,67501342,ef723b6a,1598
312,1,5,21,8,11,243,TRAINING,0,2,1,3,62501347,ea723b6f,1404
312,1,5,21,8,11,244,TRAINING,1,3,0,4,32501647,ba723e6f,1642
312,1,5,21,8,11,245,TRAINING,5,7,1,2,36501247,be723a6f,1871
312,1,5,21,8,11,246,TRAINING,2,10,0,7,36501742,be723f6a,1593
312,1,5,21,8,11,247,TRAINING,5,7,1,2,36571042,be7f326a,1981
312,1,5,21,8,11,248,TRAINING,4,6,0,4,36574012,be7f623a,1581
312,1,5,21,8,11,249,TRAINING,6,14,1,1,36574102,be7f632a,1471
312,1,5,21,8,11,250,TRAINING,7,15,0,3,56374102,7ebf632a,1643
312,1,5,21,8,11,251,TRAINING,6,14,1,1,56372104,7ebfa326,1368
312,1,5,21,8,11,252,TRAINING,7,15,0,3,16372504,3ebfa726,2055
312,1,5,21,8,11,253,TRAINING,1,3,0,0,16374502,3ebf672a,2489
312,1,5,21,8,11,254,TRAINING,3,11,1,2,15374602,37bf6e2a,1577
312,1,5,21,8,11,255,TRAINING,3,11,1,2,15374206,37bf6a2e,1415
312,1,5,21,8,11,256,TRAINING,2,10,0,0,25374106,a7bf632e,1521
312,1,5,21,8,11,257,TEST,4,6,0,0,true,1063
312,1,5,21,8,11,258,TEST,6,14,1,1,true,447
312,1,5,21,8,11,259,TEST,5,7,1,1,true,414
312,1,5,21,8,11,260,TEST,2,10,0,1,false,534
312,1,5,21,8,11,261,TEST,3,11,1,0,false,427
312,1,5,21,8,11,262,TEST,0,2,1,0,false,470
312,1,5,21,8,11,263,TEST,7,15,0,1,false,1529
312,1,5,21,8,11,264,TEST,1,3,0,0,true,771
312,1,5,21,8,12,265,TRAINING,6,14,1,7,30175426,b23f76ae,1358
312,1,5,21,8,12,266,TRAINING,2,10,0,6,30475126,b26f73ae,1427
312,1,5,21,8,12,267,TRAINING,7,15,0,3,40375126,62bf73ae,1527
312,1,5,21,8,12,268,TRAINING,5,7,1,4,46375120,6ebf73a2,1657
312,1,5,21,8,12,269,TRAINING,6,14,1,1,16375420,3ebf76a2,1344
312,1,5,21,8,12,270,TRAINING,7,15,0,3,06375421,2ebf76a3,1772
312,1,5,21,8,12,271,TRAINING,0,2,1,0,06374521,2ebf67a3,1597
312,1,5,21,8,12,272,TRAINING,4,6,0,2,06473521,2e6fb7a3,1801
312,1,5,21,8,12,273,TRAINING,3,11,1,6,06472531,2e6fa7b3,2188
312,1,5,21,8,12,274,TRAINING,1,3,0,7,60472531,e26fa7b3,1605
312,1,5,21,8,12,275,TRAINING,3,11,1,6,60475231,e26f7ab3,1446
312,1,5,21,8,12,276,TRAINING,1,3,0,7,62475031,ea6f72b3,1760
312,1,5,21,8,12,277,TRAINING,4,6,0,2,72465031,fa6e72b3,1215
312,1,5,21,8,12,278,TRAINING,5,7,1,4,72435061,fa6b72e3,1722
312,1,5,21,8,12,279,TRAINING,2,10,0,1,72465031,fa6e72b3,1520
312,1,5,21,8,12,280,TRAINING,0,2,1,5,72645031,fae672b3,1473
312,1,5,21,8,12,281,TEST,7,15,0,0,true,752
312,1,5,21,8,12,282,TEST,2,10,0,0,true,932
312,1,5,21,8,12,283,TEST,1,3,0,1,false,654
312,1,5,21,8,12,284,TEST,6,14,1,0,false,406
312,1,5,21,8,12,285,TEST,0,2,1,1,true,857
312,1,5,21,8,12,286,TEST,3,11,1,1,true,579
312,1,5,21,8,12,287,TEST,5,7,1,1,true,419
312,1,5,21,8,12,288,TEST,4,6,0,0,true,554
312,1,5,21,8,13,289,TRAINING,5,7,1,2,21574603,a37f6e2b,915
312,1,5,21,8,13,290,TRAINING,7,15,0,3,20574613,a27f6e3b,1887
312,1,5,21,8,13,291,TRAINING,6,14,1,4,20576413,a27fe63b,2260
312,1,5,21,8,13,292,TRAINING,4,6,0,6,20576143,a27fe36b,1471
312,1,5,21,8,13,293,TRAINING,0,2,1,1,50276143,72afe36b,1363
312,1,5,21,8,13,294,TRAINING,6,14,1,3,50267143,72aef36b,1549
312,1,5,21,8,13,295,TRAINING,5,7,1,0,50264173,72ae63fb,3515
312,1,5,21,8,13,296,TRAINING,1,3,0,2,50164273,723e6afb,1372
312,1,5,21,8,13,297,TRAINING,2,10,0,1,52164073,7a3e62fb,2599
312,1,5,21,8,13,298,TRAINING,3,11,1,5,52164370,7a3e6bf2,1762
312,1,5,21,8,13,299,TRAINING,3,11,1,5,52160374,7a3e2bf6,1272
312,1,5,21,8,13,300,TRAINING,4,6,0,7,56120374,7e3a2bf6,1482
312,1,5,21,8,13,301,TRAINING,2,10,0,6,56170324,7e3f2ba6,1510
312,1,5,21,8,13,302,TRAINING,7,15,0,0,76150324,fe372ba6,1584
312,1,5,21,8,13,303,TRAINING,1,3,0,5,76350124,feb723a6,1428
312,1,5,21,8,13,304,TRAINING,0,2,1,2,76053124,fe27b3a6,1727
312,1,5,21,8,13,305,TEST,4,6,0,0,true,692
312,1,5,21,8,13,306,TEST,2,10,0,0,true,438
312,1,5,21,8,13,307,TEST,6,14,1,1,true,668
312,1,5,21,8,13,308,TEST,1,3,0,1,false,351
312,1,5,21,8,13,309,TEST,7,15,0,0,true,420
312,1,5,21,8,13,310,TEST,0,2,1,0,false,458
312,1,5,21,8,13,311,TEST,5,7,1,0,false,1105
312,1,5,21,8,13,312,TEST,3,11,1,1,true,564
312,1,5,21,8,14,313,TRAINING,0,2,1,3,12603547,3ae2b76f,1624
312,1,5,21,8,14,314,TRAINING,2,10,0,1,12503647,3a72be6f,1491
312,1,5,21,8,14,315,TRAINING,2,10,0,1,12503467,3a72b6ef,1382
312,1,5,21,8,14,316,TRAINING,1,3,0,5,42503167,6a72b3ef,1471
312,1,5,21,8,14,317,TRAINING,4,6,0,0,42507163,6a72f3eb,2193
312,1,5,21,8,14,318,TRAINING,5,7,1,2,46507123,6e72f3ab,1410
312,1,5,21,8,14,319,TRAINING,3,11,1,6,46507132,6e72f3ba,1265
312,1,5,21,8,14,320,TRAINING,7,15,0,4,46527130,6e7af3b2,1610
312,1,5,21,8,14,321,TRAINING,6,14,1,1,46517230,6e73fab2,2089
312,1,5,21,8,14,322,TRAINING,7,15,0,4,46217530,6ea3f7b2,1690
312,1,5,21,8,14,323,TRAINING,1,3,0,3,46217035,6ea3f2b7,1579
312,1,5,21,8,14,324,TRAINING,3,11,1,6,46517032,6e73f2ba,1900
312,1,5,21,8,14,325,TRAINING,6,14,1,5,40517632,6273feba,1606
312,1,5,21,8,14,326,TRAINING,5,7,1,4,40715632,62f37eba,1549
312,1,5,21,8,14,327,TRAINING,0,2,1,0,04715632,26f37eba,1871
312,1,5,21,8,14,328,TRAINING,4,6,0,7,02715634,2af37eb6,1546
312,1,5,21,8,14,329,TEST,4,6,0,0,true,811
312,1,5,21,8,14,330,TEST,5,7,1,0,false,398
312,1,5,21,8,14,331,TEST,7,15,0,1,false,428
312,1,5,21,8,14,332,TEST,1,3,0,0,true,460
312,1,5,21,8,14,333,TEST,6,14,1,0,false,513
312,1,5,21,8,14,334,TEST,2,10,0,1,false,412
312,1,5,21,8,14,335,TEST,3,11,1,1,true,460
312,1,5,21,8,14,336,TEST,0,2,1,0,false,427
312,1,5,21,8,15,337,TRAINING,1,3,0,5,32405176,ba6273fe,1155
312,1,5,21,8,15,338,TRAINING,2,10,0,3,30425176,b26a73fe,1500
312,1,5,21,8,15,339,TRAINING,1,3,0,5,03425176,2b6a73fe,1518
312,1,5,21,8,15,340,TRAINING,7,15,0,0,73425106,fb6a732e,1501
312,1,5,21,8,15,341,TRAINING,7,15,0,0,73465102,fb6e732a,1579
312,1,5,21,8,15,342,TRAINING,0,2,1,6,73265104,fbae7326,1490
312,1,5,21,8,15,343,TRAINING,2,10,0,4,73562104,fb7ea326,1617
312,1,5,21,8,15,344,TRAINING,4,6,0,7,76532104,fe7ba326,1809
312,1,5,21,8,15,345,TRAINING,4,6,0,7,71532604,f37bae26,1625
312,1,5,21,8,15,346,TRAINING,5,7,1,2,71532064,f37ba2e6,1737
312,1,5,21,8,15,347,TRAINING,6,14,1,6,73512064,fb73a2e6,1489
312,1,5,21,8,15,348,TRAINING,6,14,1,6,13572064,3b7fa2e6,1442
312,1,5,21,8,15,349,TRAINING,3,11,1,7,14572063,367fa2eb,1486
312,1,5,21,8,15,350,TRAINING,3,11,1,7,24571063,a67f32eb,1829
312,1,5,21,8,15,351,TRAINING,5,7,1,2,04571263,267f3aeb,1579
312,1,5,21,8,15,352,TRAINING,0,2,1,0,04517263,2673faeb,1712
312,1,5,21,8,15,353,TEST,7,15,0,0,true,826
312,1,5,21,8,15,354,TEST,5,7,1,1,true,408
312,1,5,21,8,15,355,TEST,2,10,0,1,false,453
312,1,5,21,8,15,356,TEST,4,6,0,1,false,674
312,1,5,21,8,15,357,TEST,3,11,1,0,false,699
312,1,5,21,8,15,358,TEST,1,3,0,0,true,495
312,1,5,21,8,15,359,TEST,6,14,1,0,false,566
312,1,5,21,8,15,360,TEST,0,2,1,1,true,428
312,1,5,21,8,INSTRUCT,postquestionnaire,7

rulestrategy:I tried to remember the color of the tiles and stripe, but it was difficult to keep track of all three differences. 
howtoimprove:Make it a little shorter. 
engagement:6
difficulty:8
physicalaids:yes