313,1,5,6,5,INSTRUCT,instruct1,23928
313,1,5,6,5,INSTRUCT,instructCatExample,13167
313,1,5,6,5,INSTRUCT,instructCatColor,7720
313,1,5,6,5,INSTRUCT,instructCatStripe,2846
313,1,5,6,5,INSTRUCT,instructDemoIntro,16422
313,1,5,6,5,INSTRUCT,instructDemo,24284
313,1,5,6,5,INSTRUCT,instructTest,15468
313,1,5,6,5,INSTRUCT,instructTest2,24561
313,1,5,6,5,INSTRUCT,instructDimColor,10510
313,1,5,6,5,INSTRUCT,instructDimBorder,5055
313,1,5,6,5,INSTRUCT,instructDimDots,3557
313,1,5,6,5,INSTRUCT,instructDimStripe,2957
313,1,5,6,5,INSTRUCT,instructDimAll,7705
313,1,5,6,5,INSTRUCT,instructFinal,3459
313,1,5,6,5,INSTRUCT,instructFinal2,10105
313,1,5,6,5,1,1,TRAINING,3,12,1,7,07642153,a462e80c,3840
313,1,5,6,5,1,2,TRAINING,0,10,1,0,07645123,a46208ec,2625
313,1,5,6,5,1,3,TRAINING,4,2,0,3,02645173,ae62084c,4461
313,1,5,6,5,1,4,TRAINING,6,6,1,2,01645273,a8620e4c,1832
313,1,5,6,5,1,5,TRAINING,7,4,0,6,01645372,a8620c4e,2633
313,1,5,6,5,1,6,TRAINING,1,8,0,1,01643572,a862c04e,3402
313,1,5,6,5,1,7,TRAINING,7,4,0,6,01642573,a862e04c,1684
313,1,5,6,5,1,8,TRAINING,1,8,0,1,01624573,a86e204c,1742
313,1,5,6,5,1,9,TRAINING,5,0,1,5,01634572,a86c204e,1737
313,1,5,6,5,1,10,TRAINING,4,2,0,0,41630572,286ca04e,1861
313,1,5,6,5,1,11,TRAINING,2,14,0,4,41632570,286ce04a,1741
313,1,5,6,5,1,12,TRAINING,0,10,1,7,41672530,2864e0ca,1710
313,1,5,6,5,1,13,TRAINING,5,0,1,5,46172530,2684e0ca,1924
313,1,5,6,5,1,14,TRAINING,6,6,1,2,41672530,2864e0ca,1708
313,1,5,6,5,1,15,TRAINING,3,12,1,6,01672534,a864e0c2,2868
313,1,5,6,5,1,16,TRAINING,2,14,0,4,71602534,486ae0c2,1874
313,1,5,6,5,1,17,TEST,0,10,1,1,true,2482
313,1,5,6,5,1,18,TEST,7,4,0,0,true,4560
313,1,5,6,5,1,19,TEST,3,12,1,0,false,616
313,1,5,6,5,1,20,TEST,1,8,0,0,true,607
313,1,5,6,5,1,21,TEST,4,2,0,1,false,916
313,1,5,6,5,1,22,TEST,5,0,1,0,false,1190
313,1,5,6,5,1,23,TEST,6,6,1,1,true,850
313,1,5,6,5,1,24,TEST,2,14,0,1,false,1190
313,1,5,6,5,2,25,TRAINING,1,8,0,2,36157042,c6804a2e,2088
313,1,5,6,5,2,26,TRAINING,0,10,1,5,36152047,c680ea24,1893
313,1,5,6,5,2,27,TRAINING,2,14,0,4,36152074,c680ea42,1817
313,1,5,6,5,2,28,TRAINING,7,4,0,6,46152073,2680ea4c,2014
313,1,5,6,5,2,29,TRAINING,2,14,0,4,56142073,0682ea4c,2639
313,1,5,6,5,2,30,TRAINING,6,6,1,1,06142573,a682e04c,2653
313,1,5,6,5,2,31,TRAINING,3,12,1,2,06342571,a6c2e048,5940
313,1,5,6,5,2,32,TRAINING,7,4,0,4,06347521,a6c240e8,2328
313,1,5,6,5,2,33,TRAINING,6,6,1,1,06317524,a6c840e2,3142
313,1,5,6,5,2,34,TRAINING,5,0,1,5,26317504,e6c840a2,1759
313,1,5,6,5,2,35,TRAINING,4,2,0,7,06317524,a6c840e2,2087
313,1,5,6,5,2,36,TRAINING,0,10,1,2,36017524,c6a840e2,5123
313,1,5,6,5,2,37,TRAINING,5,0,1,5,76013524,46a8c0e2,1976
313,1,5,6,5,2,38,TRAINING,4,2,0,7,16073524,86a4c0e2,1866
313,1,5,6,5,2,39,TRAINING,1,8,0,1,61073524,68a4c0e2,1681
313,1,5,6,5,2,40,TRAINING,3,12,1,5,61075324,68a40ce2,3071
313,1,5,6,5,2,41,TEST,5,0,1,1,true,1011
313,1,5,6,5,2,42,TEST,0,10,1,1,true,3116
313,1,5,6,5,2,43,TEST,7,4,0,0,true,2430
313,1,5,6,5,2,44,TEST,6,6,1,1,true,992
313,1,5,6,5,2,45,TEST,1,8,0,0,true,3058
313,1,5,6,5,2,46,TEST,4,2,0,1,false,2112
313,1,5,6,5,2,47,TEST,3,12,1,1,true,1879
313,1,5,6,5,2,48,TEST,2,14,0,0,true,1563
313,1,5,6,5,3,49,TRAINING,2,14,0,6,63570124,6c04a8e2,2431
313,1,5,6,5,3,50,TRAINING,0,10,1,0,03576124,ac0468e2,1665
313,1,5,6,5,3,51,TRAINING,2,14,0,6,05376124,a0c468e2,1840
313,1,5,6,5,3,52,TRAINING,7,4,0,3,05673124,a064c8e2,7194
313,1,5,6,5,3,53,TRAINING,5,0,1,1,65073124,60a4c8e2,3586
313,1,5,6,5,3,54,TRAINING,3,12,1,4,15073624,80a4c6e2,5631
313,1,5,6,5,3,55,TRAINING,6,6,1,5,15273604,80e4c6a2,5525
313,1,5,6,5,3,56,TRAINING,4,2,0,3,15243607,80e2c6a4,10176
313,1,5,6,5,3,57,TRAINING,7,4,0,7,13245607,8ce206a4,5608
313,1,5,6,5,3,58,TRAINING,0,10,1,1,10245637,8ae206c4,2241
313,1,5,6,5,3,59,TRAINING,3,12,1,6,10246537,8ae260c4,6661
313,1,5,6,5,3,60,TRAINING,1,8,0,0,10426537,8a2e60c4,2629
313,1,5,6,5,3,61,TRAINING,4,2,0,2,10426735,8a2e64c0,4128
313,1,5,6,5,3,62,TRAINING,1,8,0,0,16420735,862ea4c0,2923
313,1,5,6,5,3,63,TRAINING,6,6,1,6,13420765,8c2ea460,2420
313,1,5,6,5,3,64,TRAINING,5,0,1,7,10423765,8a2ec460,3759
313,1,5,6,5,3,65,TEST,1,8,0,0,true,3184
313,1,5,6,5,3,66,TEST,6,6,1,1,true,2818
313,1,5,6,5,3,67,TEST,2,14,0,0,true,3138
313,1,5,6,5,3,68,TEST,7,4,0,0,true,2100
313,1,5,6,5,3,69,TEST,4,2,0,0,true,1540
313,1,5,6,5,3,70,TEST,5,0,1,1,true,2553
313,1,5,6,5,3,71,TEST,0,10,1,0,false,1781
313,1,5,6,5,3,72,TEST,3,12,1,1,true,4139
313,1,5,6,5,4,73,TRAINING,6,6,1,2,52643071,0e62ca48,4472
313,1,5,6,5,4,74,TRAINING,3,12,1,4,52643170,0e62c84a,3267
313,1,5,6,5,4,75,TRAINING,2,14,0,7,50643172,0a62c84e,3636
313,1,5,6,5,4,76,TRAINING,6,6,1,1,56043172,06a2c84e,3808
313,1,5,6,5,4,77,TRAINING,0,10,1,2,56073142,06a4c82e,2613
313,1,5,6,5,4,78,TRAINING,7,4,0,3,36075142,c6a4082e,3392
313,1,5,6,5,4,79,TRAINING,3,12,1,4,56073142,06a4c82e,1446
313,1,5,6,5,4,80,TRAINING,0,10,1,2,54073162,02a4c86e,1599
313,1,5,6,5,4,81,TRAINING,7,4,0,3,14073562,82a4c06e,3046
313,1,5,6,5,4,82,TRAINING,4,2,0,0,41073562,28a4c06e,1647
313,1,5,6,5,4,83,TRAINING,4,2,0,0,43071562,2ca4806e,1571
313,1,5,6,5,4,84,TRAINING,1,8,0,4,43021567,2cae8064,2089
313,1,5,6,5,4,85,TRAINING,1,8,0,4,43021765,2cae8460,1569
313,1,5,6,5,4,86,TRAINING,5,0,1,7,40321765,2ace8460,1657
313,1,5,6,5,4,87,TRAINING,2,14,0,0,20341765,eac28460,1608
313,1,5,6,5,4,88,TRAINING,5,0,1,7,27341065,e4c28a60,1878
313,1,5,6,5,4,89,TEST,6,6,1,1,true,3987
313,1,5,6,5,4,90,TEST,4,2,0,0,true,5919
313,1,5,6,5,4,91,TEST,0,10,1,1,true,2320
313,1,5,6,5,4,92,TEST,2,14,0,0,true,3470
313,1,5,6,5,4,93,TEST,7,4,0,0,true,3380
313,1,5,6,5,4,94,TEST,1,8,0,0,true,3290
313,1,5,6,5,4,95,TEST,3,12,1,1,true,2180
313,1,5,6,5,4,96,TEST,5,0,1,1,true,3403
313,1,5,6,5,5,97,TRAINING,5,0,1,0,52706341,0e4a6c28,3470
313,1,5,6,5,5,98,TRAINING,4,2,0,6,52607341,0e6a4c28,4193
313,1,5,6,5,5,99,TRAINING,0,10,1,1,50627341,0a6e4c28,4162
313,1,5,6,5,5,100,TRAINING,0,10,1,1,50267341,0ae64c28,1712
313,1,5,6,5,5,101,TRAINING,3,12,1,5,50247361,0ae24c68,2573
313,1,5,6,5,5,102,TRAINING,7,4,0,4,50427361,0a2e4c68,1677
313,1,5,6,5,5,103,TRAINING,1,8,0,7,40527361,2a0e4c68,2483
313,1,5,6,5,5,104,TRAINING,7,4,0,4,60527341,6a0e4c28,1642
313,1,5,6,5,5,105,TRAINING,2,14,0,3,65027341,60ae4c28,1759
313,1,5,6,5,5,106,TRAINING,3,12,1,5,65127340,608e4c2a,3416
313,1,5,6,5,5,107,TRAINING,4,2,0,6,75126340,408e6c2a,1615
313,1,5,6,5,5,108,TRAINING,2,14,0,3,75026341,40ae6c28,2542
313,1,5,6,5,5,109,TRAINING,5,0,1,1,75023641,40aec628,1765
313,1,5,6,5,5,110,TRAINING,6,6,1,5,75320641,40cea628,1493
313,1,5,6,5,5,111,TRAINING,6,6,1,5,75420631,402ea6c8,1504
313,1,5,6,5,5,112,TRAINING,1,8,0,7,05427631,a02e46c8,1704
313,1,5,6,5,5,113,TEST,0,10,1,1,true,2670
313,1,5,6,5,5,114,TEST,7,4,0,0,true,1780
313,1,5,6,5,5,115,TEST,6,6,1,1,true,2867
313,1,5,6,5,5,116,TEST,4,2,0,0,true,4374
313,1,5,6,5,5,117,TEST,5,0,1,1,true,2133
313,1,5,6,5,5,118,TEST,2,14,0,0,true,2430
313,1,5,6,5,5,119,TEST,1,8,0,0,true,2040
313,1,5,6,5,5,120,TEST,3,12,1,1,true,2250
313,1,5,6,5,INSTRUCT,postquestionnaire,0

rulestrategy:first i looked for similarities when "features" were added to a blank piece, but ignoring the color difference.  when i realized that a purple with a stripe and blue with a stripe were opposite groups, i just memorized all of them with regards to one color, and switched grouping for the other color.  
howtoimprove:more variables (like the border that never played a part) might've made it harder.  
engagement:7
difficulty:4
physicalaids:no