314,1,5,2,0,INSTRUCT,instruct1,27357
314,1,5,2,0,INSTRUCT,instructCatExample,10134
314,1,5,2,0,INSTRUCT,instructCatColor,3760
314,1,5,2,0,INSTRUCT,instructCatStripe,11974
314,1,5,2,0,INSTRUCT,instructDemoIntro,21330
314,1,5,2,0,INSTRUCT,instructDemo,75592
314,1,5,2,0,INSTRUCT,instructTest,21335
314,1,5,2,0,INSTRUCT,instructTest2,24249
314,1,5,2,0,INSTRUCT,instructDimColor,12099
314,1,5,2,0,INSTRUCT,instructDimBorder,3049
314,1,5,2,0,INSTRUCT,instructDimDots,4341
314,1,5,2,0,INSTRUCT,instructDimStripe,3620
314,1,5,2,0,INSTRUCT,instructDimAll,5154
314,1,5,2,0,INSTRUCT,instructFinal,9826
314,1,5,2,0,INSTRUCT,instructFinal2,22028
314,1,5,2,0,1,1,TRAINING,0,0,1,1,10472563,408d1c95,4644
314,1,5,2,0,1,2,TRAINING,7,13,0,3,30472561,508d1c94,2403
314,1,5,2,0,1,3,TRAINING,5,12,1,7,30472165,508d149c,2734
314,1,5,2,0,1,4,TRAINING,7,13,0,3,20473165,108d549c,2075
314,1,5,2,0,1,5,TRAINING,2,1,0,0,20473615,108d594c,2320
314,1,5,2,0,1,6,TRAINING,4,8,0,2,23470615,158d094c,1981
314,1,5,2,0,1,7,TRAINING,1,4,0,6,26470315,198d054c,2233
314,1,5,2,0,1,8,TRAINING,6,9,1,1,26430715,19850d4c,4882
314,1,5,2,0,1,9,TRAINING,3,5,1,3,76430215,d985014c,3612
314,1,5,2,0,1,10,TRAINING,5,12,1,7,06437215,0985d14c,4318
314,1,5,2,0,1,11,TRAINING,1,4,0,6,06734215,09d5814c,2159
314,1,5,2,0,1,12,TRAINING,3,5,1,3,07634215,0d95814c,3234
314,1,5,2,0,1,13,TRAINING,6,9,1,2,57634210,cd958140,1819
314,1,5,2,0,1,14,TRAINING,2,1,0,5,57631240,cd954180,2343
314,1,5,2,0,1,15,TRAINING,4,8,0,6,57613240,cd945180,2052
314,1,5,2,0,1,16,TRAINING,0,0,1,7,56713240,c9d45180,3256
314,1,5,2,0,1,17,TEST,7,13,0,1,false,2945
314,1,5,2,0,1,18,TEST,5,12,1,0,false,9589
314,1,5,2,0,1,19,TEST,0,0,1,1,true,2831
314,1,5,2,0,1,20,TEST,1,4,0,0,true,7945
314,1,5,2,0,1,21,TEST,6,9,1,1,true,2538
314,1,5,2,0,1,22,TEST,4,8,0,1,false,1333
314,1,5,2,0,1,23,TEST,2,1,0,1,false,1043
314,1,5,2,0,1,24,TEST,3,5,1,0,false,956
314,1,5,2,0,2,25,TRAINING,6,9,1,4,21046753,14089dc5,2231
314,1,5,2,0,2,26,TRAINING,0,0,1,2,12046753,41089dc5,2198
314,1,5,2,0,2,27,TRAINING,4,8,0,3,21046753,14089dc5,2964
314,1,5,2,0,2,28,TRAINING,5,12,1,1,25046713,1c089d45,3147
314,1,5,2,0,2,29,TRAINING,1,4,0,6,35046712,5c089d41,2199
314,1,5,2,0,2,30,TRAINING,2,1,0,7,35640712,5c980d41,2611
314,1,5,2,0,2,31,TRAINING,5,12,1,2,36540712,59c80d41,2132
314,1,5,2,0,2,32,TRAINING,3,5,1,0,31540762,54c80d91,10101
314,1,5,2,0,2,33,TRAINING,4,8,0,4,31504762,54c08d91,3823
314,1,5,2,0,2,34,TRAINING,7,13,0,5,36504712,59c08d41,2407
314,1,5,2,0,2,35,TRAINING,6,9,1,1,36524710,59c18d40,2148
314,1,5,2,0,2,36,TRAINING,2,1,0,3,36521740,59c14d80,2319
314,1,5,2,0,2,37,TRAINING,1,4,0,4,36521047,59c1408d,2064
314,1,5,2,0,2,38,TRAINING,0,0,1,1,30521647,50c1498d,2196
314,1,5,2,0,2,39,TRAINING,3,5,1,0,30521674,50c149d8,1771
314,1,5,2,0,2,40,TRAINING,7,13,0,7,30521647,50c1498d,1953
314,1,5,2,0,2,41,TEST,2,1,0,1,false,2443
314,1,5,2,0,2,42,TEST,5,12,1,0,false,1393
314,1,5,2,0,2,43,TEST,4,8,0,0,true,812
314,1,5,2,0,2,44,TEST,1,4,0,1,false,1419
314,1,5,2,0,2,45,TEST,6,9,1,0,false,1150
314,1,5,2,0,2,46,TEST,3,5,1,1,true,1396
314,1,5,2,0,2,47,TEST,0,0,1,0,false,1711
314,1,5,2,0,2,48,TEST,7,13,0,1,false,810
314,1,5,2,0,3,49,TRAINING,3,5,1,5,14257306,481cd509,9597
314,1,5,2,0,3,50,TRAINING,6,9,1,0,64257301,981cd504,3509
314,1,5,2,0,3,51,TRAINING,7,13,0,4,62457301,918cd504,5595
314,1,5,2,0,3,52,TRAINING,0,0,1,6,61457302,948cd501,4472
314,1,5,2,0,3,53,TRAINING,1,4,0,1,51467302,c489d501,7579
314,1,5,2,0,3,54,TRAINING,2,1,0,7,61457302,948cd501,4937
314,1,5,2,0,3,55,TRAINING,5,12,1,3,61457032,948cd051,5767
314,1,5,2,0,3,56,TRAINING,2,1,0,7,31457062,548cd091,2258
314,1,5,2,0,3,57,TRAINING,4,8,0,2,31457602,548cd901,2148
314,1,5,2,0,3,58,TRAINING,7,13,0,0,71453602,d48c5901,2147
314,1,5,2,0,3,59,TRAINING,4,8,0,2,71435602,d485c901,3001
314,1,5,2,0,3,60,TRAINING,6,9,1,5,71435620,d485c910,2198
314,1,5,2,0,3,61,TRAINING,5,12,1,0,51437620,c485d910,2320
314,1,5,2,0,3,62,TRAINING,1,4,0,1,51430627,c485091d,2062
314,1,5,2,0,3,63,TRAINING,3,5,1,3,51630427,c495081d,1856
314,1,5,2,0,3,64,TRAINING,0,0,1,6,51632407,c495180d,1734
314,1,5,2,0,3,65,TEST,0,0,1,0,false,3068
314,1,5,2,0,3,66,TEST,3,5,1,0,false,3162
314,1,5,2,0,3,67,TEST,6,9,1,1,true,1604
314,1,5,2,0,3,68,TEST,4,8,0,0,true,1392
314,1,5,2,0,3,69,TEST,5,12,1,1,true,1296
314,1,5,2,0,3,70,TEST,1,4,0,0,true,1006
314,1,5,2,0,3,71,TEST,7,13,0,0,true,995
314,1,5,2,0,3,72,TEST,2,1,0,1,false,1309
314,1,5,2,0,4,73,TRAINING,0,0,1,4,45610732,8c940d51,10384
314,1,5,2,0,4,74,TRAINING,6,9,1,2,42610735,81940d5c,2853
314,1,5,2,0,4,75,TRAINING,6,9,1,2,42610375,819405dc,2115
314,1,5,2,0,4,76,TRAINING,7,13,0,6,12640375,419805dc,3142
314,1,5,2,0,4,77,TRAINING,1,4,0,1,21640375,149805dc,1821
314,1,5,2,0,4,78,TRAINING,1,4,0,1,21643075,149850dc,1904
314,1,5,2,0,4,79,TRAINING,5,12,1,4,21645073,1498c0d5,2040
314,1,5,2,0,4,80,TRAINING,5,12,1,4,21675043,149dc085,4691
314,1,5,2,0,4,81,TRAINING,7,13,0,3,31675042,549dc081,3014
314,1,5,2,0,4,82,TRAINING,2,1,0,7,31075642,540dc981,1768
314,1,5,2,0,4,83,TRAINING,4,8,0,6,01375642,045dc981,1822
314,1,5,2,0,4,84,TRAINING,4,8,0,6,06375142,095dc481,1820
314,1,5,2,0,4,85,TRAINING,3,5,1,7,06275143,091dc485,1672
314,1,5,2,0,4,86,TRAINING,0,0,1,5,16275043,491dc085,3014
314,1,5,2,0,4,87,TRAINING,2,1,0,6,16475023,498dc015,1504
314,1,5,2,0,4,88,TRAINING,3,5,1,7,76415023,d984c015,1879
314,1,5,2,0,4,89,TEST,7,13,0,0,true,3451
314,1,5,2,0,4,90,TEST,3,5,1,1,true,3382
314,1,5,2,0,4,91,TEST,0,0,1,1,true,1002
314,1,5,2,0,4,92,TEST,2,1,0,1,false,1250
314,1,5,2,0,4,93,TEST,1,4,0,0,true,1008
314,1,5,2,0,4,94,TEST,6,9,1,1,true,1171
314,1,5,2,0,4,95,TEST,5,12,1,0,false,686
314,1,5,2,0,4,96,TEST,4,8,0,1,false,865
314,1,5,2,0,5,97,TRAINING,1,4,0,6,64325710,9851cd40,8811
314,1,5,2,0,5,98,TRAINING,1,4,0,6,64320715,98510d4c,2659
314,1,5,2,0,5,99,TRAINING,2,1,0,3,64325710,9851cd40,7080
314,1,5,2,0,5,100,TRAINING,6,9,1,0,64325017,9851c04d,3353
314,1,5,2,0,5,101,TRAINING,3,5,1,6,64125037,9841c05d,3868
314,1,5,2,0,5,102,TRAINING,6,9,1,0,64725031,98d1c054,2344
314,1,5,2,0,5,103,TRAINING,7,13,0,2,65724031,9cd18054,1735
314,1,5,2,0,5,104,TRAINING,4,8,0,4,65724130,9cd18450,1854
314,1,5,2,0,5,105,TRAINING,0,0,1,6,65724103,9cd18405,1428
314,1,5,2,0,5,106,TRAINING,2,1,0,3,75624103,dc918405,2016
314,1,5,2,0,5,107,TRAINING,0,0,1,6,65724103,9cd18405,1986
314,1,5,2,0,5,108,TRAINING,7,13,0,0,75624103,dc918405,2428
314,1,5,2,0,5,109,TRAINING,3,5,1,7,75614203,dc948105,2022
314,1,5,2,0,5,110,TRAINING,5,12,1,1,75014263,dc048195,1997
314,1,5,2,0,5,111,TRAINING,4,8,0,3,75041263,dc084195,2236
314,1,5,2,0,5,112,TRAINING,5,12,1,1,75341260,dc584190,2807
314,1,5,2,0,5,113,TEST,7,13,0,1,false,2352
314,1,5,2,0,5,114,TEST,1,4,0,1,false,1944
314,1,5,2,0,5,115,TEST,5,12,1,0,false,750
314,1,5,2,0,5,116,TEST,3,5,1,1,true,956
314,1,5,2,0,5,117,TEST,4,8,0,0,true,1517
314,1,5,2,0,5,118,TEST,6,9,1,0,false,900
314,1,5,2,0,5,119,TEST,2,1,0,1,false,1659
314,1,5,2,0,5,120,TEST,0,0,1,1,true,1930
314,1,5,2,0,6,121,TRAINING,3,5,1,5,24107365,1840d59c,7085
314,1,5,2,0,6,122,TRAINING,4,8,0,1,24701365,18d0459c,6070
314,1,5,2,0,6,123,TRAINING,6,9,1,4,24706315,18d0954c,4096
314,1,5,2,0,6,124,TRAINING,7,13,0,2,24706135,18d0945c,2023
314,1,5,2,0,6,125,TRAINING,1,4,0,5,04726135,08d1945c,2486
314,1,5,2,0,6,126,TRAINING,0,0,1,0,04756132,08dc9451,2181
314,1,5,2,0,6,127,TRAINING,0,0,1,0,04753162,08dc5491,1613
314,1,5,2,0,6,128,TRAINING,2,1,0,7,07453162,0d8c5491,2051
314,1,5,2,0,6,129,TRAINING,3,5,1,1,03457162,058cd491,1797
314,1,5,2,0,6,130,TRAINING,6,9,1,3,03467152,0589d4c1,1794
314,1,5,2,0,6,131,TRAINING,5,12,1,6,03461752,05894dc1,1855
314,1,5,2,0,6,132,TRAINING,1,4,0,4,23461750,15894dc0,1832
314,1,5,2,0,6,133,TRAINING,5,12,1,6,63421750,95814dc0,2064
314,1,5,2,0,6,134,TRAINING,2,1,0,3,63721450,95d148c0,1953
314,1,5,2,0,6,135,TRAINING,7,13,0,2,03721456,05d148c9,1575
314,1,5,2,0,6,136,TRAINING,4,8,0,7,03721654,05d149c8,1915
314,1,5,2,0,6,137,TEST,1,4,0,0,true,1308
314,1,5,2,0,6,138,TEST,2,1,0,0,true,800
314,1,5,2,0,6,139,TEST,7,13,0,1,false,1638
314,1,5,2,0,6,140,TEST,4,8,0,1,false,1027
314,1,5,2,0,6,141,TEST,0,0,1,0,false,884
314,1,5,2,0,6,142,TEST,3,5,1,1,true,628
314,1,5,2,0,6,143,TEST,6,9,1,0,false,714
314,1,5,2,0,6,144,TEST,5,12,1,1,true,1506
314,1,5,2,0,7,145,TRAINING,2,1,0,1,72065143,d109c485,3489
314,1,5,2,0,7,146,TRAINING,7,13,0,0,72065134,d109c458,2599
314,1,5,2,0,7,147,TRAINING,1,4,0,5,72605134,d190c458,2160
314,1,5,2,0,7,148,TRAINING,4,8,0,7,70625134,d091c458,2988
314,1,5,2,0,7,149,TRAINING,5,12,1,4,70635124,d095c418,2126
314,1,5,2,0,7,150,TRAINING,4,8,0,7,70615324,d094c518,2294
314,1,5,2,0,7,151,TRAINING,3,5,1,5,71605324,d490c518,2048
314,1,5,2,0,7,152,TRAINING,5,12,1,3,71650324,d49c0518,2528
314,1,5,2,0,7,153,TRAINING,0,0,1,4,72650314,d19c0548,2294
314,1,5,2,0,7,154,TRAINING,6,9,1,0,62750314,91dc0548,3206
314,1,5,2,0,7,155,TRAINING,6,9,1,0,62750341,91dc0584,3016
314,1,5,2,0,7,156,TRAINING,0,0,1,5,62753041,91dc5084,1865
314,1,5,2,0,7,157,TRAINING,2,1,0,1,62743051,91d850c4,2137
314,1,5,2,0,7,158,TRAINING,7,13,0,3,62473051,918d50c4,2198
314,1,5,2,0,7,159,TRAINING,3,5,1,6,62475031,918dc054,2244
314,1,5,2,0,7,160,TRAINING,1,4,0,7,52476031,c18d9054,3502
314,1,5,2,0,7,161,TEST,6,9,1,0,false,5651
314,1,5,2,0,7,162,TEST,5,12,1,1,true,4078
314,1,5,2,0,7,163,TEST,7,13,0,1,false,1920
314,1,5,2,0,7,164,TEST,2,1,0,0,true,1111
314,1,5,2,0,7,165,TEST,1,4,0,0,true,1614
314,1,5,2,0,7,166,TEST,3,5,1,0,false,995
314,1,5,2,0,7,167,TEST,0,0,1,1,true,1238
314,1,5,2,0,7,168,TEST,4,8,0,0,true,1465
314,1,5,2,0,8,169,TRAINING,0,0,1,3,67504123,9dc08415,9314
314,1,5,2,0,8,170,TRAINING,6,9,1,2,57604123,cd908415,3030
314,1,5,2,0,8,171,TRAINING,6,9,1,2,53604127,c590841d,2539
314,1,5,2,0,8,172,TRAINING,7,13,0,7,52604137,c190845d,4353
314,1,5,2,0,8,173,TRAINING,3,5,1,6,50624137,c091845d,3004
314,1,5,2,0,8,174,TRAINING,0,0,1,1,50621437,c091485d,2542
314,1,5,2,0,8,175,TRAINING,5,12,1,7,70621435,d091485c,2084
314,1,5,2,0,8,176,TRAINING,5,12,1,7,60721435,90d1485c,1721
314,1,5,2,0,8,177,TRAINING,2,1,0,3,10726435,40d1985c,1932
314,1,5,2,0,8,178,TRAINING,1,4,0,0,16720435,49d1085c,2500
314,1,5,2,0,8,179,TRAINING,4,8,0,5,16723405,49d1580c,1831
314,1,5,2,0,8,180,TRAINING,4,8,0,5,16725403,49d1c805,1516
314,1,5,2,0,8,181,TRAINING,3,5,1,7,12765403,41d9c805,1953
314,1,5,2,0,8,182,TRAINING,2,1,0,1,12756403,41dc9805,1845
314,1,5,2,0,8,183,TRAINING,1,4,0,5,42756103,81dc9405,1762
314,1,5,2,0,8,184,TRAINING,7,13,0,2,02756143,01dc9485,1792
314,1,5,2,0,8,185,TEST,1,4,0,0,true,1407
314,1,5,2,0,8,186,TEST,0,0,1,1,true,1082
314,1,5,2,0,8,187,TEST,2,1,0,0,true,1028
314,1,5,2,0,8,188,TEST,5,12,1,1,true,836
314,1,5,2,0,8,189,TEST,6,9,1,1,true,662
314,1,5,2,0,8,190,TEST,3,5,1,0,false,3148
314,1,5,2,0,8,191,TEST,4,8,0,0,true,765
314,1,5,2,0,8,192,TEST,7,13,0,0,true,763
314,1,5,2,0,9,193,TRAINING,7,13,0,2,06714235,09d4815c,5328
314,1,5,2,0,9,194,TRAINING,4,8,0,4,60714235,90d4815c,2848
314,1,5,2,0,9,195,TRAINING,6,9,1,0,60714253,90d481c5,2356
314,1,5,2,0,9,196,TRAINING,5,12,1,6,60174253,904d81c5,3561
314,1,5,2,0,9,197,TRAINING,2,1,0,2,60274153,901d84c5,2075
314,1,5,2,0,9,198,TRAINING,0,0,1,1,60274351,901d85c4,2017
314,1,5,2,0,9,199,TRAINING,5,12,1,6,40276351,801d95c4,2258
314,1,5,2,0,9,200,TRAINING,1,4,0,5,40276153,801d94c5,2403
314,1,5,2,0,9,201,TRAINING,3,5,1,2,40376152,805d94c1,2258
314,1,5,2,0,9,202,TRAINING,3,5,1,2,70346152,d05894c1,2428
314,1,5,2,0,9,203,TRAINING,2,1,0,3,70326154,d05194c8,2908
314,1,5,2,0,9,204,TRAINING,4,8,0,5,70326451,d05198c4,2718
314,1,5,2,0,9,205,TRAINING,7,13,0,0,73026451,d50198c4,2881
314,1,5,2,0,9,206,TRAINING,6,9,1,4,71026453,d40198c5,2039
314,1,5,2,0,9,207,TRAINING,0,0,1,2,72016453,d10498c5,1863
314,1,5,2,0,9,208,TRAINING,1,4,0,3,74016253,d80491c5,2689
314,1,5,2,0,9,209,TEST,2,1,0,0,true,2354
314,1,5,2,0,9,210,TEST,6,9,1,1,true,1530
314,1,5,2,0,9,211,TEST,0,0,1,1,true,1103
314,1,5,2,0,9,212,TEST,7,13,0,0,true,2247
314,1,5,2,0,9,213,TEST,4,8,0,0,true,1869
314,1,5,2,0,9,214,TEST,1,4,0,0,true,3770
314,1,5,2,0,9,215,TEST,5,12,1,1,true,2491
314,1,5,2,0,9,216,TEST,3,5,1,1,true,1138
314,1,5,2,0,10,217,TRAINING,1,4,0,6,36472510,598d1c40,4664
314,1,5,2,0,10,218,TRAINING,3,5,1,0,34672510,589d1c40,10328
314,1,5,2,0,10,219,TRAINING,6,9,1,2,34652710,589c1d40,3793
314,1,5,2,0,10,220,TRAINING,1,4,0,6,34657210,589cd140,6094
314,1,5,2,0,10,221,TRAINING,5,12,1,3,34652710,589c1d40,5877
314,1,5,2,0,10,222,TRAINING,0,0,1,4,34650712,589c0d41,3947
314,1,5,2,0,10,223,TRAINING,5,12,1,3,34150762,584c0d91,7167
314,1,5,2,0,10,224,TRAINING,6,9,1,2,34650712,589c0d41,2378
314,1,5,2,0,10,225,TRAINING,2,1,0,5,34650217,589c014d,2855
314,1,5,2,0,10,226,TRAINING,4,8,0,1,34670215,589d014c,4010
314,1,5,2,0,10,227,TRAINING,7,13,0,3,64370215,985d014c,2915
314,1,5,2,0,10,228,TRAINING,7,13,0,3,64370512,985d0c41,2100
314,1,5,2,0,10,229,TRAINING,4,8,0,1,34670512,589d0c41,3061
314,1,5,2,0,10,230,TRAINING,3,5,1,6,14670532,489d0c51,4220
314,1,5,2,0,10,231,TRAINING,2,1,0,2,14270536,481d0c59,2441
314,1,5,2,0,10,232,TRAINING,0,0,1,1,10274536,401d8c59,4983
314,1,5,2,0,10,233,TEST,7,13,0,0,true,3061
314,1,5,2,0,10,234,TEST,3,5,1,1,true,2139
314,1,5,2,0,10,235,TEST,2,1,0,0,true,2915
314,1,5,2,0,10,236,TEST,0,0,1,1,true,5463
314,1,5,2,0,10,237,TEST,5,12,1,1,true,2052
314,1,5,2,0,10,238,TEST,6,9,1,1,true,2040
314,1,5,2,0,10,239,TEST,1,4,0,0,true,1553
314,1,5,2,0,10,240,TEST,4,8,0,0,true,4418
314,1,5,2,0,INSTRUCT,postquestionnaire,7

rulestrategy:B: with no stripes - blue with yellow border, purple with white border;
with stripes: the other way around;
A: the rest of them;
howtoimprove:
engagement:8
difficulty:10
physicalaids:no